DateTime,RealPower
2018-09-19 23:45:00,-0.956
2018-09-19 23:30:00,-0.953
2018-09-19 23:15:00,0.291
2018-09-19 23:00:00,0.507
2018-09-19 22:45:00,1.176
2018-09-19 22:30:00,2.677
2018-09-19 22:15:00,0.158
2018-09-19 22:00:00,6.854
2018-09-19 21:45:00,4.457
2018-09-19 21:30:00,5.533
2018-09-19 21:15:00,-0.631
2018-09-19 21:00:00,2.953
2018-09-19 20:45:00,7.046
2018-09-19 20:30:00,5.154
2018-09-19 20:15:00,4.282
2018-09-19 20:00:00,-1.124
2018-09-19 19:45:00,-1.682
2018-09-19 19:30:00,-3.347
2018-09-19 19:15:00,-3.452
2018-09-19 19:00:00,-7.784
2018-09-19 18:45:00,-3.112
2018-09-19 18:30:00,-4.498
2018-09-19 18:15:00,-5.161
2018-09-19 18:00:00,-8.795
2018-09-19 17:45:00,-1.763
2018-09-19 17:30:00,-0.959
2018-09-19 17:15:00,-0.96
2018-09-19 17:00:00,-0.961
2018-09-19 16:45:00,-0.959
2018-09-19 16:30:00,-0.957
2018-09-19 16:15:00,-0.956
2018-09-19 16:00:00,-0.956
2018-09-19 15:45:00,-0.961
2018-09-19 15:30:00,-0.962
2018-09-19 15:15:00,-0.961
2018-09-19 15:00:00,-0.958
2018-09-19 14:45:00,-0.962
2018-09-19 14:30:00,-0.961
2018-09-19 14:15:00,-0.961
2018-09-19 14:00:00,-0.955
2018-09-19 13:45:00,-0.955
2018-09-19 13:30:00,-0.953
2018-09-19 13:15:00,-0.95
2018-09-19 13:00:00,-0.948
2018-09-19 12:45:00,-0.949
2018-09-19 12:30:00,-0.946
2018-09-19 12:15:00,-0.946
2018-09-19 12:00:00,-0.947
2018-09-19 11:45:00,-0.947
2018-09-19 11:30:00,-0.951
2018-09-19 11:15:00,-0.952
2018-09-19 11:00:00,-0.95
2018-09-19 10:45:00,-0.954
2018-09-19 10:30:00,-0.95
2018-09-19 10:15:00,-0.94
2018-09-19 10:00:00,49.16
2018-09-19 09:45:00,71.742
2018-09-19 09:30:00,60.447
2018-09-19 09:15:00,33.979
2018-09-19 09:00:00,21.324
2018-09-19 08:45:00,0.173
2018-09-19 08:30:00,-14.71
2018-09-19 08:15:00,-18.337
2018-09-19 08:00:00,-14.724
2018-09-19 07:45:00,-26.916
2018-09-19 07:30:00,-41.306
2018-09-19 07:15:00,-39.427
2018-09-19 07:00:00,-26.922
2018-09-19 06:45:00,-18.278
2018-09-19 06:30:00,-3.69
2018-09-19 06:15:00,-1.696
2018-09-19 06:00:00,-2.084
2018-09-19 05:45:00,-1.6
2018-09-19 05:30:00,-0.954
2018-09-19 05:15:00,-0.947
2018-09-19 05:00:00,-0.947
2018-09-19 04:45:00,-0.76
2018-09-19 04:30:00,1.129
2018-09-19 04:15:00,0.725
2018-09-19 04:00:00,1.269
2018-09-19 03:45:00,1.301
2018-09-19 03:30:00,2.038
2018-09-19 03:15:00,0.949
2018-09-19 03:00:00,5.368
2018-09-19 02:45:00,6.407
2018-09-19 02:30:00,6.886
2018-09-19 02:15:00,7.269
2018-09-19 02:00:00,6.866
2018-09-19 01:45:00,5.974
2018-09-19 01:30:00,7.831
2018-09-19 01:15:00,3.24
2018-09-19 01:00:00,-2.077
2018-09-19 00:45:00,5.721
2018-09-19 00:30:00,6.064
2018-09-19 00:15:00,6.827
2018-09-19 00:00:00,4.437
2018-09-18 23:45:00,5.047
2018-09-18 23:30:00,7.307
2018-09-18 23:15:00,5.944
2018-09-18 23:00:00,7.226
2018-09-18 22:45:00,2.883
2018-09-18 22:30:00,1.14
2018-09-18 22:15:00,6.945
2018-09-18 22:00:00,4.389
2018-09-18 21:45:00,6.761
2018-09-18 21:30:00,7.261
2018-09-18 21:15:00,0.309
2018-09-18 21:00:00,-1.215
2018-09-18 20:45:00,2.666
2018-09-18 20:30:00,6.324
2018-09-18 20:15:00,4.7
2018-09-18 20:00:00,0.958
2018-09-18 19:45:00,-1.601
2018-09-18 19:30:00,-3.627
2018-09-18 19:15:00,-2.545
2018-09-18 19:00:00,-6.63
2018-09-18 18:45:00,-16.596
2018-09-18 18:30:00,-10.179
2018-09-18 18:15:00,-22.648
2018-09-18 18:00:00,-31.952
2018-09-18 17:45:00,-22.077
2018-09-18 17:30:00,-7.014
2018-09-18 17:15:00,-1.259
2018-09-18 17:00:00,-0.962
2018-09-18 16:45:00,-0.962
2018-09-18 16:30:00,-0.965
2018-09-18 16:15:00,-0.964
2018-09-18 16:00:00,-0.961
2018-09-18 15:45:00,-0.964
2018-09-18 15:30:00,-0.967
2018-09-18 15:15:00,-0.965
2018-09-18 15:00:00,-0.964
2018-09-18 14:45:00,-0.965
2018-09-18 14:30:00,-0.962
2018-09-18 14:15:00,-0.965
2018-09-18 14:00:00,-0.963
2018-09-18 13:45:00,-0.96
2018-09-18 13:30:00,-0.96
2018-09-18 13:15:00,-0.959
2018-09-18 13:00:00,-0.95
2018-09-18 12:45:00,-0.948
2018-09-18 12:30:00,-0.217
2018-09-18 12:15:00,-0.952
2018-09-18 12:00:00,-0.95
2018-09-18 11:45:00,-0.948
2018-09-18 11:30:00,-0.948
2018-09-18 11:15:00,-0.949
2018-09-18 11:00:00,-0.952
2018-09-18 10:45:00,-0.953
2018-09-18 10:30:00,-0.952
2018-09-18 10:15:00,-0.944
2018-09-18 10:00:00,-0.399
2018-09-18 09:45:00,-0.946
2018-09-18 09:30:00,-0.942
2018-09-18 09:15:00,-0.627
2018-09-18 09:00:00,-0.944
2018-09-18 08:45:00,-0.942
2018-09-18 08:30:00,-0.582
2018-09-18 08:15:00,-0.453
2018-09-18 08:00:00,0.951
2018-09-18 07:45:00,-0.458
2018-09-18 07:30:00,2.708
2018-09-18 07:15:00,1.421
2018-09-18 07:00:00,-1.767
2018-09-18 06:45:00,-1.237
2018-09-18 06:30:00,-1.135
2018-09-18 06:15:00,-0.938
2018-09-18 06:00:00,-0.946
2018-09-18 05:45:00,-0.952
2018-09-18 05:30:00,-0.951
2018-09-18 05:15:00,-0.947
2018-09-18 05:00:00,-0.67
2018-09-18 04:45:00,2.391
2018-09-18 04:30:00,5.337
2018-09-18 04:15:00,6.979
2018-09-18 04:00:00,7.488
2018-09-18 03:45:00,6.717
2018-09-18 03:30:00,7.302
2018-09-18 03:15:00,8.431
2018-09-18 03:00:00,5.55
2018-09-18 02:45:00,8.413
2018-09-18 02:30:00,6.334
2018-09-18 02:15:00,7.203
2018-09-18 02:00:00,7.501
2018-09-18 01:45:00,6.972
2018-09-18 01:30:00,7.158
2018-09-18 01:15:00,6.532
2018-09-18 01:00:00,6.093
2018-09-18 00:45:00,7.374
2018-09-18 00:30:00,5.875
2018-09-18 00:15:00,7.138
2018-09-18 00:00:00,6.533
2018-09-17 23:45:00,7.028
2018-09-17 23:30:00,7.284
2018-09-17 23:15:00,1.31
2018-09-17 23:00:00,5.683
2018-09-17 22:45:00,7.554
2018-09-17 22:30:00,2.679
2018-09-17 22:15:00,3.545
2018-09-17 22:00:00,4.224
2018-09-17 21:45:00,5.483
2018-09-17 21:30:00,-1.162
2018-09-17 21:15:00,-4.58
2018-09-17 21:00:00,-1.821
2018-09-17 20:45:00,1.156
2018-09-17 20:30:00,-1.641
2018-09-17 20:15:00,-4.894
2018-09-17 20:00:00,-23.928
2018-09-17 19:45:00,-24.497
2018-09-17 19:30:00,-29.772
2018-09-17 19:15:00,-22.716
2018-09-17 19:00:00,-10.304
2018-09-17 18:45:00,-8.29
2018-09-17 18:30:00,-7.996
2018-09-17 18:15:00,-6.976
2018-09-17 18:00:00,-9.938
2018-09-17 17:45:00,-0.964
2018-09-17 17:30:00,-0.964
2018-09-17 17:15:00,-0.961
2018-09-17 17:00:00,-0.958
2018-09-17 16:45:00,-0.959
2018-09-17 16:30:00,-0.963
2018-09-17 16:15:00,-0.964
2018-09-17 16:00:00,-0.579
2018-09-17 15:45:00,-0.963
2018-09-17 15:30:00,-0.962
2018-09-17 15:15:00,-0.967
2018-09-17 15:00:00,-0.958
2018-09-17 14:45:00,-0.956
2018-09-17 14:30:00,-0.956
2018-09-17 14:15:00,-0.952
2018-09-17 14:00:00,-0.954
2018-09-17 13:45:00,-0.956
2018-09-17 13:30:00,-0.952
2018-09-17 13:15:00,-0.954
2018-09-17 13:00:00,-0.956
2018-09-17 12:45:00,-0.951
2018-09-17 12:30:00,-0.951
2018-09-17 12:15:00,-0.953
2018-09-17 12:00:00,-0.122
2018-09-17 11:45:00,-0.958
2018-09-17 11:30:00,-0.959
2018-09-17 11:15:00,-0.961
2018-09-17 11:00:00,-0.959
2018-09-17 10:45:00,-0.334
2018-09-17 10:30:00,-0.948
2018-09-17 10:15:00,-0.434
2018-09-17 10:00:00,-0.967
2018-09-17 09:45:00,-0.253
2018-09-17 09:30:00,-0.955
2018-09-17 09:15:00,-0.947
2018-09-17 09:00:00,39.895
2018-09-17 08:45:00,23.419
2018-09-17 08:30:00,9.241
2018-09-17 08:15:00,12.231
2018-09-17 08:00:00,1.283
2018-09-17 07:45:00,-1.363
2018-09-17 07:30:00,-10.001
2018-09-17 07:15:00,-24.404
2018-09-17 07:00:00,-8.019
2018-09-17 06:45:00,-9.107
2018-09-17 06:30:00,-7.847
2018-09-17 06:15:00,-5.801
2018-09-17 06:00:00,-2.008
2018-09-17 05:45:00,-1.766
2018-09-17 05:30:00,-2.461
2018-09-17 05:15:00,-2.04
2018-09-17 05:00:00,-1.066
2018-09-17 04:45:00,0.393
2018-09-17 04:30:00,1.1
2018-09-17 04:15:00,1.13
2018-09-17 04:00:00,0.387
2018-09-17 03:45:00,1.453
2018-09-17 03:30:00,1.044
2018-09-17 03:15:00,2.208
2018-09-17 03:00:00,4.329
2018-09-17 02:45:00,4.934
2018-09-17 02:30:00,6.33
2018-09-17 02:15:00,3.449
2018-09-17 02:00:00,5.754
2018-09-17 01:45:00,4.319
2018-09-17 01:30:00,-0.938
2018-09-17 01:15:00,4.935
2018-09-17 01:00:00,4.679
2018-09-17 00:45:00,5.348
2018-09-17 00:30:00,3.689
2018-09-17 00:15:00,4.018
2018-09-17 00:00:00,5.526
2018-09-16 23:45:00,-0.545
2018-09-16 23:30:00,4.228
2018-09-16 23:15:00,5.48
2018-09-16 23:00:00,2.86
2018-09-16 22:45:00,-1.228
2018-09-16 22:30:00,2.683
2018-09-16 22:15:00,4.971
2018-09-16 22:00:00,-1.444
2018-09-16 21:45:00,-1.12
2018-09-16 21:30:00,1.349
2018-09-16 21:15:00,-0.141
2018-09-16 21:00:00,-8.752
2018-09-16 20:45:00,-1.201
2018-09-16 20:30:00,-1.261
2018-09-16 20:15:00,-6.039
2018-09-16 20:00:00,-6.247
2018-09-16 19:45:00,-0.953
2018-09-16 19:30:00,-4.009
2018-09-16 19:15:00,-8.544
2018-09-16 19:00:00,-10.109
2018-09-16 18:45:00,-7.037
2018-09-16 18:30:00,-6.365
2018-09-16 18:15:00,-1.042
2018-09-16 18:00:00,-0.524
2018-09-16 17:45:00,-0.958
2018-09-16 17:30:00,-0.962
2018-09-16 17:15:00,-0.963
2018-09-16 17:00:00,-0.96
2018-09-16 16:45:00,-0.96
2018-09-16 16:30:00,-0.96
2018-09-16 16:15:00,-0.961
2018-09-16 16:00:00,-0.959
2018-09-16 15:45:00,-0.958
2018-09-16 15:30:00,-0.958
2018-09-16 15:15:00,-0.959
2018-09-16 15:00:00,-0.955
2018-09-16 14:45:00,-0.954
2018-09-16 14:30:00,-0.956
2018-09-16 14:15:00,-0.958
2018-09-16 14:00:00,-0.959
2018-09-16 13:45:00,-0.96
2018-09-16 13:30:00,-0.96
2018-09-16 13:15:00,-0.958
2018-09-16 13:00:00,-0.183
2018-09-16 12:45:00,-0.956
2018-09-16 12:30:00,-0.946
2018-09-16 12:15:00,-0.948
2018-09-16 12:00:00,-0.948
2018-09-16 11:45:00,-0.951
2018-09-16 11:30:00,-0.955
2018-09-16 11:15:00,-0.956
2018-09-16 11:00:00,-0.959
2018-09-16 10:45:00,-0.953
2018-09-16 10:30:00,0.006
2018-09-16 10:15:00,-0.94
2018-09-16 10:00:00,-0.943
2018-09-16 09:45:00,-0.938
2018-09-16 09:30:00,-0.94
2018-09-16 09:15:00,-0.941
2018-09-16 09:00:00,-0.945
2018-09-16 08:45:00,-0.946
2018-09-16 08:30:00,-0.944
2018-09-16 08:15:00,-0.941
2018-09-16 08:00:00,-0.94
2018-09-16 07:45:00,-0.939
2018-09-16 07:30:00,-0.024
2018-09-16 07:15:00,1.074
2018-09-16 07:00:00,0.936
2018-09-16 06:45:00,1.206
2018-09-16 06:30:00,0.444
2018-09-16 06:15:00,-0.659
2018-09-16 06:00:00,-0.387
2018-09-16 05:45:00,0.845
2018-09-16 05:30:00,1.164
2018-09-16 05:15:00,1.383
2018-09-16 05:00:00,1.577
2018-09-16 04:45:00,1.812
2018-09-16 04:30:00,5.591
2018-09-16 04:15:00,5.757
2018-09-16 04:00:00,5.106
2018-09-16 03:45:00,5.717
2018-09-16 03:30:00,4.056
2018-09-16 03:15:00,5.767
2018-09-16 03:00:00,5.536
2018-09-16 02:45:00,4.024
2018-09-16 02:30:00,6.042
2018-09-16 02:15:00,4.133
2018-09-16 02:00:00,2.851
2018-09-16 01:45:00,1.473
2018-09-16 01:30:00,3.901
2018-09-16 01:15:00,4.578
2018-09-16 01:00:00,4.32
2018-09-16 00:45:00,5.04
2018-09-16 00:30:00,4.829
2018-09-16 00:15:00,1.207
2018-09-16 00:00:00,5.0
2018-09-15 23:45:00,5.009
2018-09-15 23:30:00,4.61
2018-09-15 23:15:00,-2.037
2018-09-15 23:00:00,2.715
2018-09-15 22:45:00,4.747
2018-09-15 22:30:00,0.358
2018-09-15 22:15:00,-2.576
2018-09-15 22:00:00,1.989
2018-09-15 21:45:00,1.027
2018-09-15 21:30:00,-8.588
2018-09-15 21:15:00,-4.309
2018-09-15 21:00:00,-1.364
2018-09-15 20:45:00,-2.764
2018-09-15 20:30:00,-8.864
2018-09-15 20:15:00,-2.606
2018-09-15 20:00:00,-2.647
2018-09-15 19:45:00,-7.692
2018-09-15 19:30:00,-10.266
2018-09-15 19:15:00,-10.471
2018-09-15 19:00:00,-9.945
2018-09-15 18:45:00,-9.338
2018-09-15 18:30:00,-7.624
2018-09-15 18:15:00,-1.079
2018-09-15 18:00:00,-0.953
2018-09-15 17:45:00,-0.96
2018-09-15 17:30:00,-0.957
2018-09-15 17:15:00,-0.954
2018-09-15 17:00:00,-0.953
2018-09-15 16:45:00,-0.954
2018-09-15 16:30:00,-0.949
2018-09-15 16:15:00,-0.202
2018-09-15 16:00:00,-0.951
2018-09-15 15:45:00,-0.953
2018-09-15 15:30:00,-0.954
2018-09-15 15:15:00,-0.953
2018-09-15 15:00:00,-0.946
2018-09-15 14:45:00,-0.948
2018-09-15 14:30:00,-0.949
2018-09-15 14:15:00,-0.947
2018-09-15 14:00:00,-0.947
2018-09-15 13:45:00,-0.947
2018-09-15 13:30:00,-0.948
2018-09-15 13:15:00,-0.169
2018-09-15 13:00:00,-0.948
2018-09-15 12:45:00,-0.95
2018-09-15 12:30:00,-0.952
2018-09-15 12:15:00,-0.952
2018-09-15 12:00:00,-0.95
2018-09-15 11:45:00,0.305
2018-09-15 11:30:00,-0.554
2018-09-15 11:15:00,-0.956
2018-09-15 11:00:00,-0.864
2018-09-15 10:45:00,-0.269
2018-09-15 10:30:00,-0.946
2018-09-15 10:15:00,0.502
2018-09-15 10:00:00,-0.249
2018-09-15 09:45:00,-0.429
2018-09-15 09:30:00,2.264
2018-09-15 09:15:00,1.757
2018-09-15 09:00:00,14.675
2018-09-15 08:45:00,49.155
2018-09-15 08:30:00,50.442
2018-09-15 08:15:00,19.841
2018-09-15 08:00:00,7.907
2018-09-15 07:45:00,6.401
2018-09-15 07:30:00,2.479
2018-09-15 07:15:00,8.312
2018-09-15 07:00:00,4.246
2018-09-15 06:45:00,1.599
2018-09-15 06:30:00,3.13
2018-09-15 06:15:00,1.125
2018-09-15 06:00:00,1.867
2018-09-15 05:45:00,5.636
2018-09-15 05:30:00,1.205
2018-09-15 05:15:00,0.433
2018-09-15 05:00:00,0.614
2018-09-15 04:45:00,3.051
2018-09-15 04:30:00,3.075
2018-09-15 04:15:00,0.817
2018-09-15 04:00:00,2.335
2018-09-15 03:45:00,4.837
2018-09-15 03:30:00,1.506
2018-09-15 03:15:00,0.075
2018-09-15 03:00:00,3.403
2018-09-15 02:45:00,1.15
2018-09-15 02:30:00,3.862
2018-09-15 02:15:00,3.344
2018-09-15 02:00:00,3.523
2018-09-15 01:45:00,2.699
2018-09-15 01:30:00,1.013
2018-09-15 01:15:00,0.656
2018-09-15 01:00:00,-1.385
2018-09-15 00:45:00,2.478
2018-09-15 00:30:00,3.628
2018-09-15 00:15:00,0.209
2018-09-15 00:00:00,-2.481
2018-09-14 23:45:00,1.966
2018-09-14 23:30:00,1.715
2018-09-14 23:15:00,-5.523
2018-09-14 23:00:00,2.061
2018-09-14 22:45:00,2.226
2018-09-14 22:30:00,-0.504
2018-09-14 22:15:00,-5.353
2018-09-14 22:00:00,-1.991
2018-09-14 21:45:00,0.554
2018-09-14 21:30:00,-3.591
2018-09-14 21:15:00,-11.034
2018-09-14 21:00:00,-9.206
2018-09-14 20:45:00,-9.224
2018-09-14 20:30:00,-13.517
2018-09-14 20:15:00,-9.703
2018-09-14 20:00:00,-11.367
2018-09-14 19:45:00,-13.067
2018-09-14 19:30:00,-13.122
2018-09-14 19:15:00,-12.834
2018-09-14 19:00:00,-15.637
2018-09-14 18:45:00,-12.322
2018-09-14 18:30:00,-13.578
2018-09-14 18:15:00,-14.725
2018-09-14 18:00:00,-14.673
2018-09-14 17:45:00,-5.976
2018-09-14 17:30:00,-1.241
2018-09-14 17:15:00,-0.966
2018-09-14 17:00:00,-0.966
2018-09-14 16:45:00,-0.965
2018-09-14 16:30:00,-0.965
2018-09-14 16:15:00,-0.964
2018-09-14 16:00:00,-0.962
2018-09-14 15:45:00,-0.962
2018-09-14 15:30:00,-0.964
2018-09-14 15:15:00,-0.965
2018-09-14 15:00:00,-0.964
2018-09-14 14:45:00,-0.959
2018-09-14 14:30:00,-0.957
2018-09-14 14:15:00,-0.956
2018-09-14 14:00:00,-0.956
2018-09-14 13:45:00,-0.957
2018-09-14 13:30:00,-0.954
2018-09-14 13:15:00,-0.953
2018-09-14 13:00:00,-0.957
2018-09-14 12:45:00,-0.955
2018-09-14 12:30:00,-0.95
2018-09-14 12:15:00,-0.952
2018-09-14 12:00:00,-0.952
2018-09-14 11:45:00,-0.95
2018-09-14 11:30:00,-0.951
2018-09-14 11:15:00,-0.952
2018-09-14 11:00:00,-0.95
2018-09-14 10:45:00,-0.955
2018-09-14 10:30:00,-0.948
2018-09-14 10:15:00,-0.943
2018-09-14 10:00:00,22.877
2018-09-14 09:45:00,77.662
2018-09-14 09:30:00,64.001
2018-09-14 09:15:00,35.763
2018-09-14 09:00:00,19.742
2018-09-14 08:45:00,24.764
2018-09-14 08:30:00,21.012
2018-09-14 08:15:00,6.996
2018-09-14 08:00:00,-13.549
2018-09-14 07:45:00,-5.22
2018-09-14 07:30:00,-17.192
2018-09-14 07:15:00,-24.517
2018-09-14 07:00:00,-27.766
2018-09-14 06:45:00,-27.623
2018-09-14 06:30:00,-5.624
2018-09-14 06:15:00,-2.717
2018-09-14 06:00:00,-2.817
2018-09-14 05:45:00,-4.292
2018-09-14 05:30:00,-3.075
2018-09-14 05:15:00,-3.031
2018-09-14 05:00:00,0.943
2018-09-14 04:45:00,1.353
2018-09-14 04:30:00,2.503
2018-09-14 04:15:00,2.483
2018-09-14 04:00:00,1.291
2018-09-14 03:45:00,3.196
2018-09-14 03:30:00,2.467
2018-09-14 03:15:00,1.501
2018-09-14 03:00:00,2.965
2018-09-14 02:45:00,-2.395
2018-09-14 02:30:00,3.068
2018-09-14 02:15:00,1.643
2018-09-14 02:00:00,2.792
2018-09-14 01:45:00,2.098
2018-09-14 01:30:00,0.741
2018-09-14 01:15:00,-2.351
2018-09-14 01:00:00,3.007
2018-09-14 00:45:00,0.474
2018-09-14 00:30:00,0.282
2018-09-14 00:15:00,-1.339
2018-09-14 00:00:00,0.324
2018-09-13 23:45:00,2.771
2018-09-13 23:30:00,-2.23
2018-09-13 23:15:00,0.08
2018-09-13 23:00:00,0.995
2018-09-13 22:45:00,1.924
2018-09-13 22:30:00,-4.142
2018-09-13 22:15:00,2.003
2018-09-13 22:00:00,0.695
2018-09-13 21:45:00,-2.229
2018-09-13 21:30:00,-3.221
2018-09-13 21:15:00,-1.348
2018-09-13 21:00:00,-6.18
2018-09-13 20:45:00,-9.054
2018-09-13 20:30:00,-1.116
2018-09-13 20:15:00,-1.181
2018-09-13 20:00:00,-8.572
2018-09-13 19:45:00,-10.013
2018-09-13 19:30:00,-10.562
2018-09-13 19:15:00,-10.937
2018-09-13 19:00:00,-13.016
2018-09-13 18:45:00,-11.336
2018-09-13 18:30:00,-7.886
2018-09-13 18:15:00,-7.088
2018-09-13 18:00:00,-11.72
2018-09-13 17:45:00,-8.849
2018-09-13 17:30:00,-2.575
2018-09-13 17:15:00,-0.961
2018-09-13 17:00:00,-0.954
2018-09-13 16:45:00,-0.965
2018-09-13 16:30:00,-0.964
2018-09-13 16:15:00,-0.962
2018-09-13 16:00:00,-0.966
2018-09-13 15:45:00,-0.966
2018-09-13 15:30:00,-0.964
2018-09-13 15:15:00,-0.963
2018-09-13 15:00:00,-0.954
2018-09-13 14:45:00,-0.95
2018-09-13 14:30:00,-0.951
2018-09-13 14:15:00,-0.951
2018-09-13 14:00:00,-0.952
2018-09-13 13:45:00,-0.953
2018-09-13 13:30:00,-0.956
2018-09-13 13:15:00,-0.959
2018-09-13 13:00:00,-0.949
2018-09-13 12:45:00,-0.949
2018-09-13 12:30:00,-0.954
2018-09-13 12:15:00,-0.955
2018-09-13 12:00:00,-0.957
2018-09-13 11:45:00,-0.958
2018-09-13 11:30:00,-0.959
2018-09-13 11:15:00,-0.95
2018-09-13 11:00:00,-0.943
2018-09-13 10:45:00,-0.94
2018-09-13 10:30:00,-0.943
2018-09-13 10:15:00,43.025
2018-09-13 10:00:00,65.373
2018-09-13 09:45:00,56.871
2018-09-13 09:30:00,41.535
2018-09-13 09:15:00,47.922
2018-09-13 09:00:00,13.416
2018-09-13 08:45:00,-0.319
2018-09-13 08:30:00,-23.397
2018-09-13 08:15:00,-20.748
2018-09-13 08:00:00,-23.523
2018-09-13 07:45:00,-31.406
2018-09-13 07:30:00,-25.275
2018-09-13 07:15:00,-35.259
2018-09-13 07:00:00,-35.045
2018-09-13 06:45:00,-21.111
2018-09-13 06:30:00,-3.966
2018-09-13 06:15:00,-2.596
2018-09-13 06:00:00,-2.228
2018-09-13 05:45:00,-2.682
2018-09-13 05:30:00,-2.218
2018-09-13 05:15:00,-2.381
2018-09-13 05:00:00,-0.053
2018-09-13 04:45:00,3.621
2018-09-13 04:30:00,3.532
2018-09-13 04:15:00,1.819
2018-09-13 04:00:00,4.002
2018-09-13 03:45:00,2.497
2018-09-13 03:30:00,3.699
2018-09-13 03:15:00,4.502
2018-09-13 03:00:00,2.166
2018-09-13 02:45:00,3.676
2018-09-13 02:30:00,2.078
2018-09-13 02:15:00,1.58
2018-09-13 02:00:00,1.816
2018-09-13 01:45:00,2.547
2018-09-13 01:30:00,1.064
2018-09-13 01:15:00,3.096
2018-09-13 01:00:00,1.938
2018-09-13 00:45:00,2.783
2018-09-13 00:30:00,2.927
2018-09-13 00:15:00,1.029
2018-09-13 00:00:00,-1.202
2018-09-12 23:45:00,1.888
2018-09-12 23:30:00,1.106
2018-09-12 23:15:00,2.457
2018-09-12 23:00:00,-1.115
2018-09-12 22:45:00,-1.111
2018-09-12 22:30:00,1.338
2018-09-12 22:15:00,1.136
2018-09-12 22:00:00,-2.178
2018-09-12 21:45:00,-1.637
2018-09-12 21:30:00,-0.474
2018-09-12 21:15:00,-1.135
2018-09-12 21:00:00,-2.698
2018-09-12 20:45:00,-7.011
2018-09-12 20:30:00,-5.918
2018-09-12 20:15:00,-3.731
2018-09-12 20:00:00,-3.8
2018-09-12 19:45:00,-3.205
2018-09-12 19:30:00,-8.275
2018-09-12 19:15:00,-15.229
2018-09-12 19:00:00,-14.887
2018-09-12 18:45:00,-8.481
2018-09-12 18:30:00,-4.001
2018-09-12 18:15:00,-5.439
2018-09-12 18:00:00,-8.396
2018-09-12 17:45:00,-2.935
2018-09-12 17:30:00,-0.982
2018-09-12 17:15:00,-0.951
2018-09-12 17:00:00,-0.959
2018-09-12 16:45:00,-0.958
2018-09-12 16:30:00,-0.956
2018-09-12 16:15:00,-0.957
2018-09-12 16:00:00,-0.951
2018-09-12 15:45:00,50.593
2018-09-12 15:30:00,79.305
2018-09-12 15:15:00,88.004
2018-09-12 15:00:00,88.753
2018-09-12 14:45:00,97.721
2018-09-12 14:30:00,92.11
2018-09-12 14:15:00,92.14
2018-09-12 14:00:00,93.1
2018-09-12 13:45:00,97.302
2018-09-12 13:30:00,92.269
2018-09-12 13:15:00,96.579
2018-09-12 13:00:00,97.981
2018-09-12 12:45:00,31.662
2018-09-12 12:30:00,-0.958
2018-09-12 12:15:00,-0.957
2018-09-12 12:00:00,-0.957
2018-09-12 11:45:00,-0.954
2018-09-12 11:30:00,-0.952
2018-09-12 11:15:00,-0.989
2018-09-12 11:00:00,-19.165
2018-09-12 10:45:00,-71.612
2018-09-12 10:30:00,-72.002
2018-09-12 10:15:00,-72.193
2018-09-12 10:00:00,-72.302
2018-09-12 09:45:00,-72.361
2018-09-12 09:30:00,-72.542
2018-09-12 09:15:00,-72.848
2018-09-12 09:00:00,-73.289
2018-09-12 08:45:00,-73.787
2018-09-12 08:30:00,-74.274
2018-09-12 08:15:00,-74.807
2018-09-12 08:00:00,-22.122
2018-09-12 07:45:00,-4.319
2018-09-12 07:30:00,-7.922
2018-09-12 07:15:00,-18.937
2018-09-12 07:00:00,-19.603
2018-09-12 06:45:00,-8.424
2018-09-12 06:30:00,-4.665
2018-09-12 06:15:00,-3.275
2018-09-12 06:00:00,-6.899
2018-09-12 05:45:00,-2.293
2018-09-12 05:30:00,-2.237
2018-09-12 05:15:00,-2.655
2018-09-12 05:00:00,-0.889
2018-09-12 04:45:00,0.771
2018-09-12 04:30:00,0.574
2018-09-12 04:15:00,0.9
2018-09-12 04:00:00,1.103
2018-09-12 03:45:00,0.626
2018-09-12 03:30:00,1.185
2018-09-12 03:15:00,-0.151
2018-09-12 03:00:00,0.58
2018-09-12 02:45:00,0.392
2018-09-12 02:30:00,0.806
2018-09-12 02:15:00,1.631
2018-09-12 02:00:00,-0.489
2018-09-12 01:45:00,0.919
2018-09-12 01:30:00,1.132
2018-09-12 01:15:00,0.263
2018-09-12 01:00:00,2.237
2018-09-12 00:45:00,-1.305
2018-09-12 00:30:00,1.945
2018-09-12 00:15:00,3.675
2018-09-12 00:00:00,-1.473
2018-09-11 23:45:00,3.244
2018-09-11 23:30:00,2.058
2018-09-11 23:15:00,-0.02
2018-09-11 23:00:00,1.126
2018-09-11 22:45:00,3.056
2018-09-11 22:30:00,1.887
2018-09-11 22:15:00,-1.421
2018-09-11 22:00:00,1.966
2018-09-11 21:45:00,0.693
2018-09-11 21:30:00,-0.534
2018-09-11 21:15:00,2.904
2018-09-11 21:00:00,2.149
2018-09-11 20:45:00,-2.033
2018-09-11 20:30:00,3.813
2018-09-11 20:15:00,1.192
2018-09-11 20:00:00,-4.575
2018-09-11 19:45:00,3.308
2018-09-11 19:30:00,0.895
2018-09-11 19:15:00,-3.19
2018-09-11 19:00:00,-3.999
2018-09-11 18:45:00,-5.363
2018-09-11 18:30:00,-1.271
2018-09-11 18:15:00,-2.417
2018-09-11 18:00:00,-2.313
2018-09-11 17:45:00,-0.963
2018-09-11 17:30:00,-0.963
2018-09-11 17:15:00,-0.964
2018-09-11 17:00:00,-0.963
2018-09-11 16:45:00,-0.967
2018-09-11 16:30:00,-0.965
2018-09-11 16:15:00,-0.963
2018-09-11 16:00:00,-0.963
2018-09-11 15:45:00,-0.963
2018-09-11 15:30:00,-0.958
2018-09-11 15:15:00,-0.959
2018-09-11 15:00:00,-0.96
2018-09-11 14:45:00,-0.962
2018-09-11 14:30:00,-0.963
2018-09-11 14:15:00,-0.96
2018-09-11 14:00:00,-0.957
2018-09-11 13:45:00,-0.957
2018-09-11 13:30:00,-0.949
2018-09-11 13:15:00,-0.948
2018-09-11 13:00:00,-0.949
2018-09-11 12:45:00,-0.95
2018-09-11 12:30:00,-0.952
2018-09-11 12:15:00,-0.954
2018-09-11 12:00:00,-0.955
2018-09-11 11:45:00,-0.959
2018-09-11 11:30:00,-0.96
2018-09-11 11:15:00,-0.957
2018-09-11 11:00:00,-0.958
2018-09-11 10:45:00,-0.96
2018-09-11 10:30:00,-0.947
2018-09-11 10:15:00,-0.939
2018-09-11 10:00:00,65.171
2018-09-11 09:45:00,69.642
2018-09-11 09:30:00,49.581
2018-09-11 09:15:00,33.503
2018-09-11 09:00:00,15.374
2018-09-11 08:45:00,-1.668
2018-09-11 08:30:00,-9.036
2018-09-11 08:15:00,-6.751
2018-09-11 08:00:00,-27.271
2018-09-11 07:45:00,-11.841
2018-09-11 07:30:00,-17.684
2018-09-11 07:15:00,-25.051
2018-09-11 07:00:00,-34.736
2018-09-11 06:45:00,-15.446
2018-09-11 06:30:00,-5.668
2018-09-11 06:15:00,-2.466
2018-09-11 06:00:00,-2.703
2018-09-11 05:45:00,-3.448
2018-09-11 05:30:00,-1.824
2018-09-11 05:15:00,-1.233
2018-09-11 05:00:00,-1.172
2018-09-11 04:45:00,5.517
2018-09-11 04:30:00,1.567
2018-09-11 04:15:00,3.173
2018-09-11 04:00:00,4.357
2018-09-11 03:45:00,2.17
2018-09-11 03:30:00,4.514
2018-09-11 03:15:00,3.902
2018-09-11 03:00:00,3.504
2018-09-11 02:45:00,6.164
2018-09-11 02:30:00,3.64
2018-09-11 02:15:00,4.339
2018-09-11 02:00:00,4.496
2018-09-11 01:45:00,2.598
2018-09-11 01:30:00,4.499
2018-09-11 01:15:00,3.422
2018-09-11 01:00:00,2.78
2018-09-11 00:45:00,5.232
2018-09-11 00:30:00,2.103
2018-09-11 00:15:00,4.093
2018-09-11 00:00:00,4.143
2018-09-10 23:45:00,-1.202
2018-09-10 23:30:00,3.548
2018-09-10 23:15:00,2.956
2018-09-10 23:00:00,3.361
2018-09-10 22:45:00,5.61
2018-09-10 22:30:00,0.214
2018-09-10 22:15:00,0.032
2018-09-10 22:00:00,3.426
2018-09-10 21:45:00,3.391
2018-09-10 21:30:00,4.381
2018-09-10 21:15:00,3.313
2018-09-10 21:00:00,-1.179
2018-09-10 20:45:00,-1.719
2018-09-10 20:30:00,-3.42
2018-09-10 20:15:00,-2.779
2018-09-10 20:00:00,-3.237
2018-09-10 19:45:00,-3.422
2018-09-10 19:30:00,-6.232
2018-09-10 19:15:00,-4.677
2018-09-10 19:00:00,-5.702
2018-09-10 18:45:00,-7.972
2018-09-10 18:30:00,-20.413
2018-09-10 18:15:00,-20.749
2018-09-10 18:00:00,-28.368
2018-09-10 17:45:00,-14.043
2018-09-10 17:30:00,-1.157
2018-09-10 17:15:00,-0.97
2018-09-10 17:00:00,-0.971
2018-09-10 16:45:00,-0.971
2018-09-10 16:30:00,-0.97
2018-09-10 16:15:00,-0.973
2018-09-10 16:00:00,-0.973
2018-09-10 15:45:00,-0.972
2018-09-10 15:30:00,-0.974
2018-09-10 15:15:00,-0.971
2018-09-10 15:00:00,-0.968
2018-09-10 14:45:00,-0.968
2018-09-10 14:30:00,-0.968
2018-09-10 14:15:00,-0.967
2018-09-10 14:00:00,-0.967
2018-09-10 13:45:00,-0.966
2018-09-10 13:30:00,-0.963
2018-09-10 13:15:00,-0.959
2018-09-10 13:00:00,-0.96
2018-09-10 12:45:00,-0.963
2018-09-10 12:30:00,-0.961
2018-09-10 12:15:00,-0.961
2018-09-10 12:00:00,-0.955
2018-09-10 11:45:00,-0.953
2018-09-10 11:30:00,-0.949
2018-09-10 11:15:00,-0.949
2018-09-10 11:00:00,-0.947
2018-09-10 10:45:00,-0.947
2018-09-10 10:30:00,39.561
2018-09-10 10:15:00,82.721
2018-09-10 10:00:00,72.016
2018-09-10 09:45:00,63.957
2018-09-10 09:30:00,53.079
2018-09-10 09:15:00,34.161
2018-09-10 09:00:00,27.21
2018-09-10 08:45:00,16.376
2018-09-10 08:30:00,11.399
2018-09-10 08:15:00,3.529
2018-09-10 08:00:00,-2.37
2018-09-10 07:45:00,-17.01
2018-09-10 07:30:00,-19.703
2018-09-10 07:15:00,-23.745
2018-09-10 07:00:00,-47.218
2018-09-10 06:45:00,-24.131
2018-09-10 06:30:00,-7.431
2018-09-10 06:15:00,-8.722
2018-09-10 06:00:00,-4.445
2018-09-10 05:45:00,-3.431
2018-09-10 05:30:00,-3.384
2018-09-10 05:15:00,-8.033
2018-09-10 05:00:00,-1.735
2018-09-10 04:45:00,0.861
2018-09-10 04:30:00,-0.584
2018-09-10 04:15:00,1.361
2018-09-10 04:00:00,0.863
2018-09-10 03:45:00,2.545
2018-09-10 03:30:00,1.893
2018-09-10 03:15:00,-1.894
2018-09-10 03:00:00,0.302
2018-09-10 02:45:00,-0.614
2018-09-10 02:30:00,1.367
2018-09-10 02:15:00,-0.613
2018-09-10 02:00:00,-0.448
2018-09-10 01:45:00,3.65
2018-09-10 01:30:00,-3.694
2018-09-10 01:15:00,0.373
2018-09-10 01:00:00,0.752
2018-09-10 00:45:00,-2.73
2018-09-10 00:30:00,0.11
2018-09-10 00:15:00,-10.036
2018-09-10 00:00:00,-17.631
2018-09-09 23:45:00,-0.957
2018-09-09 23:30:00,-2.751
2018-09-09 23:15:00,-7.058
2018-09-09 23:00:00,-0.988
2018-09-09 22:45:00,-2.992
2018-09-09 22:30:00,-5.337
2018-09-09 22:15:00,-1.026
2018-09-09 22:00:00,-5.711
2018-09-09 21:45:00,-4.421
2018-09-09 21:30:00,-0.957
2018-09-09 21:15:00,-5.322
2018-09-09 21:00:00,-9.23
2018-09-09 20:45:00,-1.137
2018-09-09 20:30:00,-4.619
2018-09-09 20:15:00,-10.326
2018-09-09 20:00:00,-11.749
2018-09-09 19:45:00,-15.75
2018-09-09 19:30:00,-14.515
2018-09-09 19:15:00,-13.055
2018-09-09 19:00:00,-19.962
2018-09-09 18:45:00,-16.913
2018-09-09 18:30:00,-6.602
2018-09-09 18:15:00,-2.444
2018-09-09 18:00:00,-0.956
2018-09-09 17:45:00,-0.954
2018-09-09 17:30:00,-0.953
2018-09-09 17:15:00,-0.956
2018-09-09 17:00:00,-0.955
2018-09-09 16:45:00,-0.952
2018-09-09 16:30:00,-0.953
2018-09-09 16:15:00,-0.953
2018-09-09 16:00:00,-0.205
2018-09-09 15:45:00,-0.953
2018-09-09 15:30:00,-0.956
2018-09-09 15:15:00,-0.959
2018-09-09 15:00:00,-0.953
2018-09-09 14:45:00,-0.284
2018-09-09 14:30:00,-0.032
2018-09-09 14:15:00,-0.95
2018-09-09 14:00:00,-0.95
2018-09-09 13:45:00,-0.951
2018-09-09 13:30:00,-0.953
2018-09-09 13:15:00,-0.954
2018-09-09 13:00:00,-0.955
2018-09-09 12:45:00,-0.948
2018-09-09 12:30:00,-0.15
2018-09-09 12:15:00,-0.948
2018-09-09 12:00:00,-0.951
2018-09-09 11:45:00,-0.95
2018-09-09 11:30:00,-0.704
2018-09-09 11:15:00,1.092
2018-09-09 11:00:00,1.389
2018-09-09 10:45:00,0.367
2018-09-09 10:30:00,0.209
2018-09-09 10:15:00,1.424
2018-09-09 10:00:00,1.476
2018-09-09 09:45:00,1.184
2018-09-09 09:30:00,1.704
2018-09-09 09:15:00,1.66
2018-09-09 09:00:00,0.81
2018-09-09 08:45:00,47.387
2018-09-09 08:30:00,44.49
2018-09-09 08:15:00,33.252
2018-09-09 08:00:00,23.139
2018-09-09 07:45:00,15.325
2018-09-09 07:30:00,11.683
2018-09-09 07:15:00,8.494
2018-09-09 07:00:00,0.181
2018-09-09 06:45:00,-1.265
2018-09-09 06:30:00,-1.8
2018-09-09 06:15:00,-0.946
2018-09-09 06:00:00,-0.949
2018-09-09 05:45:00,-1.807
2018-09-09 05:30:00,-1.217
2018-09-09 05:15:00,-1.54
2018-09-09 05:00:00,-0.713
2018-09-09 04:45:00,-1.395
2018-09-09 04:30:00,-1.982
2018-09-09 04:15:00,-1.727
2018-09-09 04:00:00,-1.093
2018-09-09 03:45:00,-1.222
2018-09-09 03:30:00,-1.972
2018-09-09 03:15:00,-1.619
2018-09-09 03:00:00,-1.927
2018-09-09 02:45:00,-1.915
2018-09-09 02:30:00,-1.904
2018-09-09 02:15:00,-1.994
2018-09-09 02:00:00,-1.491
2018-09-09 01:45:00,-2.401
2018-09-09 01:30:00,-4.883
2018-09-09 01:15:00,-1.358
2018-09-09 01:00:00,-0.958
2018-09-09 00:45:00,-1.471
2018-09-09 00:30:00,-5.958
2018-09-09 00:15:00,-0.964
2018-09-09 00:00:00,-1.265
2018-09-08 23:45:00,-4.166
2018-09-08 23:30:00,-3.16
2018-09-08 23:15:00,-0.959
2018-09-08 23:00:00,-4.525
2018-09-08 22:45:00,-4.308
2018-09-08 22:30:00,-1.261
2018-09-08 22:15:00,-1.259
2018-09-08 22:00:00,-7.997
2018-09-08 21:45:00,-1.605
2018-09-08 21:30:00,-0.969
2018-09-08 21:15:00,-6.631
2018-09-08 21:00:00,-4.961
2018-09-08 20:45:00,-0.973
2018-09-08 20:30:00,-8.194
2018-09-08 20:15:00,-7.741
2018-09-08 20:00:00,-0.967
2018-09-08 19:45:00,-9.445
2018-09-08 19:30:00,-10.906
2018-09-08 19:15:00,-16.211
2018-09-08 19:00:00,-12.621
2018-09-08 18:45:00,-11.818
2018-09-08 18:30:00,-7.051
2018-09-08 18:15:00,-1.062
2018-09-08 18:00:00,-0.961
2018-09-08 17:45:00,-0.965
2018-09-08 17:30:00,-0.965
2018-09-08 17:15:00,-0.961
2018-09-08 17:00:00,-0.961
2018-09-08 16:45:00,-0.966
2018-09-08 16:30:00,-0.972
2018-09-08 16:15:00,-0.971
2018-09-08 16:00:00,-0.971
2018-09-08 15:45:00,-0.97
2018-09-08 15:30:00,-0.971
2018-09-08 15:15:00,-0.972
2018-09-08 15:00:00,-0.971
2018-09-08 14:45:00,-0.973
2018-09-08 14:30:00,-0.973
2018-09-08 14:15:00,-0.966
2018-09-08 14:00:00,-0.966
2018-09-08 13:45:00,-0.965
2018-09-08 13:30:00,-0.954
2018-09-08 13:15:00,-0.956
2018-09-08 13:00:00,-0.949
2018-09-08 12:45:00,-0.945
2018-09-08 12:30:00,-0.95
2018-09-08 12:15:00,-0.953
2018-09-08 12:00:00,-0.955
2018-09-08 11:45:00,-0.954
2018-09-08 11:30:00,-0.951
2018-09-08 11:15:00,-0.951
2018-09-08 11:00:00,-0.944
2018-09-08 10:45:00,-0.941
2018-09-08 10:30:00,-0.94
2018-09-08 10:15:00,-0.945
2018-09-08 10:00:00,-0.942
2018-09-08 09:45:00,24.684
2018-09-08 09:30:00,53.26
2018-09-08 09:15:00,37.475
2018-09-08 09:00:00,24.89
2018-09-08 08:45:00,20.309
2018-09-08 08:30:00,13.034
2018-09-08 08:15:00,2.969
2018-09-08 08:00:00,4.735
2018-09-08 07:45:00,-0.925
2018-09-08 07:30:00,-2.783
2018-09-08 07:15:00,-3.006
2018-09-08 07:00:00,-0.938
2018-09-08 06:45:00,-0.937
2018-09-08 06:30:00,-1.063
2018-09-08 06:15:00,-0.94
2018-09-08 06:00:00,-1.219
2018-09-08 05:45:00,-1.842
2018-09-08 05:30:00,-0.733
2018-09-08 05:15:00,-1.379
2018-09-08 05:00:00,-0.946
2018-09-08 04:45:00,-1.105
2018-09-08 04:30:00,-0.949
2018-09-08 04:15:00,-0.95
2018-09-08 04:00:00,-0.951
2018-09-08 03:45:00,-1.932
2018-09-08 03:30:00,-1.94
2018-09-08 03:15:00,-0.949
2018-09-08 03:00:00,-0.951
2018-09-08 02:45:00,-1.44
2018-09-08 02:30:00,-3.991
2018-09-08 02:15:00,-6.341
2018-09-08 02:00:00,-1.997
2018-09-08 01:45:00,-1.574
2018-09-08 01:30:00,-0.956
2018-09-08 01:15:00,-1.501
2018-09-08 01:00:00,-2.591
2018-09-08 00:45:00,-6.827
2018-09-08 00:30:00,-2.014
2018-09-08 00:15:00,-1.041
2018-09-08 00:00:00,-3.532
2018-09-07 23:45:00,-4.269
2018-09-07 23:30:00,-2.035
2018-09-07 23:15:00,-2.087
2018-09-07 23:00:00,-9.193
2018-09-07 22:45:00,-0.96
2018-09-07 22:30:00,-1.159
2018-09-07 22:15:00,-7.357
2018-09-07 22:00:00,-4.29
2018-09-07 21:45:00,-1.09
2018-09-07 21:30:00,-3.862
2018-09-07 21:15:00,-9.34
2018-09-07 21:00:00,-2.175
2018-09-07 20:45:00,-0.955
2018-09-07 20:30:00,-0.966
2018-09-07 20:15:00,-6.525
2018-09-07 20:00:00,-7.967
2018-09-07 19:45:00,-9.579
2018-09-07 19:30:00,-13.302
2018-09-07 19:15:00,-9.345
2018-09-07 19:00:00,-13.92
2018-09-07 18:45:00,-10.479
2018-09-07 18:30:00,-3.223
2018-09-07 18:15:00,-5.055
2018-09-07 18:00:00,-6.245
2018-09-07 17:45:00,-0.956
2018-09-07 17:30:00,-0.956
2018-09-07 17:15:00,-0.957
2018-09-07 17:00:00,-0.951
2018-09-07 16:45:00,-0.953
2018-09-07 16:30:00,-0.951
2018-09-07 16:15:00,-0.961
2018-09-07 16:00:00,-0.961
2018-09-07 15:45:00,-0.96
2018-09-07 15:30:00,-0.964
2018-09-07 15:15:00,-0.967
2018-09-07 15:00:00,-0.964
2018-09-07 14:45:00,-0.962
2018-09-07 14:30:00,-0.959
2018-09-07 14:15:00,-0.958
2018-09-07 14:00:00,-0.959
2018-09-07 13:45:00,-0.955
2018-09-07 13:30:00,-0.951
2018-09-07 13:15:00,-0.952
2018-09-07 13:00:00,-0.951
2018-09-07 12:45:00,-0.949
2018-09-07 12:30:00,-0.949
2018-09-07 12:15:00,-0.95
2018-09-07 12:00:00,8.599
2018-09-07 11:45:00,100.16
2018-09-07 11:30:00,101.991
2018-09-07 11:15:00,90.739
2018-09-07 11:00:00,104.251
2018-09-07 10:45:00,98.337
2018-09-07 10:30:00,76.866
2018-09-07 10:15:00,43.123
2018-09-07 10:00:00,17.585
2018-09-07 09:45:00,-0.174
2018-09-07 09:30:00,-2.017
2018-09-07 09:15:00,-0.952
2018-09-07 09:00:00,-1.534
2018-09-07 08:45:00,-27.347
2018-09-07 08:30:00,-38.08
2018-09-07 08:15:00,-27.991
2018-09-07 08:00:00,-29.071
2018-09-07 07:45:00,-25.994
2018-09-07 07:30:00,-41.416
2018-09-07 07:15:00,-38.443
2018-09-07 07:00:00,-27.373
2018-09-07 06:45:00,-10.661
2018-09-07 06:30:00,-10.895
2018-09-07 06:15:00,-7.303
2018-09-07 06:00:00,-20.76
2018-09-07 05:45:00,-6.979
2018-09-07 05:30:00,-6.559
2018-09-07 05:15:00,-6.848
2018-09-07 05:00:00,-5.554
2018-09-07 04:45:00,-3.389
2018-09-07 04:30:00,-2.993
2018-09-07 04:15:00,-1.069
2018-09-07 04:00:00,-0.898
2018-09-07 03:45:00,-2.443
2018-09-07 03:30:00,-5.853
2018-09-07 03:15:00,-1.643
2018-09-07 03:00:00,-0.957
2018-09-07 02:45:00,-0.768
2018-09-07 02:30:00,-7.467
2018-09-07 02:15:00,-1.058
2018-09-07 02:00:00,-0.95
2018-09-07 01:45:00,-3.149
2018-09-07 01:30:00,-6.757
2018-09-07 01:15:00,-1.176
2018-09-07 01:00:00,-1.146
2018-09-07 00:45:00,-7.344
2018-09-07 00:30:00,-2.382
2018-09-07 00:15:00,-0.955
2018-09-07 00:00:00,-4.806
2018-09-06 23:45:00,-8.535
2018-09-06 23:30:00,-1.082
2018-09-06 23:15:00,-1.175
2018-09-06 23:00:00,-6.723
2018-09-06 22:45:00,-4.221
2018-09-06 22:30:00,-1.097
2018-09-06 22:15:00,-4.088
2018-09-06 22:00:00,-7.261
2018-09-06 21:45:00,-1.01
2018-09-06 21:30:00,-0.952
2018-09-06 21:15:00,-6.263
2018-09-06 21:00:00,-6.446
2018-09-06 20:45:00,-0.963
2018-09-06 20:30:00,-0.899
2018-09-06 20:15:00,-2.844
2018-09-06 20:00:00,-12.25
2018-09-06 19:45:00,-10.506
2018-09-06 19:30:00,-13.852
2018-09-06 19:15:00,-12.815
2018-09-06 19:00:00,-9.352
2018-09-06 18:45:00,-13.399
2018-09-06 18:30:00,-5.518
2018-09-06 18:15:00,-8.065
2018-09-06 18:00:00,-15.658
2018-09-06 17:45:00,-8.533
2018-09-06 17:30:00,-3.827
2018-09-06 17:15:00,-4.364
2018-09-06 17:00:00,-0.222
2018-09-06 16:45:00,-0.546
2018-09-06 16:30:00,-0.526
2018-09-06 16:15:00,-0.721
2018-09-06 16:00:00,-0.963
2018-09-06 15:45:00,-0.964
2018-09-06 15:30:00,-0.966
2018-09-06 15:15:00,-0.964
2018-09-06 15:00:00,-0.962
2018-09-06 14:45:00,-0.962
2018-09-06 14:30:00,-0.184
2018-09-06 14:15:00,-0.962
2018-09-06 14:00:00,-1.078
2018-09-06 13:45:00,-0.662
2018-09-06 13:30:00,-0.089
2018-09-06 13:15:00,-0.583
2018-09-06 13:00:00,-0.47
2018-09-06 12:45:00,-0.951
2018-09-06 12:30:00,-0.479
2018-09-06 12:15:00,-0.269
2018-09-06 12:00:00,0.32
2018-09-06 11:45:00,2.841
2018-09-06 11:30:00,-0.707
2018-09-06 11:15:00,14.909
2018-09-06 11:00:00,33.108
2018-09-06 10:45:00,25.631
2018-09-06 10:30:00,41.88
2018-09-06 10:15:00,19.532
2018-09-06 10:00:00,9.583
2018-09-06 09:45:00,5.323
2018-09-06 09:30:00,7.867
2018-09-06 09:15:00,7.306
2018-09-06 09:00:00,3.192
2018-09-06 08:45:00,-0.787
2018-09-06 08:30:00,-0.95
2018-09-06 08:15:00,-13.59
2018-09-06 08:00:00,-24.276
2018-09-06 07:45:00,-7.802
2018-09-06 07:30:00,-11.219
2018-09-06 07:15:00,-1.604
2018-09-06 07:00:00,-18.439
2018-09-06 06:45:00,-10.247
2018-09-06 06:30:00,-3.723
2018-09-06 06:15:00,-6.779
2018-09-06 06:00:00,-3.699
2018-09-06 05:45:00,-1.734
2018-09-06 05:30:00,-3.764
2018-09-06 05:15:00,-17.534
2018-09-06 05:00:00,-2.048
2018-09-06 04:45:00,2.655
2018-09-06 04:30:00,3.278
2018-09-06 04:15:00,4.429
2018-09-06 04:00:00,-1.048
2018-09-06 03:45:00,4.248
2018-09-06 03:30:00,2.992
2018-09-06 03:15:00,2.384
2018-09-06 03:00:00,-1.506
2018-09-06 02:45:00,2.386
2018-09-06 02:30:00,3.007
2018-09-06 02:15:00,5.112
2018-09-06 02:00:00,-1.855
2018-09-06 01:45:00,4.543
2018-09-06 01:30:00,1.955
2018-09-06 01:15:00,2.228
2018-09-06 01:00:00,-1.729
2018-09-06 00:45:00,1.464
2018-09-06 00:30:00,3.02
2018-09-06 00:15:00,3.656
2018-09-06 00:00:00,-2.466
2018-09-05 23:45:00,3.423
2018-09-05 23:30:00,2.013
2018-09-05 23:15:00,3.263
2018-09-05 23:00:00,-1.91
2018-09-05 22:45:00,-0.122
2018-09-05 22:30:00,2.62
2018-09-05 22:15:00,3.095
2018-09-05 22:00:00,-1.497
2018-09-05 21:45:00,-2.375
2018-09-05 21:30:00,1.182
2018-09-05 21:15:00,1.937
2018-09-05 21:00:00,3.62
2018-09-05 20:45:00,-1.376
2018-09-05 20:30:00,-5.189
2018-09-05 20:15:00,-2.375
2018-09-05 20:00:00,-2.62
2018-09-05 19:45:00,-3.221
2018-09-05 19:30:00,-8.434
2018-09-05 19:15:00,-6.739
2018-09-05 19:00:00,-13.721
2018-09-05 18:45:00,-13.366
2018-09-05 18:30:00,-8.372
2018-09-05 18:15:00,-14.191
2018-09-05 18:00:00,-10.695
2018-09-05 17:45:00,-1.543
2018-09-05 17:30:00,-3.627
2018-09-05 17:15:00,-2.531
2018-09-05 17:00:00,-0.964
2018-09-05 16:45:00,-0.962
2018-09-05 16:30:00,-0.964
2018-09-05 16:15:00,-0.962
2018-09-05 16:00:00,-0.965
2018-09-05 15:45:00,-0.966
2018-09-05 15:30:00,-0.964
2018-09-05 15:15:00,-0.963
2018-09-05 15:00:00,-0.96
2018-09-05 14:45:00,-0.961
2018-09-05 14:30:00,-0.958
2018-09-05 14:15:00,-0.958
2018-09-05 14:00:00,-0.956
2018-09-05 13:45:00,-0.957
2018-09-05 13:30:00,-0.957
2018-09-05 13:15:00,-0.951
2018-09-05 13:00:00,12.027
2018-09-05 12:45:00,103.406
2018-09-05 12:30:00,101.652
2018-09-05 12:15:00,104.153
2018-09-05 12:00:00,93.798
2018-09-05 11:45:00,81.99
2018-09-05 11:30:00,89.815
2018-09-05 11:15:00,90.438
2018-09-05 11:00:00,90.57
2018-09-05 10:45:00,96.883
2018-09-05 10:30:00,69.027
2018-09-05 10:15:00,61.788
2018-09-05 10:00:00,41.456
2018-09-05 09:45:00,55.074
2018-09-05 09:30:00,53.114
2018-09-05 09:15:00,25.745
2018-09-05 09:00:00,1.917
2018-09-05 08:45:00,-0.032
2018-09-05 08:30:00,2.069
2018-09-05 08:15:00,0.423
2018-09-05 08:00:00,-0.79
2018-09-05 07:45:00,-0.305
2018-09-05 07:30:00,-0.323
2018-09-05 07:15:00,-0.337
2018-09-05 07:00:00,-0.334
2018-09-05 06:45:00,-0.364
2018-09-05 06:30:00,-0.399
2018-09-05 06:15:00,-0.472
2018-09-05 06:00:00,-0.512
2018-09-05 05:45:00,-0.567
2018-09-05 05:30:00,-0.598
2018-09-05 05:15:00,-0.652
2018-09-05 05:00:00,-0.628
2018-09-05 04:45:00,2.926
2018-09-05 04:30:00,0.551
2018-09-05 04:15:00,1.801
2018-09-05 04:00:00,0.644
2018-09-05 03:45:00,0.369
2018-09-05 03:30:00,0.462
2018-09-05 03:15:00,-0.417
2018-09-05 03:00:00,-0.442
2018-09-05 02:45:00,-0.047
2018-09-05 02:30:00,-0.063
2018-09-05 02:15:00,0.845
2018-09-05 02:00:00,0.111
2018-09-05 01:45:00,-0.165
2018-09-05 01:30:00,-0.17
2018-09-05 01:15:00,0.605
2018-09-05 01:00:00,-0.365
2018-09-05 00:45:00,0.344
2018-09-05 00:30:00,-0.646
2018-09-05 00:15:00,0.187
2018-09-05 00:00:00,0.514
2018-09-04 23:45:00,-0.507
2018-09-04 23:30:00,-0.466
2018-09-04 23:15:00,0.282
2018-09-04 23:00:00,-0.476
2018-09-04 22:45:00,-0.271
2018-09-04 22:30:00,-0.542
2018-09-04 22:15:00,-0.181
2018-09-04 22:00:00,0.255
2018-09-04 21:45:00,0.072
2018-09-04 21:30:00,0.54
2018-09-04 21:15:00,-0.515
2018-09-04 21:00:00,-0.556
2018-09-04 20:45:00,0.166
2018-09-04 20:30:00,-0.268
2018-09-04 20:15:00,0.056
2018-09-04 20:00:00,-0.031
2018-09-04 19:45:00,-0.496
2018-09-04 19:30:00,0.629
2018-09-04 19:15:00,-0.584
2018-09-04 19:00:00,-0.133
2018-09-04 18:45:00,-0.614
2018-09-04 18:30:00,-0.624
2018-09-04 18:15:00,-0.327
2018-09-04 18:00:00,-0.646
2018-09-04 17:45:00,-0.642
2018-09-04 17:30:00,-0.669
2018-09-04 17:15:00,-0.702
2018-09-04 17:00:00,-0.75
2018-09-04 16:45:00,-0.773
2018-09-04 16:30:00,-1.83
2018-09-04 16:15:00,0.904
2018-09-04 16:00:00,-0.952
2018-09-04 15:45:00,-0.953
2018-09-04 15:30:00,-0.953
2018-09-04 15:15:00,-0.951
2018-09-04 15:00:00,-0.853
2018-09-04 14:45:00,-0.812
2018-09-04 14:30:00,-0.788
2018-09-04 14:15:00,-0.82
2018-09-04 14:00:00,-0.84
2018-09-04 13:45:00,-0.867
2018-09-04 13:30:00,-0.884
2018-09-04 13:15:00,-0.9
2018-09-04 13:00:00,-0.9
2018-09-04 12:45:00,-0.892
2018-09-04 12:30:00,-13.907
2018-09-04 12:15:00,-15.806
2018-09-04 12:00:00,-17.675
2018-09-04 11:45:00,-38.162
2018-09-04 11:30:00,-33.708
2018-09-04 11:15:00,-36.589
2018-09-04 11:00:00,-21.625
2018-09-04 10:45:00,-10.165
2018-09-04 10:30:00,-10.167
2018-09-04 10:15:00,-21.747
2018-09-04 10:00:00,-44.913
2018-09-04 09:45:00,-44.163
2018-09-04 09:30:00,-48.241
2018-09-04 09:15:00,-37.793
2018-09-04 09:00:00,-30.339
2018-09-04 08:45:00,-41.748
2018-09-04 08:30:00,-65.036
2018-09-04 08:15:00,-44.244
2018-09-04 08:00:00,-45.577
2018-09-04 07:45:00,-43.211
2018-09-04 07:30:00,-48.677
2018-09-04 07:15:00,-32.064
2018-09-04 07:00:00,-21.138
2018-09-04 06:45:00,-19.847
2018-09-04 06:30:00,-12.323
2018-09-04 06:15:00,-14.461
2018-09-04 06:00:00,-11.351
2018-09-04 05:45:00,-16.825
2018-09-04 05:30:00,-12.804
2018-09-04 05:15:00,-21.079
2018-09-04 05:00:00,-11.478
2018-09-04 04:45:00,-0.944
2018-09-04 04:30:00,-0.947
2018-09-04 04:15:00,-1.126
2018-09-04 04:00:00,-2.002
2018-09-04 03:45:00,-2.009
2018-09-04 03:30:00,-1.999
2018-09-04 03:15:00,-2.009
2018-09-04 03:00:00,-4.236
2018-09-04 02:45:00,-10.593
2018-09-04 02:30:00,-0.94
2018-09-04 02:15:00,-0.939
2018-09-04 02:00:00,-0.939
2018-09-04 01:45:00,-0.942
2018-09-04 01:30:00,-0.942
2018-09-04 01:15:00,-0.946
2018-09-04 01:00:00,-0.948
2018-09-04 00:45:00,-1.034
2018-09-04 00:30:00,-1.826
2018-09-04 00:15:00,-0.944
2018-09-04 00:00:00,-0.943
2018-09-03 23:45:00,-0.943
2018-09-03 23:30:00,-0.94
2018-09-03 23:15:00,-0.939
2018-09-03 23:00:00,-7.678
2018-09-03 22:45:00,-7.768
2018-09-03 22:30:00,-0.947
2018-09-03 22:15:00,-0.95
2018-09-03 22:00:00,-1.107
2018-09-03 21:45:00,-2.09
2018-09-03 21:30:00,-11.289
2018-09-03 21:15:00,-7.742
2018-09-03 21:00:00,-0.952
2018-09-03 20:45:00,-0.95
2018-09-03 20:30:00,-0.953
2018-09-03 20:15:00,-8.658
2018-09-03 20:00:00,-11.604
2018-09-03 19:45:00,-8.178
2018-09-03 19:30:00,-0.949
2018-09-03 19:15:00,-0.951
2018-09-03 19:00:00,-5.057
2018-09-03 18:45:00,-9.605
2018-09-03 18:30:00,-2.544
2018-09-03 18:15:00,-1.329
2018-09-03 18:00:00,-0.959
2018-09-03 17:45:00,-0.957
2018-09-03 17:30:00,-0.954
2018-09-03 17:15:00,-0.953
2018-09-03 17:00:00,-0.955
2018-09-03 16:45:00,-0.955
2018-09-03 16:30:00,-0.954
2018-09-03 16:15:00,-0.955
2018-09-03 16:00:00,-0.953
2018-09-03 15:45:00,-0.954
2018-09-03 15:30:00,-0.951
2018-09-03 15:15:00,-0.948
2018-09-03 15:00:00,-0.947
2018-09-03 14:45:00,-0.946
2018-09-03 14:30:00,-0.947
2018-09-03 14:15:00,-0.949
2018-09-03 14:00:00,-0.948
2018-09-03 13:45:00,-0.953
2018-09-03 13:30:00,-0.951
2018-09-03 13:15:00,-0.951
2018-09-03 13:00:00,-0.952
2018-09-03 12:45:00,-0.95
2018-09-03 12:30:00,-0.953
2018-09-03 12:15:00,22.105
2018-09-03 12:00:00,104.359
2018-09-03 11:45:00,84.485
2018-09-03 11:30:00,101.309
2018-09-03 11:15:00,101.606
2018-09-03 11:00:00,80.818
2018-09-03 10:45:00,51.77
2018-09-03 10:30:00,57.734
2018-09-03 10:15:00,42.38
2018-09-03 10:00:00,31.034
2018-09-03 09:45:00,21.529
2018-09-03 09:30:00,-1.198
2018-09-03 09:15:00,15.513
2018-09-03 09:00:00,17.576
2018-09-03 08:45:00,16.73
2018-09-03 08:30:00,10.62
2018-09-03 08:15:00,0.755
2018-09-03 08:00:00,-1.524
2018-09-03 07:45:00,-1.348
2018-09-03 07:30:00,-1.529
2018-09-03 07:15:00,-1.241
2018-09-03 07:00:00,-1.387
2018-09-03 06:45:00,-1.885
2018-09-03 06:30:00,-1.945
2018-09-03 06:15:00,-7.218
2018-09-03 06:00:00,-14.516
2018-09-03 05:45:00,-14.464
2018-09-03 05:30:00,-12.597
2018-09-03 05:15:00,-13.587
2018-09-03 05:00:00,-14.129
2018-09-03 04:45:00,-13.666
2018-09-03 04:30:00,-14.471
2018-09-03 04:15:00,-14.314
2018-09-03 04:00:00,-13.918
2018-09-03 03:45:00,-15.329
2018-09-03 03:30:00,-13.399
2018-09-03 03:15:00,-13.967
2018-09-03 03:00:00,-15.249
2018-09-03 02:45:00,-13.043
2018-09-03 02:30:00,-15.337
2018-09-03 02:15:00,-14.036
2018-09-03 02:00:00,-14.232
2018-09-03 01:45:00,-14.53
2018-09-03 01:30:00,-16.841
2018-09-03 01:15:00,-16.149
2018-09-03 01:00:00,-15.027
2018-09-03 00:45:00,-15.399
2018-09-03 00:30:00,-15.067
2018-09-03 00:15:00,-15.572
2018-09-03 00:00:00,-15.088
2018-09-02 23:45:00,-14.811
2018-09-02 23:30:00,-15.733
2018-09-02 23:15:00,-14.826
2018-09-02 23:00:00,-15.348
2018-09-02 22:45:00,-15.835
2018-09-02 22:30:00,-15.568
2018-09-02 22:15:00,-17.375
2018-09-02 22:00:00,-16.592
2018-09-02 21:45:00,-14.298
2018-09-02 21:30:00,-15.537
2018-09-02 21:15:00,-17.011
2018-09-02 21:00:00,-14.979
2018-09-02 20:45:00,-16.683
2018-09-02 20:30:00,-14.99
2018-09-02 20:15:00,-17.14
2018-09-02 20:00:00,-19.614
2018-09-02 19:45:00,-14.06
2018-09-02 19:30:00,-17.262
2018-09-02 19:15:00,-16.648
2018-09-02 19:00:00,-15.52
2018-09-02 18:45:00,-10.672
2018-09-02 18:30:00,-3.668
2018-09-02 18:15:00,-1.644
2018-09-02 18:00:00,-0.955
2018-09-02 17:45:00,-0.959
2018-09-02 17:30:00,-0.959
2018-09-02 17:15:00,-0.958
2018-09-02 17:00:00,-0.952
2018-09-02 16:45:00,-0.95
2018-09-02 16:30:00,-0.951
2018-09-02 16:15:00,-0.95
2018-09-02 16:00:00,-0.954
2018-09-02 15:45:00,-0.952
2018-09-02 15:30:00,-0.954
2018-09-02 15:15:00,-0.953
2018-09-02 15:00:00,-0.952
2018-09-02 14:45:00,-0.951
2018-09-02 14:30:00,-0.946
2018-09-02 14:15:00,-0.948
2018-09-02 14:00:00,-0.95
2018-09-02 13:45:00,-0.952
2018-09-02 13:30:00,-0.949
2018-09-02 13:15:00,-0.941
2018-09-02 13:00:00,-0.942
2018-09-02 12:45:00,-0.938
2018-09-02 12:30:00,51.696
2018-09-02 12:15:00,105.138
2018-09-02 12:00:00,105.097
2018-09-02 11:45:00,102.718
2018-09-02 11:30:00,103.805
2018-09-02 11:15:00,98.975
2018-09-02 11:00:00,101.994
2018-09-02 10:45:00,80.91
2018-09-02 10:30:00,38.344
2018-09-02 10:15:00,28.287
2018-09-02 10:00:00,21.174
2018-09-02 09:45:00,15.513
2018-09-02 09:30:00,8.863
2018-09-02 09:15:00,-0.16
2018-09-02 09:00:00,-0.953
2018-09-02 08:45:00,-0.941
2018-09-02 08:30:00,-0.94
2018-09-02 08:15:00,-1.475
2018-09-02 08:00:00,-4.064
2018-09-02 07:45:00,-6.652
2018-09-02 07:30:00,-6.833
2018-09-02 07:15:00,-9.035
2018-09-02 07:00:00,-13.828
2018-09-02 06:45:00,-12.557
2018-09-02 06:30:00,-14.197
2018-09-02 06:15:00,-12.754
2018-09-02 06:00:00,-12.892
2018-09-02 05:45:00,-13.887
2018-09-02 05:30:00,-13.233
2018-09-02 05:15:00,-13.565
2018-09-02 05:00:00,-14.74
2018-09-02 04:45:00,-12.573
2018-09-02 04:30:00,-13.728
2018-09-02 04:15:00,-14.3
2018-09-02 04:00:00,-12.446
2018-09-02 03:45:00,-15.667
2018-09-02 03:30:00,-13.405
2018-09-02 03:15:00,-14.031
2018-09-02 03:00:00,-14.358
2018-09-02 02:45:00,-12.375
2018-09-02 02:30:00,-14.929
2018-09-02 02:15:00,-13.829
2018-09-02 02:00:00,-14.504
2018-09-02 01:45:00,-15.83
2018-09-02 01:30:00,-14.031
2018-09-02 01:15:00,-16.543
2018-09-02 01:00:00,-14.729
2018-09-02 00:45:00,-14.252
2018-09-02 00:30:00,-15.468
2018-09-02 00:15:00,-13.848
2018-09-02 00:00:00,-14.6
2018-09-01 23:45:00,-15.124
2018-09-01 23:30:00,-14.259
2018-09-01 23:15:00,-14.262
2018-09-01 23:00:00,-15.4
2018-09-01 22:45:00,-13.858
2018-09-01 22:30:00,-19.327
2018-09-01 22:15:00,-14.079
2018-09-01 22:00:00,-15.166
2018-09-01 21:45:00,-14.705
2018-09-01 21:30:00,-14.327
2018-09-01 21:15:00,-14.514
2018-09-01 21:00:00,-15.576
2018-09-01 20:45:00,-15.016
2018-09-01 20:30:00,-19.06
2018-09-01 20:15:00,-15.73
2018-09-01 20:00:00,-17.926
2018-09-01 19:45:00,-16.092
2018-09-01 19:30:00,-16.589
2018-09-01 19:15:00,-17.25
2018-09-01 19:00:00,-18.584
2018-09-01 18:45:00,-16.308
2018-09-01 18:30:00,-5.303
2018-09-01 18:15:00,-2.794
2018-09-01 18:00:00,-1.033
2018-09-01 17:45:00,-0.964
2018-09-01 17:30:00,-0.964
2018-09-01 17:15:00,-0.963
2018-09-01 17:00:00,-0.961
2018-09-01 16:45:00,-0.96
2018-09-01 16:30:00,-0.961
2018-09-01 16:15:00,-0.962
2018-09-01 16:00:00,-0.961
2018-09-01 15:45:00,-0.96
2018-09-01 15:30:00,-0.958
2018-09-01 15:15:00,-0.948
2018-09-01 15:00:00,-0.949
2018-09-01 14:45:00,-0.951
2018-09-01 14:30:00,-0.958
2018-09-01 14:15:00,-0.954
2018-09-01 14:00:00,-0.953
2018-09-01 13:45:00,-0.955
2018-09-01 13:30:00,-0.957
2018-09-01 13:15:00,-0.956
2018-09-01 13:00:00,-0.953
2018-09-01 12:45:00,-0.947
2018-09-01 12:30:00,-0.947
2018-09-01 12:15:00,-0.174
2018-09-01 12:00:00,65.239
2018-09-01 11:45:00,105.194
2018-09-01 11:30:00,105.146
2018-09-01 11:15:00,105.168
2018-09-01 11:00:00,105.267
2018-09-01 10:45:00,104.697
2018-09-01 10:30:00,105.496
2018-09-01 10:15:00,100.673
2018-09-01 10:00:00,79.144
2018-09-01 09:45:00,54.725
2018-09-01 09:30:00,35.835
2018-09-01 09:15:00,25.994
2018-09-01 09:00:00,16.115
2018-09-01 08:45:00,6.698
2018-09-01 08:30:00,1.036
2018-09-01 08:15:00,-0.947
2018-09-01 08:00:00,-1.183
2018-09-01 07:45:00,-4.391
2018-09-01 07:30:00,-1.315
2018-09-01 07:15:00,-1.042
2018-09-01 07:00:00,-2.941
2018-09-01 06:45:00,-2.554
2018-09-01 06:30:00,-12.071
2018-09-01 06:15:00,-16.509
2018-09-01 06:00:00,-17.777
2018-09-01 05:45:00,-22.222
2018-09-01 05:30:00,-21.478
2018-09-01 05:15:00,-23.869
2018-09-01 05:00:00,-24.205
2018-09-01 04:45:00,-22.827
2018-09-01 04:30:00,-31.278
2018-09-01 04:15:00,-26.863
2018-09-01 04:00:00,-28.947
2018-09-01 03:45:00,-28.949
2018-09-01 03:30:00,-30.158
2018-09-01 03:15:00,-30.247
2018-09-01 03:00:00,-31.412
2018-09-01 02:45:00,-29.035
2018-09-01 02:30:00,-33.121
2018-09-01 02:15:00,-29.73
2018-09-01 02:00:00,-31.138
2018-09-01 01:45:00,-31.707
2018-09-01 01:30:00,-38.071
2018-09-01 01:15:00,-38.969
2018-09-01 01:00:00,-39.579
2018-09-01 00:45:00,-38.779
2018-09-01 00:30:00,-40.635
2018-09-01 00:15:00,-5.281
2018-09-01 00:00:00,-7.39
2018-08-31 23:45:00,-6.624
2018-08-31 23:30:00,-4.327
2018-08-31 23:15:00,-5.613
2018-08-31 23:00:00,-8.366
2018-08-31 22:45:00,-5.804
2018-08-31 22:30:00,-5.508
2018-08-31 22:15:00,-4.249
2018-08-31 22:00:00,-5.773
2018-08-31 21:45:00,-6.172
2018-08-31 21:30:00,-5.537
2018-08-31 21:15:00,-9.587
2018-08-31 21:00:00,-5.022
2018-08-31 20:45:00,-7.066
2018-08-31 20:30:00,-7.93
2018-08-31 20:15:00,-7.65
2018-08-31 20:00:00,-8.615
2018-08-31 19:45:00,-15.496
2018-08-31 19:30:00,-12.872
2018-08-31 19:15:00,-12.813
2018-08-31 19:00:00,-7.266
2018-08-31 18:45:00,-1.912
2018-08-31 18:30:00,-1.74
2018-08-31 18:15:00,-10.563
2018-08-31 18:00:00,-3.251
2018-08-31 17:45:00,-1.324
2018-08-31 17:30:00,-0.964
2018-08-31 17:15:00,-0.966
2018-08-31 17:00:00,-0.968
2018-08-31 16:45:00,-0.965
2018-08-31 16:30:00,-0.966
2018-08-31 16:15:00,-0.967
2018-08-31 16:00:00,-0.966
2018-08-31 15:45:00,-0.966
2018-08-31 15:30:00,-0.966
2018-08-31 15:15:00,-0.965
2018-08-31 15:00:00,-0.965
2018-08-31 14:45:00,-0.962
2018-08-31 14:30:00,-0.959
2018-08-31 14:15:00,-0.958
2018-08-31 14:00:00,-0.959
2018-08-31 13:45:00,-0.959
2018-08-31 13:30:00,-0.957
2018-08-31 13:15:00,-0.955
2018-08-31 13:00:00,-0.957
2018-08-31 12:45:00,-0.958
2018-08-31 12:30:00,-0.962
2018-08-31 12:15:00,-0.961
2018-08-31 12:00:00,-0.956
2018-08-31 11:45:00,54.683
2018-08-31 11:30:00,93.026
2018-08-31 11:15:00,91.514
2018-08-31 11:00:00,100.35
2018-08-31 10:45:00,92.724
2018-08-31 10:30:00,88.23
2018-08-31 10:15:00,77.57
2018-08-31 10:00:00,71.231
2018-08-31 09:45:00,64.479
2018-08-31 09:30:00,49.245
2018-08-31 09:15:00,42.803
2018-08-31 09:00:00,25.192
2018-08-31 08:45:00,17.695
2018-08-31 08:30:00,-2.574
2018-08-31 08:15:00,-21.276
2018-08-31 08:00:00,-13.313
2018-08-31 07:45:00,-25.417
2018-08-31 07:30:00,-16.198
2018-08-31 07:15:00,-21.534
2018-08-31 07:00:00,-28.342
2018-08-31 06:45:00,-30.221
2018-08-31 06:30:00,-29.136
2018-08-31 06:15:00,-26.876
2018-08-31 06:00:00,-26.121
2018-08-31 05:45:00,-25.527
2018-08-31 05:30:00,-27.817
2018-08-31 05:15:00,-27.197
2018-08-31 05:00:00,-18.222
2018-08-31 04:45:00,-7.844
2018-08-31 04:30:00,-9.094
2018-08-31 04:15:00,-6.9
2018-08-31 04:00:00,-8.253
2018-08-31 03:45:00,-8.544
2018-08-31 03:30:00,-4.732
2018-08-31 03:15:00,-10.204
2018-08-31 03:00:00,-4.763
2018-08-31 02:45:00,-6.165
2018-08-31 02:30:00,-8.055
2018-08-31 02:15:00,-5.479
2018-08-31 02:00:00,-7.467
2018-08-31 01:45:00,-5.837
2018-08-31 01:30:00,-7.527
2018-08-31 01:15:00,-9.183
2018-08-31 01:00:00,-8.665
2018-08-31 00:45:00,-8.939
2018-08-31 00:30:00,-7.087
2018-08-31 00:15:00,-5.974
2018-08-31 00:00:00,-7.586
2018-08-30 23:45:00,-7.533
2018-08-30 23:30:00,-8.535
2018-08-30 23:15:00,-7.448
2018-08-30 23:00:00,-6.884
2018-08-30 22:45:00,-8.032
2018-08-30 22:30:00,-13.192
2018-08-30 22:15:00,-7.442
2018-08-30 22:00:00,-9.101
2018-08-30 21:45:00,-8.658
2018-08-30 21:30:00,-8.134
2018-08-30 21:15:00,-10.145
2018-08-30 21:00:00,-13.9
2018-08-30 20:45:00,-10.596
2018-08-30 20:30:00,-12.329
2018-08-30 20:15:00,-13.0
2018-08-30 20:00:00,-13.532
2018-08-30 19:45:00,-19.59
2018-08-30 19:30:00,-17.571
2018-08-30 19:15:00,-17.842
2018-08-30 19:00:00,-20.708
2018-08-30 18:45:00,-22.495
2018-08-30 18:30:00,-8.946
2018-08-30 18:15:00,-6.07
2018-08-30 18:00:00,-8.107
2018-08-30 17:45:00,-0.965
2018-08-30 17:30:00,-0.967
2018-08-30 17:15:00,-0.97
2018-08-30 17:00:00,-0.971
2018-08-30 16:45:00,-0.969
2018-08-30 16:30:00,-0.968
2018-08-30 16:15:00,-0.965
2018-08-30 16:00:00,-0.964
2018-08-30 15:45:00,-0.969
2018-08-30 15:30:00,-0.972
2018-08-30 15:15:00,-0.971
2018-08-30 15:00:00,-0.97
2018-08-30 14:45:00,-0.969
2018-08-30 14:30:00,-0.967
2018-08-30 14:15:00,-0.97
2018-08-30 14:00:00,-0.966
2018-08-30 13:45:00,-0.967
2018-08-30 13:30:00,-0.96
2018-08-30 13:15:00,-0.909
2018-08-30 13:00:00,84.046
2018-08-30 12:45:00,99.43
2018-08-30 12:30:00,101.146
2018-08-30 12:15:00,97.321
2018-08-30 12:00:00,97.459
2018-08-30 11:45:00,99.321
2018-08-30 11:30:00,100.781
2018-08-30 11:15:00,101.067
2018-08-30 11:00:00,94.214
2018-08-30 10:45:00,98.866
2018-08-30 10:30:00,93.772
2018-08-30 10:15:00,33.824
2018-08-30 10:00:00,-1.699
2018-08-30 09:45:00,-0.959
2018-08-30 09:30:00,-0.961
2018-08-30 09:15:00,-0.965
2018-08-30 09:00:00,-0.96
2018-08-30 08:45:00,-0.961
2018-08-30 08:30:00,-1.036
2018-08-30 08:15:00,-1.197
2018-08-30 08:00:00,-5.232
2018-08-30 07:45:00,-17.949
2018-08-30 07:30:00,-20.752
2018-08-30 07:15:00,-37.584
2018-08-30 07:00:00,-28.731
2018-08-30 06:45:00,-30.444
2018-08-30 06:30:00,-30.707
2018-08-30 06:15:00,-25.196
2018-08-30 06:00:00,-26.097
2018-08-30 05:45:00,-28.858
2018-08-30 05:30:00,-24.583
2018-08-30 05:15:00,-25.762
2018-08-30 05:00:00,-14.896
2018-08-30 04:45:00,-8.698
2018-08-30 04:30:00,-11.361
2018-08-30 04:15:00,-9.864
2018-08-30 04:00:00,-9.087
2018-08-30 03:45:00,-9.346
2018-08-30 03:30:00,-9.893
2018-08-30 03:15:00,-10.381
2018-08-30 03:00:00,-9.939
2018-08-30 02:45:00,-10.55
2018-08-30 02:30:00,-10.388
2018-08-30 02:15:00,-12.747
2018-08-30 02:00:00,-12.313
2018-08-30 01:45:00,-11.51
2018-08-30 01:30:00,-12.799
2018-08-30 01:15:00,-12.702
2018-08-30 01:00:00,-11.479
2018-08-30 00:45:00,-11.704
2018-08-30 00:30:00,-13.726
2018-08-30 00:15:00,-12.678
2018-08-30 00:00:00,-13.487
2018-08-29 23:45:00,-12.819
2018-08-29 23:30:00,-11.768
2018-08-29 23:15:00,-12.375
2018-08-29 23:00:00,-15.971
2018-08-29 22:45:00,-12.336
2018-08-29 22:30:00,-13.323
2018-08-29 22:15:00,-14.923
2018-08-29 22:00:00,-15.194
2018-08-29 21:45:00,-13.367
2018-08-29 21:30:00,-13.723
2018-08-29 21:15:00,-14.462
2018-08-29 21:00:00,-18.723
2018-08-29 20:45:00,-14.051
2018-08-29 20:30:00,-18.342
2018-08-29 20:15:00,-19.998
2018-08-29 20:00:00,-21.365
2018-08-29 19:45:00,-20.579
2018-08-29 19:30:00,-21.449
2018-08-29 19:15:00,-30.977
2018-08-29 19:00:00,-26.189
2018-08-29 18:45:00,-28.194
2018-08-29 18:30:00,-17.979
2018-08-29 18:15:00,-18.475
2018-08-29 18:00:00,-29.044
2018-08-29 17:45:00,-11.33
2018-08-29 17:30:00,-6.102
2018-08-29 17:15:00,-0.969
2018-08-29 17:00:00,-2.498
2018-08-29 16:45:00,-0.972
2018-08-29 16:30:00,-0.974
2018-08-29 16:15:00,-4.999
2018-08-29 16:00:00,-0.971
2018-08-29 15:45:00,-0.79
2018-08-29 15:30:00,-0.961
2018-08-29 15:15:00,-0.717
2018-08-29 15:00:00,-0.972
2018-08-29 14:45:00,-0.981
2018-08-29 14:30:00,-0.66
2018-08-29 14:15:00,-0.975
2018-08-29 14:00:00,-0.96
2018-08-29 13:45:00,27.003
2018-08-29 13:30:00,91.031
2018-08-29 13:15:00,75.938
2018-08-29 13:00:00,84.11
2018-08-29 12:45:00,103.226
2018-08-29 12:30:00,97.184
2018-08-29 12:15:00,62.891
2018-08-29 12:00:00,91.403
2018-08-29 11:45:00,91.04
2018-08-29 11:30:00,87.487
2018-08-29 11:15:00,79.712
2018-08-29 11:00:00,98.375
2018-08-29 10:45:00,62.165
2018-08-29 10:30:00,52.706
2018-08-29 10:15:00,60.318
2018-08-29 10:00:00,72.686
2018-08-29 09:45:00,62.31
2018-08-29 09:30:00,47.247
2018-08-29 09:15:00,32.28
2018-08-29 09:00:00,28.837
2018-08-29 08:45:00,20.327
2018-08-29 08:30:00,2.912
2018-08-29 08:15:00,-0.056
2018-08-29 08:00:00,-0.026
2018-08-29 07:45:00,-0.026
2018-08-29 07:30:00,0.014
2018-08-29 07:15:00,0.007
2018-08-29 07:00:00,-11.048
2018-08-29 06:45:00,-33.778
2018-08-29 06:30:00,-18.44
2018-08-29 06:15:00,-14.208
2018-08-29 06:00:00,-15.439
2018-08-29 05:45:00,-16.069
2018-08-29 05:30:00,-12.489
2018-08-29 05:15:00,-12.463
2018-08-29 05:00:00,-5.525
2018-08-29 04:45:00,-1.268
2018-08-29 04:30:00,-1.369
2018-08-29 04:15:00,-1.769
2018-08-29 04:00:00,-1.327
2018-08-29 03:45:00,-4.191
2018-08-29 03:30:00,-1.571
2018-08-29 03:15:00,-1.329
2018-08-29 03:00:00,-1.344
2018-08-29 02:45:00,-1.401
2018-08-29 02:30:00,-1.366
2018-08-29 02:15:00,-1.619
2018-08-29 02:00:00,-2.253
2018-08-29 01:45:00,-1.423
2018-08-29 01:30:00,-1.446
2018-08-29 01:15:00,-3.251
2018-08-29 01:00:00,-2.729
2018-08-29 00:45:00,-3.275
2018-08-29 00:30:00,-1.912
2018-08-29 00:15:00,-2.059
2018-08-29 00:00:00,-8.03
2018-08-28 23:45:00,-4.446
2018-08-28 23:30:00,-4.314
2018-08-28 23:15:00,-5.829
2018-08-28 23:00:00,-4.1
2018-08-28 22:45:00,-5.688
2018-08-28 22:30:00,-7.134
2018-08-28 22:15:00,-4.796
2018-08-28 22:00:00,-7.519
2018-08-28 21:45:00,-9.691
2018-08-28 21:30:00,-7.623
2018-08-28 21:15:00,-9.471
2018-08-28 21:00:00,-8.729
2018-08-28 20:45:00,-10.596
2018-08-28 20:30:00,-10.506
2018-08-28 20:15:00,-11.344
2018-08-28 20:00:00,-17.427
2018-08-28 19:45:00,-12.295
2018-08-28 19:30:00,-12.329
2018-08-28 19:15:00,-13.081
2018-08-28 19:00:00,-11.584
2018-08-28 18:45:00,-2.591
2018-08-28 18:30:00,-1.057
2018-08-28 18:15:00,9.195
2018-08-28 18:00:00,-4.775
2018-08-28 17:45:00,-3.637
2018-08-28 17:30:00,13.017
2018-08-28 17:15:00,22.07
2018-08-28 17:00:00,35.504
2018-08-28 16:45:00,36.04
2018-08-28 16:30:00,23.028
2018-08-28 16:15:00,-0.964
2018-08-28 16:00:00,-0.965
2018-08-28 15:45:00,-0.964
2018-08-28 15:30:00,-0.962
2018-08-28 15:15:00,-0.965
2018-08-28 15:00:00,-0.965
2018-08-28 14:45:00,-0.961
2018-08-28 14:30:00,-0.964
2018-08-28 14:15:00,-0.959
2018-08-28 14:00:00,-0.96
2018-08-28 13:45:00,-0.964
2018-08-28 13:30:00,-0.961
2018-08-28 13:15:00,-0.953
2018-08-28 13:00:00,-0.952
2018-08-28 12:45:00,-0.95
2018-08-28 12:30:00,-0.954
2018-08-28 12:15:00,-0.95
2018-08-28 12:00:00,0.849
2018-08-28 11:45:00,0.646
2018-08-28 11:30:00,0.293
2018-08-28 11:15:00,-0.952
2018-08-28 11:00:00,0.021
2018-08-28 10:45:00,-0.961
2018-08-28 10:30:00,-0.787
2018-08-28 10:15:00,-0.585
2018-08-28 10:00:00,-0.588
2018-08-28 09:45:00,-0.653
2018-08-28 09:30:00,-0.96
2018-08-28 09:15:00,-0.955
2018-08-28 09:00:00,-0.003
2018-08-28 08:45:00,18.703
2018-08-28 08:30:00,5.953
2018-08-28 08:15:00,-12.03
2018-08-28 08:00:00,-17.86
2018-08-28 07:45:00,-24.673
2018-08-28 07:30:00,-35.46
2018-08-28 07:15:00,-46.085
2018-08-28 07:00:00,-41.54
2018-08-28 06:45:00,-35.77
2018-08-28 06:30:00,-31.271
2018-08-28 06:15:00,-30.804
2018-08-28 06:00:00,-28.363
2018-08-28 05:45:00,-30.462
2018-08-28 05:30:00,-26.091
2018-08-28 05:15:00,-27.909
2018-08-28 05:00:00,-21.223
2018-08-28 04:45:00,-9.029
2018-08-28 04:30:00,-10.007
2018-08-28 04:15:00,-8.532
2018-08-28 04:00:00,-9.578
2018-08-28 03:45:00,-10.8
2018-08-28 03:30:00,-7.917
2018-08-28 03:15:00,-10.404
2018-08-28 03:00:00,-8.955
2018-08-28 02:45:00,-8.737
2018-08-28 02:30:00,-9.936
2018-08-28 02:15:00,-8.93
2018-08-28 02:00:00,-8.884
2018-08-28 01:45:00,-9.144
2018-08-28 01:30:00,-9.871
2018-08-28 01:15:00,-12.122
2018-08-28 01:00:00,-8.983
2018-08-28 00:45:00,-10.833
2018-08-28 00:30:00,-9.524
2018-08-28 00:15:00,-9.823
2018-08-28 00:00:00,-10.094
2018-08-27 23:45:00,-9.978
2018-08-27 23:30:00,-11.027
2018-08-27 23:15:00,-10.476
2018-08-27 23:00:00,-9.911
2018-08-27 22:45:00,-15.704
2018-08-27 22:30:00,-10.529
2018-08-27 22:15:00,-13.487
2018-08-27 22:00:00,-13.227
2018-08-27 21:45:00,-11.095
2018-08-27 21:30:00,-13.827
2018-08-27 21:15:00,-11.024
2018-08-27 21:00:00,-12.361
2018-08-27 20:45:00,-14.24
2018-08-27 20:30:00,-12.726
2018-08-27 20:15:00,-15.933
2018-08-27 20:00:00,-21.871
2018-08-27 19:45:00,-35.365
2018-08-27 19:30:00,-44.604
2018-08-27 19:15:00,-43.504
2018-08-27 19:00:00,-56.085
2018-08-27 18:45:00,-45.215
2018-08-27 18:30:00,-21.642
2018-08-27 18:15:00,-16.462
2018-08-27 18:00:00,-14.413
2018-08-27 17:45:00,-26.343
2018-08-27 17:30:00,-9.903
2018-08-27 17:15:00,-1.059
2018-08-27 17:00:00,-14.479
2018-08-27 16:45:00,-1.477
2018-08-27 16:30:00,-10.364
2018-08-27 16:15:00,-19.665
2018-08-27 16:00:00,-0.967
2018-08-27 15:45:00,-0.965
2018-08-27 15:30:00,-0.964
2018-08-27 15:15:00,-0.96
2018-08-27 15:00:00,-0.958
2018-08-27 14:45:00,-0.957
2018-08-27 14:30:00,-0.956
2018-08-27 14:15:00,-0.955
2018-08-27 14:00:00,-0.954
2018-08-27 13:45:00,9.132
2018-08-27 13:30:00,95.288
2018-08-27 13:15:00,101.371
2018-08-27 13:00:00,86.104
2018-08-27 12:45:00,95.888
2018-08-27 12:30:00,64.255
2018-08-27 12:15:00,95.421
2018-08-27 12:00:00,90.167
2018-08-27 11:45:00,94.347
2018-08-27 11:30:00,85.853
2018-08-27 11:15:00,102.622
2018-08-27 11:00:00,101.705
2018-08-27 10:45:00,95.171
2018-08-27 10:30:00,93.628
2018-08-27 10:15:00,80.453
2018-08-27 10:00:00,74.601
2018-08-27 09:45:00,64.663
2018-08-27 09:30:00,50.872
2018-08-27 09:15:00,40.046
2018-08-27 09:00:00,7.411
2018-08-27 08:45:00,-0.942
2018-08-27 08:30:00,-0.939
2018-08-27 08:15:00,-0.935
2018-08-27 08:00:00,-22.349
2018-08-27 07:45:00,-33.469
2018-08-27 07:30:00,-38.714
2018-08-27 07:15:00,-41.438
2018-08-27 07:00:00,-24.541
2018-08-27 06:45:00,-19.724
2018-08-27 06:30:00,-18.866
2018-08-27 06:15:00,-17.828
2018-08-27 06:00:00,-24.695
2018-08-27 05:45:00,-20.301
2018-08-27 05:30:00,-23.09
2018-08-27 05:15:00,-33.645
2018-08-27 05:00:00,-25.181
2018-08-27 04:45:00,-19.97
2018-08-27 04:30:00,-19.02
2018-08-27 04:15:00,-19.094
2018-08-27 04:00:00,-20.626
2018-08-27 03:45:00,-18.058
2018-08-27 03:30:00,-20.353
2018-08-27 03:15:00,-19.839
2018-08-27 03:00:00,-18.864
2018-08-27 02:45:00,-21.185
2018-08-27 02:30:00,-19.622
2018-08-27 02:15:00,-19.959
2018-08-27 02:00:00,-22.838
2018-08-27 01:45:00,-21.421
2018-08-27 01:30:00,-21.242
2018-08-27 01:15:00,-22.642
2018-08-27 01:00:00,-21.468
2018-08-27 00:45:00,-22.609
2018-08-27 00:30:00,-21.366
2018-08-27 00:15:00,-23.629
2018-08-27 00:00:00,-23.069
2018-08-26 23:45:00,-20.719
2018-08-26 23:30:00,-22.036
2018-08-26 23:15:00,-22.231
2018-08-26 23:00:00,-22.806
2018-08-26 22:45:00,-22.379
2018-08-26 22:30:00,-23.639
2018-08-26 22:15:00,-23.853
2018-08-26 22:00:00,-24.281
2018-08-26 21:45:00,-24.96
2018-08-26 21:30:00,-23.026
2018-08-26 21:15:00,-23.585
2018-08-26 21:00:00,-24.312
2018-08-26 20:45:00,-25.537
2018-08-26 20:30:00,-24.55
2018-08-26 20:15:00,-24.837
2018-08-26 20:00:00,-24.994
2018-08-26 19:45:00,-31.043
2018-08-26 19:30:00,-27.107
2018-08-26 19:15:00,-29.109
2018-08-26 19:00:00,-27.85
2018-08-26 18:45:00,-28.635
2018-08-26 18:30:00,-19.492
2018-08-26 18:15:00,-10.342
2018-08-26 18:00:00,-1.631
2018-08-26 17:45:00,-1.416
2018-08-26 17:30:00,-0.114
2018-08-26 17:15:00,-0.959
2018-08-26 17:00:00,-0.955
2018-08-26 16:45:00,-0.952
2018-08-26 16:30:00,-0.955
2018-08-26 16:15:00,-0.956
2018-08-26 16:00:00,-0.952
2018-08-26 15:45:00,-0.953
2018-08-26 15:30:00,-0.199
2018-08-26 15:15:00,-0.956
2018-08-26 15:00:00,-0.957
2018-08-26 14:45:00,-0.955
2018-08-26 14:30:00,-0.252
2018-08-26 14:15:00,-0.959
2018-08-26 14:00:00,-0.95
2018-08-26 13:45:00,-0.207
2018-08-26 13:30:00,-0.948
2018-08-26 13:15:00,-0.208
2018-08-26 13:00:00,-0.947
2018-08-26 12:45:00,-0.167
2018-08-26 12:30:00,-0.242
2018-08-26 12:15:00,1.064
2018-08-26 12:00:00,1.587
2018-08-26 11:45:00,2.36
2018-08-26 11:30:00,4.201
2018-08-26 11:15:00,78.736
2018-08-26 11:00:00,102.493
2018-08-26 10:45:00,72.529
2018-08-26 10:30:00,41.774
2018-08-26 10:15:00,10.777
2018-08-26 10:00:00,10.064
2018-08-26 09:45:00,22.797
2018-08-26 09:30:00,13.704
2018-08-26 09:15:00,8.162
2018-08-26 09:00:00,4.525
2018-08-26 08:45:00,-1.669
2018-08-26 08:30:00,-2.017
2018-08-26 08:15:00,-2.185
2018-08-26 08:00:00,-1.811
2018-08-26 07:45:00,-2.204
2018-08-26 07:30:00,-3.173
2018-08-26 07:15:00,-2.084
2018-08-26 07:00:00,-4.934
2018-08-26 06:45:00,-8.072
2018-08-26 06:30:00,-4.771
2018-08-26 06:15:00,-7.335
2018-08-26 06:00:00,-6.13
2018-08-26 05:45:00,-5.779
2018-08-26 05:30:00,-6.746
2018-08-26 05:15:00,-5.296
2018-08-26 05:00:00,-6.635
2018-08-26 04:45:00,-6.861
2018-08-26 04:30:00,-6.41
2018-08-26 04:15:00,-7.797
2018-08-26 04:00:00,-6.959
2018-08-26 03:45:00,-6.497
2018-08-26 03:30:00,-7.013
2018-08-26 03:15:00,-9.682
2018-08-26 03:00:00,-6.464
2018-08-26 02:45:00,-6.134
2018-08-26 02:30:00,-6.229
2018-08-26 02:15:00,-7.8
2018-08-26 02:00:00,-5.423
2018-08-26 01:45:00,-5.949
2018-08-26 01:30:00,-8.148
2018-08-26 01:15:00,-7.351
2018-08-26 01:00:00,-6.934
2018-08-26 00:45:00,-9.824
2018-08-26 00:30:00,-7.459
2018-08-26 00:15:00,-7.331
2018-08-26 00:00:00,-6.522
2018-08-25 23:45:00,-6.411
2018-08-25 23:30:00,-6.36
2018-08-25 23:15:00,-8.019
2018-08-25 23:00:00,-8.653
2018-08-25 22:45:00,-5.85
2018-08-25 22:30:00,-8.153
2018-08-25 22:15:00,-10.457
2018-08-25 22:00:00,-7.146
2018-08-25 21:45:00,-7.428
2018-08-25 21:30:00,-7.704
2018-08-25 21:15:00,-7.52
2018-08-25 21:00:00,-7.744
2018-08-25 20:45:00,-8.418
2018-08-25 20:30:00,-13.588
2018-08-25 20:15:00,-7.603
2018-08-25 20:00:00,-8.734
2018-08-25 19:45:00,-12.126
2018-08-25 19:30:00,-7.259
2018-08-25 19:15:00,-12.899
2018-08-25 19:00:00,-9.447
2018-08-25 18:45:00,-5.42
2018-08-25 18:30:00,-2.077
2018-08-25 18:15:00,-0.959
2018-08-25 18:00:00,-0.958
2018-08-25 17:45:00,-0.96
2018-08-25 17:30:00,-0.958
2018-08-25 17:15:00,-0.956
2018-08-25 17:00:00,-0.955
2018-08-25 16:45:00,-0.955
2018-08-25 16:30:00,-0.955
2018-08-25 16:15:00,-0.956
2018-08-25 16:00:00,-0.956
2018-08-25 15:45:00,-0.956
2018-08-25 15:30:00,-0.957
2018-08-25 15:15:00,-0.957
2018-08-25 15:00:00,-0.956
2018-08-25 14:45:00,-0.955
2018-08-25 14:30:00,-0.957
2018-08-25 14:15:00,-0.956
2018-08-25 14:00:00,-0.956
2018-08-25 13:45:00,-0.954
2018-08-25 13:30:00,-0.946
2018-08-25 13:15:00,-0.863
2018-08-25 13:00:00,95.218
2018-08-25 12:45:00,105.454
2018-08-25 12:30:00,105.483
2018-08-25 12:15:00,105.5
2018-08-25 12:00:00,105.594
2018-08-25 11:45:00,105.69
2018-08-25 11:30:00,98.498
2018-08-25 11:15:00,105.645
2018-08-25 11:00:00,105.869
2018-08-25 10:45:00,97.011
2018-08-25 10:30:00,83.931
2018-08-25 10:15:00,72.1
2018-08-25 10:00:00,61.236
2018-08-25 09:45:00,46.083
2018-08-25 09:30:00,29.562
2018-08-25 09:15:00,21.112
2018-08-25 09:00:00,18.106
2018-08-25 08:45:00,12.07
2018-08-25 08:30:00,8.063
2018-08-25 08:15:00,2.975
2018-08-25 08:00:00,2.63
2018-08-25 07:45:00,-0.47
2018-08-25 07:30:00,-1.57
2018-08-25 07:15:00,-1.495
2018-08-25 07:00:00,-4.876
2018-08-25 06:45:00,-5.803
2018-08-25 06:30:00,-5.746
2018-08-25 06:15:00,-11.354
2018-08-25 06:00:00,-4.258
2018-08-25 05:45:00,-6.92
2018-08-25 05:30:00,-11.524
2018-08-25 05:15:00,-9.293
2018-08-25 05:00:00,-11.376
2018-08-25 04:45:00,-12.679
2018-08-25 04:30:00,-11.918
2018-08-25 04:15:00,-13.664
2018-08-25 04:00:00,-11.975
2018-08-25 03:45:00,-13.372
2018-08-25 03:30:00,-15.166
2018-08-25 03:15:00,-14.782
2018-08-25 03:00:00,-17.266
2018-08-25 02:45:00,-17.925
2018-08-25 02:30:00,-17.318
2018-08-25 02:15:00,-18.054
2018-08-25 02:00:00,-16.431
2018-08-25 01:45:00,-17.988
2018-08-25 01:30:00,-19.553
2018-08-25 01:15:00,-20.915
2018-08-25 01:00:00,-21.093
2018-08-25 00:45:00,-21.397
2018-08-25 00:30:00,-19.883
2018-08-25 00:15:00,-23.563
2018-08-25 00:00:00,-23.04
2018-08-24 23:45:00,-22.26
2018-08-24 23:30:00,-22.432
2018-08-24 23:15:00,-21.961
2018-08-24 23:00:00,-22.802
2018-08-24 22:45:00,-22.838
2018-08-24 22:30:00,-22.404
2018-08-24 22:15:00,-22.309
2018-08-24 22:00:00,-25.057
2018-08-24 21:45:00,-25.173
2018-08-24 21:30:00,-22.07
2018-08-24 21:15:00,-24.074
2018-08-24 21:00:00,-23.038
2018-08-24 20:45:00,-25.384
2018-08-24 20:30:00,-29.521
2018-08-24 20:15:00,-26.491
2018-08-24 20:00:00,-27.647
2018-08-24 19:45:00,-27.163
2018-08-24 19:30:00,-32.713
2018-08-24 19:15:00,-33.095
2018-08-24 19:00:00,-32.548
2018-08-24 18:45:00,-35.167
2018-08-24 18:30:00,-29.59
2018-08-24 18:15:00,-21.513
2018-08-24 18:00:00,-37.204
2018-08-24 17:45:00,-21.075
2018-08-24 17:30:00,-21.25
2018-08-24 17:15:00,-29.62
2018-08-24 17:00:00,-12.679
2018-08-24 16:45:00,-31.997
2018-08-24 16:30:00,-3.086
2018-08-24 16:15:00,-0.414
2018-08-24 16:00:00,0.802
2018-08-24 15:45:00,3.453
2018-08-24 15:30:00,-3.646
2018-08-24 15:15:00,1.314
2018-08-24 15:00:00,2.678
2018-08-24 14:45:00,5.682
2018-08-24 14:30:00,78.62
2018-08-24 14:15:00,80.921
2018-08-24 14:00:00,102.63
2018-08-24 13:45:00,31.821
2018-08-24 13:30:00,105.515
2018-08-24 13:15:00,105.605
2018-08-24 13:00:00,105.729
2018-08-24 12:45:00,104.726
2018-08-24 12:30:00,104.719
2018-08-24 12:15:00,105.902
2018-08-24 12:00:00,105.92
2018-08-24 11:45:00,104.8
2018-08-24 11:30:00,103.917
2018-08-24 11:15:00,101.423
2018-08-24 11:00:00,80.041
2018-08-24 10:45:00,23.46
2018-08-24 10:30:00,1.241
2018-08-24 10:15:00,-0.956
2018-08-24 10:00:00,-0.956
2018-08-24 09:45:00,-0.949
2018-08-24 09:30:00,-0.949
2018-08-24 09:15:00,-0.949
2018-08-24 09:00:00,-0.95
2018-08-24 08:45:00,-0.95
2018-08-24 08:30:00,-0.984
2018-08-24 08:15:00,-24.765
2018-08-24 08:00:00,-39.115
2018-08-24 07:45:00,-40.037
2018-08-24 07:30:00,-37.705
2018-08-24 07:15:00,-21.442
2018-08-24 07:00:00,-20.53
2018-08-24 06:45:00,-19.573
2018-08-24 06:30:00,-11.148
2018-08-24 06:15:00,-10.938
2018-08-24 06:00:00,-12.199
2018-08-24 05:45:00,-12.676
2018-08-24 05:30:00,-19.329
2018-08-24 05:15:00,-23.901
2018-08-24 05:00:00,-31.332
2018-08-24 04:45:00,-15.158
2018-08-24 04:30:00,-14.55
2018-08-24 04:15:00,-15.9
2018-08-24 04:00:00,-13.996
2018-08-24 03:45:00,-15.46
2018-08-24 03:30:00,-15.476
2018-08-24 03:15:00,-15.262
2018-08-24 03:00:00,-15.799
2018-08-24 02:45:00,-14.385
2018-08-24 02:30:00,-15.029
2018-08-24 02:15:00,-15.053
2018-08-24 02:00:00,-14.882
2018-08-24 01:45:00,-15.137
2018-08-24 01:30:00,-16.858
2018-08-24 01:15:00,-28.884
2018-08-24 01:00:00,-12.255
2018-08-24 00:45:00,-6.367
2018-08-24 00:30:00,-8.747
2018-08-24 00:15:00,-9.056
2018-08-24 00:00:00,-5.475
2018-08-23 23:45:00,-14.179
2018-08-23 23:30:00,-24.549
2018-08-23 23:15:00,-26.77
2018-08-23 23:00:00,-27.118
2018-08-23 22:45:00,-26.347
2018-08-23 22:30:00,-28.425
2018-08-23 22:15:00,-29.021
2018-08-23 22:00:00,-28.83
2018-08-23 21:45:00,-29.857
2018-08-23 21:30:00,-29.748
2018-08-23 21:15:00,-32.166
2018-08-23 21:00:00,-32.304
2018-08-23 20:45:00,-31.798
2018-08-23 20:30:00,-33.208
2018-08-23 20:15:00,-39.314
2018-08-23 20:00:00,-37.788
2018-08-23 19:45:00,-37.326
2018-08-23 19:30:00,-40.314
2018-08-23 19:15:00,-46.729
2018-08-23 19:00:00,-45.064
2018-08-23 18:45:00,-40.576
2018-08-23 18:30:00,-31.563
2018-08-23 18:15:00,-26.415
2018-08-23 18:00:00,-31.799
2018-08-23 17:45:00,-15.452
2018-08-23 17:30:00,-8.381
2018-08-23 17:15:00,-0.966
2018-08-23 17:00:00,-2.685
2018-08-23 16:45:00,-0.971
2018-08-23 16:30:00,-0.966
2018-08-23 16:15:00,-0.973
2018-08-23 16:00:00,-0.967
2018-08-23 15:45:00,-0.966
2018-08-23 15:30:00,-0.966
2018-08-23 15:15:00,-0.967
2018-08-23 15:00:00,-0.967
2018-08-23 14:45:00,-0.964
2018-08-23 14:30:00,-0.957
2018-08-23 14:15:00,-0.958
2018-08-23 14:00:00,-0.957
2018-08-23 13:45:00,-0.958
2018-08-23 13:30:00,-0.956
2018-08-23 13:15:00,31.818
2018-08-23 13:00:00,98.555
2018-08-23 12:45:00,97.14
2018-08-23 12:30:00,100.577
2018-08-23 12:15:00,96.34
2018-08-23 12:00:00,96.91
2018-08-23 11:45:00,94.233
2018-08-23 11:30:00,87.809
2018-08-23 11:15:00,83.554
2018-08-23 11:00:00,96.854
2018-08-23 10:45:00,83.863
2018-08-23 10:30:00,78.793
2018-08-23 10:15:00,72.479
2018-08-23 10:00:00,64.533
2018-08-23 09:45:00,60.227
2018-08-23 09:30:00,39.848
2018-08-23 09:15:00,31.492
2018-08-23 09:00:00,11.094
2018-08-23 08:45:00,0.563
2018-08-23 08:30:00,-1.599
2018-08-23 08:15:00,-14.255
2018-08-23 08:00:00,-15.371
2018-08-23 07:45:00,-1.073
2018-08-23 07:30:00,-7.044
2018-08-23 07:15:00,-9.631
2018-08-23 07:00:00,-4.751
2018-08-23 06:45:00,-6.92
2018-08-23 06:30:00,-22.477
2018-08-23 06:15:00,-23.334
2018-08-23 06:00:00,-16.521
2018-08-23 05:45:00,-14.947
2018-08-23 05:30:00,-25.542
2018-08-23 05:15:00,-34.623
2018-08-23 05:00:00,-12.651
2018-08-23 04:45:00,-3.02
2018-08-23 04:30:00,-12.573
2018-08-23 04:15:00,-19.933
2018-08-23 04:00:00,-2.126
2018-08-23 03:45:00,-2.785
2018-08-23 03:30:00,-7.843
2018-08-23 03:15:00,-21.566
2018-08-23 03:00:00,-4.758
2018-08-23 02:45:00,-2.438
2018-08-23 02:30:00,-6.64
2018-08-23 02:15:00,-23.578
2018-08-23 02:00:00,-4.083
2018-08-23 01:45:00,-3.576
2018-08-23 01:30:00,-2.339
2018-08-23 01:15:00,-22.89
2018-08-23 01:00:00,-24.044
2018-08-23 00:45:00,-7.236
2018-08-23 00:30:00,-5.28
2018-08-23 00:15:00,-5.23
2018-08-23 00:00:00,-3.862
2018-08-22 23:45:00,-11.823
2018-08-22 23:30:00,-20.975
2018-08-22 23:15:00,-23.502
2018-08-22 23:00:00,-22.617
2018-08-22 22:45:00,-22.757
2018-08-22 22:30:00,-25.572
2018-08-22 22:15:00,-30.342
2018-08-22 22:00:00,-29.911
2018-08-22 21:45:00,-30.53
2018-08-22 21:30:00,-29.976
2018-08-22 21:15:00,-30.685
2018-08-22 21:00:00,-31.157
2018-08-22 20:45:00,-32.113
2018-08-22 20:30:00,-32.814
2018-08-22 20:15:00,-35.772
2018-08-22 20:00:00,-38.57
2018-08-22 19:45:00,-39.48
2018-08-22 19:30:00,-37.293
2018-08-22 19:15:00,-42.857
2018-08-22 19:00:00,-48.598
2018-08-22 18:45:00,-43.508
2018-08-22 18:30:00,-42.824
2018-08-22 18:15:00,-36.069
2018-08-22 18:00:00,-28.46
2018-08-22 17:45:00,-20.819
2018-08-22 17:30:00,-6.559
2018-08-22 17:15:00,-1.18
2018-08-22 17:00:00,-0.969
2018-08-22 16:45:00,-0.97
2018-08-22 16:30:00,-0.967
2018-08-22 16:15:00,-0.966
2018-08-22 16:00:00,-0.971
2018-08-22 15:45:00,-0.978
2018-08-22 15:30:00,-0.977
2018-08-22 15:15:00,-0.975
2018-08-22 15:00:00,-0.973
2018-08-22 14:45:00,-0.978
2018-08-22 14:30:00,-0.978
2018-08-22 14:15:00,-0.977
2018-08-22 14:00:00,-0.974
2018-08-22 13:45:00,-0.972
2018-08-22 13:30:00,-0.948
2018-08-22 13:15:00,64.778
2018-08-22 13:00:00,104.908
2018-08-22 12:45:00,105.267
2018-08-22 12:30:00,104.303
2018-08-22 12:15:00,100.868
2018-08-22 12:00:00,103.642
2018-08-22 11:45:00,104.957
2018-08-22 11:30:00,97.598
2018-08-22 11:15:00,90.822
2018-08-22 11:00:00,83.558
2018-08-22 10:45:00,66.228
2018-08-22 10:30:00,73.779
2018-08-22 10:15:00,66.45
2018-08-22 10:00:00,54.243
2018-08-22 09:45:00,48.205
2018-08-22 09:30:00,36.699
2018-08-22 09:15:00,13.216
2018-08-22 09:00:00,4.887
2018-08-22 08:45:00,-2.08
2018-08-22 08:30:00,-2.136
2018-08-22 08:15:00,-8.561
2018-08-22 08:00:00,-14.968
2018-08-22 07:45:00,-9.831
2018-08-22 07:30:00,-2.739
2018-08-22 07:15:00,-17.057
2018-08-22 07:00:00,-40.848
2018-08-22 06:45:00,-40.476
2018-08-22 06:30:00,-24.92
2018-08-22 06:15:00,-22.083
2018-08-22 06:00:00,-34.993
2018-08-22 05:45:00,-20.045
2018-08-22 05:30:00,-29.977
2018-08-22 05:15:00,-30.54
2018-08-22 05:00:00,-10.567
2018-08-22 04:45:00,-9.155
2018-08-22 04:30:00,-11.849
2018-08-22 04:15:00,-2.998
2018-08-22 04:00:00,-15.948
2018-08-22 03:45:00,-11.099
2018-08-22 03:30:00,-3.937
2018-08-22 03:15:00,-11.845
2018-08-22 03:00:00,-9.206
2018-08-22 02:45:00,-3.83
2018-08-22 02:30:00,-12.125
2018-08-22 02:15:00,-13.726
2018-08-22 02:00:00,-2.329
2018-08-22 01:45:00,-8.345
2018-08-22 01:30:00,-17.783
2018-08-22 01:15:00,-4.769
2018-08-22 01:00:00,-8.307
2018-08-22 00:45:00,-18.917
2018-08-22 00:30:00,-2.895
2018-08-22 00:15:00,-11.371
2018-08-22 00:00:00,-18.442
2018-08-21 23:45:00,-9.177
2018-08-21 23:30:00,-9.115
2018-08-21 23:15:00,-24.552
2018-08-21 23:00:00,-8.956
2018-08-21 22:45:00,-12.767
2018-08-21 22:30:00,-27.777
2018-08-21 22:15:00,-5.873
2018-08-21 22:00:00,-26.686
2018-08-21 21:45:00,-24.605
2018-08-21 21:30:00,-9.905
2018-08-21 21:15:00,-31.139
2018-08-21 21:00:00,-30.195
2018-08-21 20:45:00,-30.022
2018-08-21 20:30:00,-31.946
2018-08-21 20:15:00,-33.637
2018-08-21 20:00:00,-40.933
2018-08-21 19:45:00,-36.593
2018-08-21 19:30:00,-40.519
2018-08-21 19:15:00,-42.292
2018-08-21 19:00:00,-46.738
2018-08-21 18:45:00,-43.545
2018-08-21 18:30:00,-33.799
2018-08-21 18:15:00,-32.827
2018-08-21 18:00:00,-29.441
2018-08-21 17:45:00,-19.379
2018-08-21 17:30:00,-6.372
2018-08-21 17:15:00,-1.572
2018-08-21 17:00:00,-0.975
2018-08-21 16:45:00,-0.959
2018-08-21 16:30:00,-0.96
2018-08-21 16:15:00,-0.964
2018-08-21 16:00:00,-0.972
2018-08-21 15:45:00,-0.971
2018-08-21 15:30:00,-0.969
2018-08-21 15:15:00,-0.985
2018-08-21 15:00:00,79.235
2018-08-21 14:45:00,105.414
2018-08-21 14:30:00,105.348
2018-08-21 14:15:00,105.102
2018-08-21 14:00:00,105.377
2018-08-21 13:45:00,105.448
2018-08-21 13:30:00,105.496
2018-08-21 13:15:00,105.596
2018-08-21 13:00:00,105.673
2018-08-21 12:45:00,105.68
2018-08-21 12:30:00,105.781
2018-08-21 12:15:00,105.727
2018-08-21 12:00:00,106.002
2018-08-21 11:45:00,106.143
2018-08-21 11:30:00,26.532
2018-08-21 11:15:00,16.628
2018-08-21 11:00:00,-0.65
2018-08-21 10:45:00,-0.932
2018-08-21 10:30:00,-0.747
2018-08-21 10:15:00,-0.578
2018-08-21 10:00:00,-0.579
2018-08-21 09:45:00,-0.641
2018-08-21 09:30:00,-5.244
2018-08-21 09:15:00,-8.712
2018-08-21 09:00:00,-11.082
2018-08-21 08:45:00,-10.778
2018-08-21 08:30:00,-38.89
2018-08-21 08:15:00,-46.367
2018-08-21 08:00:00,-46.623
2018-08-21 07:45:00,-43.2
2018-08-21 07:30:00,-20.949
2018-08-21 07:15:00,-26.026
2018-08-21 07:00:00,-41.646
2018-08-21 06:45:00,-20.668
2018-08-21 06:30:00,-19.665
2018-08-21 06:15:00,-37.022
2018-08-21 06:00:00,-17.696
2018-08-21 05:45:00,-18.352
2018-08-21 05:30:00,-30.581
2018-08-21 05:15:00,-19.051
2018-08-21 05:00:00,-8.273
2018-08-21 04:45:00,-7.059
2018-08-21 04:30:00,-11.32
2018-08-21 04:15:00,-1.124
2018-08-21 04:00:00,-6.325
2018-08-21 03:45:00,-8.035
2018-08-21 03:30:00,-1.171
2018-08-21 03:15:00,-4.662
2018-08-21 03:00:00,-13.628
2018-08-21 02:45:00,-1.136
2018-08-21 02:30:00,-1.08
2018-08-21 02:15:00,-16.727
2018-08-21 02:00:00,-1.046
2018-08-21 01:45:00,-3.181
2018-08-21 01:30:00,-16.464
2018-08-21 01:15:00,-4.187
2018-08-21 01:00:00,-1.679
2018-08-21 00:45:00,-11.917
2018-08-21 00:30:00,-7.632
2018-08-21 00:15:00,-1.736
2018-08-21 00:00:00,-11.66
2018-08-20 23:45:00,-10.673
2018-08-20 23:30:00,-1.756
2018-08-20 23:15:00,-12.825
2018-08-20 23:00:00,-12.848
2018-08-20 22:45:00,-1.913
2018-08-20 22:30:00,-10.103
2018-08-20 22:15:00,-18.577
2018-08-20 22:00:00,-2.636
2018-08-20 21:45:00,-7.173
2018-08-20 21:30:00,-19.219
2018-08-20 21:15:00,-19.012
2018-08-20 21:00:00,-2.017
2018-08-20 20:45:00,-17.893
2018-08-20 20:30:00,-23.912
2018-08-20 20:15:00,-28.283
2018-08-20 20:00:00,-24.31
2018-08-20 19:45:00,-26.805
2018-08-20 19:30:00,-24.691
2018-08-20 19:15:00,-48.869
2018-08-20 19:00:00,-55.152
2018-08-20 18:45:00,-49.499
2018-08-20 18:30:00,-45.232
2018-08-20 18:15:00,-47.942
2018-08-20 18:00:00,-50.579
2018-08-20 17:45:00,-34.239
2018-08-20 17:30:00,-27.245
2018-08-20 17:15:00,-41.972
2018-08-20 17:00:00,-42.485
2018-08-20 16:45:00,-14.098
2018-08-20 16:30:00,-7.56
2018-08-20 16:15:00,-2.365
2018-08-20 16:00:00,-20.508
2018-08-20 15:45:00,-11.591
2018-08-20 15:30:00,-0.964
2018-08-20 15:15:00,-0.967
2018-08-20 15:00:00,-0.963
2018-08-20 14:45:00,-0.958
2018-08-20 14:30:00,38.5
2018-08-20 14:15:00,99.868
2018-08-20 14:00:00,89.842
2018-08-20 13:45:00,67.533
2018-08-20 13:30:00,90.075
2018-08-20 13:15:00,94.035
2018-08-20 13:00:00,87.763
2018-08-20 12:45:00,101.496
2018-08-20 12:30:00,90.653
2018-08-20 12:15:00,101.753
2018-08-20 12:00:00,103.541
2018-08-20 11:45:00,101.149
2018-08-20 11:30:00,98.232
2018-08-20 11:15:00,80.12
2018-08-20 11:00:00,64.953
2018-08-20 10:45:00,74.592
2018-08-20 10:30:00,55.45
2018-08-20 10:15:00,35.722
2018-08-20 10:00:00,16.525
2018-08-20 09:45:00,22.762
2018-08-20 09:30:00,-9.696
2018-08-20 09:15:00,-22.423
2018-08-20 09:00:00,-36.158
2018-08-20 08:45:00,-17.551
2018-08-20 08:30:00,-29.042
2018-08-20 08:15:00,-27.424
2018-08-20 08:00:00,-49.598
2018-08-20 07:45:00,-47.992
2018-08-20 07:30:00,-54.352
2018-08-20 07:15:00,-67.381
2018-08-20 07:00:00,-51.906
2018-08-20 06:45:00,-45.796
2018-08-20 06:30:00,-47.081
2018-08-20 06:15:00,-25.954
2018-08-20 06:00:00,-28.92
2018-08-20 05:45:00,-33.413
2018-08-20 05:30:00,-22.971
2018-08-20 05:15:00,-24.787
2018-08-20 05:00:00,-24.448
2018-08-20 04:45:00,-2.387
2018-08-20 04:30:00,-1.821
2018-08-20 04:15:00,-17.407
2018-08-20 04:00:00,-2.626
2018-08-20 03:45:00,-2.127
2018-08-20 03:30:00,-17.574
2018-08-20 03:15:00,-2.522
2018-08-20 03:00:00,-2.067
2018-08-20 02:45:00,-18.159
2018-08-20 02:30:00,-2.081
2018-08-20 02:15:00,-2.392
2018-08-20 02:00:00,-18.26
2018-08-20 01:45:00,-2.144
2018-08-20 01:30:00,-2.499
2018-08-20 01:15:00,-24.885
2018-08-20 01:00:00,-2.665
2018-08-20 00:45:00,-2.802
2018-08-20 00:30:00,-19.983
2018-08-20 00:15:00,-5.77
2018-08-20 00:00:00,-2.094
2018-08-19 23:45:00,-21.077
2018-08-19 23:30:00,-4.09
2018-08-19 23:15:00,-4.836
2018-08-19 23:00:00,-25.328
2018-08-19 22:45:00,-5.769
2018-08-19 22:30:00,-9.823
2018-08-19 22:15:00,-24.415
2018-08-19 22:00:00,-6.641
2018-08-19 21:45:00,-10.192
2018-08-19 21:30:00,-29.927
2018-08-19 21:15:00,-28.172
2018-08-19 21:00:00,-26.9
2018-08-19 20:45:00,-29.412
2018-08-19 20:30:00,-28.375
2018-08-19 20:15:00,-33.021
2018-08-19 20:00:00,-30.786
2018-08-19 19:45:00,-31.419
2018-08-19 19:30:00,-29.684
2018-08-19 19:15:00,-35.065
2018-08-19 19:00:00,-38.104
2018-08-19 18:45:00,-32.691
2018-08-19 18:30:00,-29.665
2018-08-19 18:15:00,-18.507
2018-08-19 18:00:00,-10.354
2018-08-19 17:45:00,-1.401
2018-08-19 17:30:00,-0.961
2018-08-19 17:15:00,-0.96
2018-08-19 17:00:00,-0.958
2018-08-19 16:45:00,-0.959
2018-08-19 16:30:00,-0.958
2018-08-19 16:15:00,-0.959
2018-08-19 16:00:00,-0.957
2018-08-19 15:45:00,-0.956
2018-08-19 15:30:00,-0.957
2018-08-19 15:15:00,-0.957
2018-08-19 15:00:00,-0.956
2018-08-19 14:45:00,-0.957
2018-08-19 14:30:00,-0.957
2018-08-19 14:15:00,-0.961
2018-08-19 14:00:00,-0.955
2018-08-19 13:45:00,-0.955
2018-08-19 13:30:00,-0.951
2018-08-19 13:15:00,-0.954
2018-08-19 13:00:00,-0.954
2018-08-19 12:45:00,-0.956
2018-08-19 12:30:00,-0.958
2018-08-19 12:15:00,-0.96
2018-08-19 12:00:00,-0.958
2018-08-19 11:45:00,-0.955
2018-08-19 11:30:00,-0.956
2018-08-19 11:15:00,-0.951
2018-08-19 11:00:00,-0.948
2018-08-19 10:45:00,-0.925
2018-08-19 10:30:00,74.758
2018-08-19 10:15:00,105.372
2018-08-19 10:00:00,102.584
2018-08-19 09:45:00,103.98
2018-08-19 09:30:00,100.72
2018-08-19 09:15:00,82.332
2018-08-19 09:00:00,83.721
2018-08-19 08:45:00,60.734
2018-08-19 08:30:00,56.411
2018-08-19 08:15:00,42.581
2018-08-19 08:00:00,18.562
2018-08-19 07:45:00,7.768
2018-08-19 07:30:00,5.04
2018-08-19 07:15:00,-4.254
2018-08-19 07:00:00,-2.379
2018-08-19 06:45:00,-1.808
2018-08-19 06:30:00,-8.618
2018-08-19 06:15:00,-11.159
2018-08-19 06:00:00,-1.726
2018-08-19 05:45:00,-1.899
2018-08-19 05:30:00,-15.802
2018-08-19 05:15:00,-2.42
2018-08-19 05:00:00,-2.059
2018-08-19 04:45:00,-15.18
2018-08-19 04:30:00,-2.658
2018-08-19 04:15:00,-1.909
2018-08-19 04:00:00,-15.021
2018-08-19 03:45:00,-6.056
2018-08-19 03:30:00,-1.838
2018-08-19 03:15:00,-18.836
2018-08-19 03:00:00,-4.61
2018-08-19 02:45:00,-2.053
2018-08-19 02:30:00,-14.29
2018-08-19 02:15:00,-6.831
2018-08-19 02:00:00,-2.092
2018-08-19 01:45:00,-14.752
2018-08-19 01:30:00,-6.954
2018-08-19 01:15:00,-3.681
2018-08-19 01:00:00,-13.936
2018-08-19 00:45:00,-14.268
2018-08-19 00:30:00,-2.39
2018-08-19 00:15:00,-17.5
2018-08-19 00:00:00,-5.287
2018-08-18 23:45:00,-4.283
2018-08-18 23:30:00,-21.628
2018-08-18 23:15:00,-4.069
2018-08-18 23:00:00,-11.829
2018-08-18 22:45:00,-22.649
2018-08-18 22:30:00,-3.237
2018-08-18 22:15:00,-16.628
2018-08-18 22:00:00,-25.623
2018-08-18 21:45:00,-15.557
2018-08-18 21:30:00,-10.712
2018-08-18 21:15:00,-29.877
2018-08-18 21:00:00,-30.811
2018-08-18 20:45:00,-30.097
2018-08-18 20:30:00,-35.404
2018-08-18 20:15:00,-31.899
2018-08-18 20:00:00,-32.52
2018-08-18 19:45:00,-33.496
2018-08-18 19:30:00,-37.682
2018-08-18 19:15:00,-33.103
2018-08-18 19:00:00,-35.683
2018-08-18 18:45:00,-27.403
2018-08-18 18:30:00,-21.067
2018-08-18 18:15:00,-9.879
2018-08-18 18:00:00,-5.961
2018-08-18 17:45:00,-0.972
2018-08-18 17:30:00,-0.971
2018-08-18 17:15:00,-0.97
2018-08-18 17:00:00,-0.967
2018-08-18 16:45:00,-0.967
2018-08-18 16:30:00,-0.968
2018-08-18 16:15:00,-0.968
2018-08-18 16:00:00,-0.97
2018-08-18 15:45:00,-0.965
2018-08-18 15:30:00,-0.969
2018-08-18 15:15:00,-0.972
2018-08-18 15:00:00,-0.967
2018-08-18 14:45:00,-0.961
2018-08-18 14:30:00,-0.96
2018-08-18 14:15:00,-0.961
2018-08-18 14:00:00,-0.963
2018-08-18 13:45:00,-0.963
2018-08-18 13:30:00,15.196
2018-08-18 13:15:00,105.42
2018-08-18 13:00:00,105.297
2018-08-18 12:45:00,105.19
2018-08-18 12:30:00,103.784
2018-08-18 12:15:00,102.279
2018-08-18 12:00:00,96.303
2018-08-18 11:45:00,103.899
2018-08-18 11:30:00,104.206
2018-08-18 11:15:00,105.45
2018-08-18 11:00:00,103.558
2018-08-18 10:45:00,65.17
2018-08-18 10:30:00,64.163
2018-08-18 10:15:00,88.349
2018-08-18 10:00:00,49.105
2018-08-18 09:45:00,14.705
2018-08-18 09:30:00,24.25
2018-08-18 09:15:00,17.214
2018-08-18 09:00:00,-1.413
2018-08-18 08:45:00,7.099
2018-08-18 08:30:00,0.124
2018-08-18 08:15:00,-0.027
2018-08-18 08:00:00,-2.063
2018-08-18 07:45:00,-1.403
2018-08-18 07:30:00,-9.581
2018-08-18 07:15:00,-5.713
2018-08-18 07:00:00,-5.539
2018-08-18 06:45:00,-19.559
2018-08-18 06:30:00,-12.633
2018-08-18 06:15:00,-8.448
2018-08-18 06:00:00,-19.486
2018-08-18 05:45:00,-11.474
2018-08-18 05:30:00,-4.584
2018-08-18 05:15:00,-15.673
2018-08-18 05:00:00,-21.391
2018-08-18 04:45:00,-6.16
2018-08-18 04:30:00,-12.88
2018-08-18 04:15:00,-18.244
2018-08-18 04:00:00,-6.809
2018-08-18 03:45:00,-9.203
2018-08-18 03:30:00,-28.102
2018-08-18 03:15:00,-5.956
2018-08-18 03:00:00,-4.634
2018-08-18 02:45:00,-25.426
2018-08-18 02:30:00,-6.614
2018-08-18 02:15:00,-7.251
2018-08-18 02:00:00,-24.129
2018-08-18 01:45:00,-5.711
2018-08-18 01:30:00,-9.654
2018-08-18 01:15:00,-29.206
2018-08-18 01:00:00,-13.54
2018-08-18 00:45:00,-8.998
2018-08-18 00:30:00,-25.262
2018-08-18 00:15:00,-12.867
2018-08-18 00:00:00,-11.491
2018-08-17 23:45:00,-29.122
2018-08-17 23:30:00,-19.939
2018-08-17 23:15:00,-9.067
2018-08-17 23:00:00,-29.622
2018-08-17 22:45:00,-30.341
2018-08-17 22:30:00,-32.286
2018-08-17 22:15:00,-36.501
2018-08-17 22:00:00,-32.073
2018-08-17 21:45:00,-32.582
2018-08-17 21:30:00,-33.145
2018-08-17 21:15:00,-32.743
2018-08-17 21:00:00,-39.93
2018-08-17 20:45:00,-31.991
2018-08-17 20:30:00,-35.847
2018-08-17 20:15:00,-36.015
2018-08-17 20:00:00,-37.473
2018-08-17 19:45:00,-35.018
2018-08-17 19:30:00,-35.815
2018-08-17 19:15:00,-47.662
2018-08-17 19:00:00,-48.27
2018-08-17 18:45:00,-45.568
2018-08-17 18:30:00,-28.718
2018-08-17 18:15:00,-32.902
2018-08-17 18:00:00,-31.993
2018-08-17 17:45:00,-20.419
2018-08-17 17:30:00,-6.676
2018-08-17 17:15:00,-0.968
2018-08-17 17:00:00,-0.972
2018-08-17 16:45:00,-0.973
2018-08-17 16:30:00,-0.976
2018-08-17 16:15:00,-0.974
2018-08-17 16:00:00,-0.972
2018-08-17 15:45:00,-0.973
2018-08-17 15:30:00,-0.969
2018-08-17 15:15:00,-0.975
2018-08-17 15:00:00,-0.971
2018-08-17 14:45:00,-0.972
2018-08-17 14:30:00,-0.97
2018-08-17 14:15:00,-0.967
2018-08-17 14:00:00,-0.965
2018-08-17 13:45:00,-0.956
2018-08-17 13:30:00,49.874
2018-08-17 13:15:00,103.112
2018-08-17 13:00:00,103.177
2018-08-17 12:45:00,100.913
2018-08-17 12:30:00,99.996
2018-08-17 12:15:00,79.206
2018-08-17 12:00:00,83.543
2018-08-17 11:45:00,75.697
2018-08-17 11:30:00,79.563
2018-08-17 11:15:00,71.169
2018-08-17 11:00:00,88.334
2018-08-17 10:45:00,82.946
2018-08-17 10:30:00,68.73
2018-08-17 10:15:00,68.729
2018-08-17 10:00:00,53.87
2018-08-17 09:45:00,43.262
2018-08-17 09:30:00,37.145
2018-08-17 09:15:00,17.712
2018-08-17 09:00:00,6.301
2018-08-17 08:45:00,-18.541
2018-08-17 08:30:00,-8.84
2018-08-17 08:15:00,-13.749
2018-08-17 08:00:00,-1.375
2018-08-17 07:45:00,-0.961
2018-08-17 07:30:00,-0.958
2018-08-17 07:15:00,-0.956
2018-08-17 07:00:00,-0.96
2018-08-17 06:45:00,-13.093
2018-08-17 06:30:00,-28.051
2018-08-17 06:15:00,-33.752
2018-08-17 06:00:00,-21.972
2018-08-17 05:45:00,-23.741
2018-08-17 05:30:00,-33.595
2018-08-17 05:15:00,-24.951
2018-08-17 05:00:00,-10.54
2018-08-17 04:45:00,-18.896
2018-08-17 04:30:00,-1.932
2018-08-17 04:15:00,-3.525
2018-08-17 04:00:00,-18.322
2018-08-17 03:45:00,-2.765
2018-08-17 03:30:00,-3.202
2018-08-17 03:15:00,-20.901
2018-08-17 03:00:00,-1.758
2018-08-17 02:45:00,-2.299
2018-08-17 02:30:00,-19.078
2018-08-17 02:15:00,-4.603
2018-08-17 02:00:00,-5.864
2018-08-17 01:45:00,-20.673
2018-08-17 01:30:00,-6.646
2018-08-17 01:15:00,-3.467
2018-08-17 01:00:00,-19.945
2018-08-17 00:45:00,-5.877
2018-08-17 00:30:00,-4.938
2018-08-17 00:15:00,-21.328
2018-08-17 00:00:00,-7.235
2018-08-16 23:45:00,-15.504
2018-08-16 23:30:00,-15.13
2018-08-16 23:15:00,-4.252
2018-08-16 23:00:00,-24.221
2018-08-16 22:45:00,-19.17
2018-08-16 22:30:00,-8.741
2018-08-16 22:15:00,-27.607
2018-08-16 22:00:00,-32.745
2018-08-16 21:45:00,-30.848
2018-08-16 21:30:00,-31.167
2018-08-16 21:15:00,-31.794
2018-08-16 21:00:00,-33.863
2018-08-16 20:45:00,-33.164
2018-08-16 20:30:00,-35.186
2018-08-16 20:15:00,-40.175
2018-08-16 20:00:00,-37.547
2018-08-16 19:45:00,-39.746
2018-08-16 19:30:00,-38.496
2018-08-16 19:15:00,-46.777
2018-08-16 19:00:00,-42.948
2018-08-16 18:45:00,-37.425
2018-08-16 18:30:00,-32.406
2018-08-16 18:15:00,-26.074
2018-08-16 18:00:00,-30.823
2018-08-16 17:45:00,-21.871
2018-08-16 17:30:00,-10.613
2018-08-16 17:15:00,-7.897
2018-08-16 17:00:00,-11.347
2018-08-16 16:45:00,-9.744
2018-08-16 16:30:00,-8.556
2018-08-16 16:15:00,0.686
2018-08-16 16:00:00,-0.097
2018-08-16 15:45:00,-0.909
2018-08-16 15:30:00,-1.153
2018-08-16 15:15:00,-0.966
2018-08-16 15:00:00,-0.968
2018-08-16 14:45:00,0.427
2018-08-16 14:30:00,-0.974
2018-08-16 14:15:00,-0.994
2018-08-16 14:00:00,-0.974
2018-08-16 13:45:00,-0.209
2018-08-16 13:30:00,-0.961
2018-08-16 13:15:00,-0.963
2018-08-16 13:00:00,-0.965
2018-08-16 12:45:00,-0.316
2018-08-16 12:30:00,-0.96
2018-08-16 12:15:00,-0.421
2018-08-16 12:00:00,-0.958
2018-08-16 11:45:00,-0.956
2018-08-16 11:30:00,-0.956
2018-08-16 11:15:00,-0.959
2018-08-16 11:00:00,-0.957
2018-08-16 10:45:00,-0.955
2018-08-16 10:30:00,-0.958
2018-08-16 10:15:00,-0.611
2018-08-16 10:00:00,77.492
2018-08-16 09:45:00,65.671
2018-08-16 09:30:00,-1.797
2018-08-16 09:15:00,7.561
2018-08-16 09:00:00,31.839
2018-08-16 08:45:00,11.163
2018-08-16 08:30:00,-18.358
2018-08-16 08:15:00,-8.916
2018-08-16 08:00:00,-9.036
2018-08-16 07:45:00,-7.8
2018-08-16 07:30:00,-17.76
2018-08-16 07:15:00,-8.241
2018-08-16 07:00:00,-24.047
2018-08-16 06:45:00,-20.614
2018-08-16 06:30:00,-3.065
2018-08-16 06:15:00,-6.318
2018-08-16 06:00:00,-2.882
2018-08-16 05:45:00,-15.7
2018-08-16 05:30:00,-1.863
2018-08-16 05:15:00,-4.698
2018-08-16 05:00:00,-3.519
2018-08-16 04:45:00,1.254
2018-08-16 04:30:00,4.64
2018-08-16 04:15:00,7.939
2018-08-16 04:00:00,-0.279
2018-08-16 03:45:00,4.211
2018-08-16 03:30:00,5.338
2018-08-16 03:15:00,5.528
2018-08-16 03:00:00,4.278
2018-08-16 02:45:00,3.225
2018-08-16 02:30:00,6.678
2018-08-16 02:15:00,6.534
2018-08-16 02:00:00,0.197
2018-08-16 01:45:00,2.852
2018-08-16 01:30:00,4.98
2018-08-16 01:15:00,-0.236
2018-08-16 01:00:00,3.717
2018-08-16 00:45:00,5.32
2018-08-16 00:30:00,6.84
2018-08-16 00:15:00,-1.732
2018-08-16 00:00:00,5.855
2018-08-15 23:45:00,5.007
2018-08-15 23:30:00,1.16
2018-08-15 23:15:00,0.117
2018-08-15 23:00:00,1.414
2018-08-15 22:45:00,5.098
2018-08-15 22:30:00,0.826
2018-08-15 22:15:00,-4.836
2018-08-15 22:00:00,2.731
2018-08-15 21:45:00,2.784
2018-08-15 21:30:00,-1.33
2018-08-15 21:15:00,-9.142
2018-08-15 21:00:00,-7.938
2018-08-15 20:45:00,-6.945
2018-08-15 20:30:00,-8.314
2018-08-15 20:15:00,-9.166
2018-08-15 20:00:00,-8.418
2018-08-15 19:45:00,-10.284
2018-08-15 19:30:00,-13.464
2018-08-15 19:15:00,-6.996
2018-08-15 19:00:00,-3.313
2018-08-15 18:45:00,-1.297
2018-08-15 18:30:00,-3.12
2018-08-15 18:15:00,-0.643
2018-08-15 18:00:00,-0.299
2018-08-15 17:45:00,-0.361
2018-08-15 17:30:00,0.034
2018-08-15 17:15:00,0.224
2018-08-15 17:00:00,-0.118
2018-08-15 16:45:00,1.768
2018-08-15 16:30:00,2.559
2018-08-15 16:15:00,8.142
2018-08-15 16:00:00,45.916
2018-08-15 15:45:00,79.588
2018-08-15 15:30:00,77.596
2018-08-15 15:15:00,69.98
2018-08-15 15:00:00,46.293
2018-08-15 14:45:00,5.57
2018-08-15 14:30:00,22.683
2018-08-15 14:15:00,22.685
2018-08-15 14:00:00,47.377
2018-08-15 13:45:00,72.406
2018-08-15 13:30:00,55.42
2018-08-15 13:15:00,68.34
2018-08-15 13:00:00,94.907
2018-08-15 12:45:00,57.17
2018-08-15 12:30:00,100.553
2018-08-15 12:15:00,96.529
2018-08-15 12:00:00,105.146
2018-08-15 11:45:00,104.913
2018-08-15 11:30:00,94.401
2018-08-15 11:15:00,62.993
2018-08-15 11:00:00,93.748
2018-08-15 10:45:00,29.804
2018-08-15 10:30:00,3.807
2018-08-15 10:15:00,16.389
2018-08-15 10:00:00,3.758
2018-08-15 09:45:00,-5.262
2018-08-15 09:30:00,-12.705
2018-08-15 09:15:00,-10.424
2018-08-15 09:00:00,-6.484
2018-08-15 08:45:00,-15.94
2018-08-15 08:30:00,-24.199
2018-08-15 08:15:00,-44.424
2018-08-15 08:00:00,-40.493
2018-08-15 07:45:00,-39.427
2018-08-15 07:30:00,-26.765
2018-08-15 07:15:00,-35.434
2018-08-15 07:00:00,-57.254
2018-08-15 06:45:00,-39.68
2018-08-15 06:30:00,-28.081
2018-08-15 06:15:00,-29.771
2018-08-15 06:00:00,-27.501
2018-08-15 05:45:00,-20.533
2018-08-15 05:30:00,-25.137
2018-08-15 05:15:00,-32.388
2018-08-15 05:00:00,-14.196
2018-08-15 04:45:00,-2.971
2018-08-15 04:30:00,-10.005
2018-08-15 04:15:00,-9.721
2018-08-15 04:00:00,-2.312
2018-08-15 03:45:00,-3.551
2018-08-15 03:30:00,-17.43
2018-08-15 03:15:00,-2.12
2018-08-15 03:00:00,-2.491
2018-08-15 02:45:00,-16.835
2018-08-15 02:30:00,-3.945
2018-08-15 02:15:00,-2.207
2018-08-15 02:00:00,-20.128
2018-08-15 01:45:00,-6.971
2018-08-15 01:30:00,-2.396
2018-08-15 01:15:00,-22.036
2018-08-15 01:00:00,-2.491
2018-08-15 00:45:00,-6.965
2018-08-15 00:30:00,-16.033
2018-08-15 00:15:00,-4.98
2018-08-15 00:00:00,-9.529
2018-08-14 23:45:00,-18.133
2018-08-14 23:30:00,-5.022
2018-08-14 23:15:00,-8.176
2018-08-14 23:00:00,-24.029
2018-08-14 22:45:00,-7.406
2018-08-14 22:30:00,-9.804
2018-08-14 22:15:00,-24.171
2018-08-14 22:00:00,-6.252
2018-08-14 21:45:00,-10.8
2018-08-14 21:30:00,-26.741
2018-08-14 21:15:00,-29.723
2018-08-14 21:00:00,-29.807
2018-08-14 20:45:00,-37.156
2018-08-14 20:30:00,-32.0
2018-08-14 20:15:00,-37.59
2018-08-14 20:00:00,-37.681
2018-08-14 19:45:00,-44.076
2018-08-14 19:30:00,-39.935
2018-08-14 19:15:00,-46.063
2018-08-14 19:00:00,-49.79
2018-08-14 18:45:00,-43.43
2018-08-14 18:30:00,-33.489
2018-08-14 18:15:00,-28.387
2018-08-14 18:00:00,-24.555
2018-08-14 17:45:00,-11.269
2018-08-14 17:30:00,-1.623
2018-08-14 17:15:00,-0.961
2018-08-14 17:00:00,-0.962
2018-08-14 16:45:00,-1.091
2018-08-14 16:30:00,-0.959
2018-08-14 16:15:00,-5.938
2018-08-14 16:00:00,-4.899
2018-08-14 15:45:00,-6.395
2018-08-14 15:30:00,-7.854
2018-08-14 15:15:00,-0.967
2018-08-14 15:00:00,-0.967
2018-08-14 14:45:00,-1.369
2018-08-14 14:30:00,-0.971
2018-08-14 14:15:00,-0.965
2018-08-14 14:00:00,-0.955
2018-08-14 13:45:00,-0.955
2018-08-14 13:30:00,-0.956
2018-08-14 13:15:00,-0.956
2018-08-14 13:00:00,-0.954
2018-08-14 12:45:00,36.757
2018-08-14 12:30:00,95.386
2018-08-14 12:15:00,90.192
2018-08-14 12:00:00,85.906
2018-08-14 11:45:00,80.638
2018-08-14 11:30:00,81.496
2018-08-14 11:15:00,70.902
2018-08-14 11:00:00,86.717
2018-08-14 10:45:00,84.294
2018-08-14 10:30:00,77.561
2018-08-14 10:15:00,60.965
2018-08-14 10:00:00,50.379
2018-08-14 09:45:00,43.421
2018-08-14 09:30:00,40.607
2018-08-14 09:15:00,25.939
2018-08-14 09:00:00,-6.366
2018-08-14 08:45:00,23.067
2018-08-14 08:30:00,1.564
2018-08-14 08:15:00,-16.484
2018-08-14 08:00:00,-2.021
2018-08-14 07:45:00,-6.838
2018-08-14 07:30:00,-38.452
2018-08-14 07:15:00,-20.29
2018-08-14 07:00:00,-21.053
2018-08-14 06:45:00,-18.92
2018-08-14 06:30:00,-21.207
2018-08-14 06:15:00,-12.57
2018-08-14 06:00:00,-10.845
2018-08-14 05:45:00,-14.673
2018-08-14 05:30:00,-12.001
2018-08-14 05:15:00,-20.727
2018-08-14 05:00:00,-6.363
2018-08-14 04:45:00,-0.945
2018-08-14 04:30:00,-0.946
2018-08-14 04:15:00,-1.389
2018-08-14 04:00:00,-9.117
2018-08-14 03:45:00,-0.951
2018-08-14 03:30:00,-0.952
2018-08-14 03:15:00,-2.878
2018-08-14 03:00:00,-6.493
2018-08-14 02:45:00,-1.077
2018-08-14 02:30:00,-1.742
2018-08-14 02:15:00,-9.612
2018-08-14 02:00:00,-2.356
2018-08-14 01:45:00,-1.211
2018-08-14 01:30:00,-9.208
2018-08-14 01:15:00,-3.531
2018-08-14 01:00:00,-0.959
2018-08-14 00:45:00,-7.624
2018-08-14 00:30:00,-5.197
2018-08-14 00:15:00,-0.959
2018-08-14 00:00:00,-3.974
2018-08-13 23:45:00,-13.017
2018-08-13 23:30:00,-1.974
2018-08-13 23:15:00,-1.703
2018-08-13 23:00:00,-14.536
2018-08-13 22:45:00,-5.688
2018-08-13 22:30:00,-0.964
2018-08-13 22:15:00,-15.388
2018-08-13 22:00:00,-18.233
2018-08-13 21:45:00,-21.82
2018-08-13 21:30:00,-24.919
2018-08-13 21:15:00,-27.041
2018-08-13 21:00:00,-27.192
2018-08-13 20:45:00,-26.504
2018-08-13 20:30:00,-24.059
2018-08-13 20:15:00,-22.423
2018-08-13 20:00:00,-22.103
2018-08-13 19:45:00,-24.03
2018-08-13 19:30:00,-33.125
2018-08-13 19:15:00,-54.036
2018-08-13 19:00:00,-63.448
2018-08-13 18:45:00,-62.485
2018-08-13 18:30:00,-52.819
2018-08-13 18:15:00,-49.866
2018-08-13 18:00:00,-44.903
2018-08-13 17:45:00,-32.199
2018-08-13 17:30:00,-18.269
2018-08-13 17:15:00,-9.036
2018-08-13 17:00:00,-6.106
2018-08-13 16:45:00,-0.969
2018-08-13 16:30:00,-0.967
2018-08-13 16:15:00,-0.968
2018-08-13 16:00:00,-0.97
2018-08-13 15:45:00,-0.969
2018-08-13 15:30:00,-0.969
2018-08-13 15:15:00,-0.968
2018-08-13 15:00:00,-0.967
2018-08-13 14:45:00,3.029
2018-08-13 14:30:00,76.426
2018-08-13 14:15:00,75.68
2018-08-13 14:00:00,74.785
2018-08-13 13:45:00,77.581
2018-08-13 13:30:00,74.189
2018-08-13 13:15:00,80.22
2018-08-13 13:00:00,83.944
2018-08-13 12:45:00,82.935
2018-08-13 12:30:00,86.231
2018-08-13 12:15:00,84.601
2018-08-13 12:00:00,89.671
2018-08-13 11:45:00,86.716
2018-08-13 11:30:00,83.07
2018-08-13 11:15:00,67.021
2018-08-13 11:00:00,84.557
2018-08-13 10:45:00,78.921
2018-08-13 10:30:00,69.215
2018-08-13 10:15:00,67.166
2018-08-13 10:00:00,58.578
2018-08-13 09:45:00,50.725
2018-08-13 09:30:00,34.977
2018-08-13 09:15:00,21.26
2018-08-13 09:00:00,5.118
2018-08-13 08:45:00,-13.223
2018-08-13 08:30:00,-37.853
2018-08-13 08:15:00,-23.155
2018-08-13 08:00:00,-12.814
2018-08-13 07:45:00,-15.91
2018-08-13 07:30:00,-38.535
2018-08-13 07:15:00,-37.584
2018-08-13 07:00:00,-25.341
2018-08-13 06:45:00,-46.026
2018-08-13 06:30:00,-29.797
2018-08-13 06:15:00,-25.197
2018-08-13 06:00:00,-36.316
2018-08-13 05:45:00,-24.766
2018-08-13 05:30:00,-24.869
2018-08-13 05:15:00,-33.002
2018-08-13 05:00:00,-10.241
2018-08-13 04:45:00,-15.76
2018-08-13 04:30:00,-8.358
2018-08-13 04:15:00,-6.752
2018-08-13 04:00:00,-16.361
2018-08-13 03:45:00,-4.186
2018-08-13 03:30:00,-17.108
2018-08-13 03:15:00,-5.152
2018-08-13 03:00:00,-11.787
2018-08-13 02:45:00,-12.306
2018-08-13 02:30:00,-6.317
2018-08-13 02:15:00,-17.745
2018-08-13 02:00:00,-6.014
2018-08-13 01:45:00,-10.569
2018-08-13 01:30:00,-18.218
2018-08-13 01:15:00,-5.13
2018-08-13 01:00:00,-20.8
2018-08-13 00:45:00,-8.143
2018-08-13 00:30:00,-11.516
2018-08-13 00:15:00,-17.51
2018-08-13 00:00:00,-5.472
2018-08-12 23:45:00,-25.481
2018-08-12 23:30:00,-5.91
2018-08-12 23:15:00,-19.005
2018-08-12 23:00:00,-29.585
2018-08-12 22:45:00,-31.084
2018-08-12 22:30:00,-29.164
2018-08-12 22:15:00,-33.356
2018-08-12 22:00:00,-29.805
2018-08-12 21:45:00,-33.622
2018-08-12 21:30:00,-29.446
2018-08-12 21:15:00,-35.907
2018-08-12 21:00:00,-34.457
2018-08-12 20:45:00,-37.435
2018-08-12 20:30:00,-35.4
2018-08-12 20:15:00,-37.46
2018-08-12 20:00:00,-36.674
2018-08-12 19:45:00,-39.624
2018-08-12 19:30:00,-36.467
2018-08-12 19:15:00,-41.322
2018-08-12 19:00:00,-38.185
2018-08-12 18:45:00,-36.341
2018-08-12 18:30:00,-25.993
2018-08-12 18:15:00,-19.332
2018-08-12 18:00:00,-9.212
2018-08-12 17:45:00,-1.612
2018-08-12 17:30:00,-0.963
2018-08-12 17:15:00,-0.964
2018-08-12 17:00:00,-0.962
2018-08-12 16:45:00,-0.961
2018-08-12 16:30:00,-0.962
2018-08-12 16:15:00,-0.964
2018-08-12 16:00:00,-0.965
2018-08-12 15:45:00,-0.966
2018-08-12 15:30:00,-0.969
2018-08-12 15:15:00,-0.974
2018-08-12 15:00:00,-0.973
2018-08-12 14:45:00,-0.966
2018-08-12 14:30:00,-0.965
2018-08-12 14:15:00,-0.966
2018-08-12 14:00:00,-0.965
2018-08-12 13:45:00,-0.962
2018-08-12 13:30:00,-0.957
2018-08-12 13:15:00,-0.96
2018-08-12 13:00:00,-0.961
2018-08-12 12:45:00,-0.957
2018-08-12 12:30:00,-0.88
2018-08-12 12:15:00,88.105
2018-08-12 12:00:00,105.103
2018-08-12 11:45:00,105.031
2018-08-12 11:30:00,105.033
2018-08-12 11:15:00,105.146
2018-08-12 11:00:00,105.179
2018-08-12 10:45:00,105.188
2018-08-12 10:30:00,105.159
2018-08-12 10:15:00,102.82
2018-08-12 10:00:00,105.251
2018-08-12 09:45:00,80.558
2018-08-12 09:30:00,67.394
2018-08-12 09:15:00,68.308
2018-08-12 09:00:00,17.527
2018-08-12 08:45:00,21.798
2018-08-12 08:30:00,8.308
2018-08-12 08:15:00,1.158
2018-08-12 08:00:00,0.655
2018-08-12 07:45:00,-3.888
2018-08-12 07:30:00,-4.637
2018-08-12 07:15:00,-1.557
2018-08-12 07:00:00,-18.409
2018-08-12 06:45:00,-3.686
2018-08-12 06:30:00,-14.136
2018-08-12 06:15:00,-10.787
2018-08-12 06:00:00,-5.019
2018-08-12 05:45:00,-20.954
2018-08-12 05:30:00,-3.884
2018-08-12 05:15:00,-11.174
2018-08-12 05:00:00,-12.962
2018-08-12 04:45:00,-3.751
2018-08-12 04:30:00,-20.298
2018-08-12 04:15:00,-6.174
2018-08-12 04:00:00,-11.313
2018-08-12 03:45:00,-14.517
2018-08-12 03:30:00,-4.382
2018-08-12 03:15:00,-20.528
2018-08-12 03:00:00,-5.501
2018-08-12 02:45:00,-12.598
2018-08-12 02:30:00,-14.128
2018-08-12 02:15:00,-12.335
2018-08-12 02:00:00,-20.054
2018-08-12 01:45:00,-6.444
2018-08-12 01:30:00,-21.315
2018-08-12 01:15:00,-12.027
2018-08-12 01:00:00,-10.136
2018-08-12 00:45:00,-28.203
2018-08-12 00:30:00,-26.709
2018-08-12 00:15:00,-30.286
2018-08-12 00:00:00,-28.61
2018-08-11 23:45:00,-30.505
2018-08-11 23:30:00,-30.454
2018-08-11 23:15:00,-34.291
2018-08-11 23:00:00,-31.831
2018-08-11 22:45:00,-31.956
2018-08-11 22:30:00,-31.856
2018-08-11 22:15:00,-31.67
2018-08-11 22:00:00,-33.773
2018-08-11 21:45:00,-31.225
2018-08-11 21:30:00,-36.676
2018-08-11 21:15:00,-34.995
2018-08-11 21:00:00,-36.579
2018-08-11 20:45:00,-33.59
2018-08-11 20:30:00,-36.775
2018-08-11 20:15:00,-37.262
2018-08-11 20:00:00,-39.185
2018-08-11 19:45:00,-38.082
2018-08-11 19:30:00,-39.824
2018-08-11 19:15:00,-38.801
2018-08-11 19:00:00,-40.244
2018-08-11 18:45:00,-36.075
2018-08-11 18:30:00,-28.203
2018-08-11 18:15:00,-18.035
2018-08-11 18:00:00,-11.374
2018-08-11 17:45:00,-1.713
2018-08-11 17:30:00,-0.971
2018-08-11 17:15:00,-0.969
2018-08-11 17:00:00,-0.969
2018-08-11 16:45:00,-0.963
2018-08-11 16:30:00,-0.963
2018-08-11 16:15:00,-0.963
2018-08-11 16:00:00,-0.962
2018-08-11 15:45:00,-0.962
2018-08-11 15:30:00,-0.963
2018-08-11 15:15:00,-0.966
2018-08-11 15:00:00,-0.966
2018-08-11 14:45:00,-0.968
2018-08-11 14:30:00,-0.97
2018-08-11 14:15:00,-0.969
2018-08-11 14:00:00,-0.969
2018-08-11 13:45:00,-0.972
2018-08-11 13:30:00,-0.973
2018-08-11 13:15:00,-0.971
2018-08-11 13:00:00,-0.968
2018-08-11 12:45:00,-0.963
2018-08-11 12:30:00,29.759
2018-08-11 12:15:00,105.449
2018-08-11 12:00:00,105.351
2018-08-11 11:45:00,105.318
2018-08-11 11:30:00,105.348
2018-08-11 11:15:00,105.436
2018-08-11 11:00:00,105.665
2018-08-11 10:45:00,105.717
2018-08-11 10:30:00,95.168
2018-08-11 10:15:00,92.675
2018-08-11 10:00:00,87.202
2018-08-11 09:45:00,80.504
2018-08-11 09:30:00,87.096
2018-08-11 09:15:00,52.186
2018-08-11 09:00:00,64.091
2018-08-11 08:45:00,34.508
2018-08-11 08:30:00,44.335
2018-08-11 08:15:00,27.246
2018-08-11 08:00:00,37.834
2018-08-11 07:45:00,10.039
2018-08-11 07:30:00,16.697
2018-08-11 07:15:00,4.682
2018-08-11 07:00:00,-0.92
2018-08-11 06:45:00,-5.42
2018-08-11 06:30:00,-4.766
2018-08-11 06:15:00,-2.661
2018-08-11 06:00:00,-8.653
2018-08-11 05:45:00,-0.952
2018-08-11 05:30:00,-10.713
2018-08-11 05:15:00,-0.954
2018-08-11 05:00:00,-7.474
2018-08-11 04:45:00,-5.037
2018-08-11 04:30:00,-3.126
2018-08-11 04:15:00,-11.051
2018-08-11 04:00:00,-1.47
2018-08-11 03:45:00,-13.486
2018-08-11 03:30:00,-3.882
2018-08-11 03:15:00,-0.962
2018-08-11 03:00:00,-12.368
2018-08-11 02:45:00,-17.906
2018-08-11 02:30:00,-16.005
2018-08-11 02:15:00,-18.193
2018-08-11 02:00:00,-18.651
2018-08-11 01:45:00,-21.114
2018-08-11 01:30:00,-21.893
2018-08-11 01:15:00,-28.162
2018-08-11 01:00:00,-29.12
2018-08-11 00:45:00,-32.86
2018-08-11 00:30:00,-30.067
2018-08-11 00:15:00,-34.128
2018-08-11 00:00:00,-29.419
2018-08-10 23:45:00,-34.15
2018-08-10 23:30:00,-32.604
2018-08-10 23:15:00,-40.667
2018-08-10 23:00:00,-33.247
2018-08-10 22:45:00,-36.108
2018-08-10 22:30:00,-34.558
2018-08-10 22:15:00,-38.534
2018-08-10 22:00:00,-37.934
2018-08-10 21:45:00,-38.512
2018-08-10 21:30:00,-37.114
2018-08-10 21:15:00,-38.557
2018-08-10 21:00:00,-38.669
2018-08-10 20:45:00,-44.658
2018-08-10 20:30:00,-41.19
2018-08-10 20:15:00,-42.225
2018-08-10 20:00:00,-44.999
2018-08-10 19:45:00,-43.905
2018-08-10 19:30:00,-46.911
2018-08-10 19:15:00,-44.491
2018-08-10 19:00:00,-46.296
2018-08-10 18:45:00,-41.959
2018-08-10 18:30:00,-37.008
2018-08-10 18:15:00,-30.768
2018-08-10 18:00:00,-30.432
2018-08-10 17:45:00,-18.25
2018-08-10 17:30:00,-8.743
2018-08-10 17:15:00,-1.131
2018-08-10 17:00:00,-0.976
2018-08-10 16:45:00,-0.975
2018-08-10 16:30:00,-0.976
2018-08-10 16:15:00,-0.977
2018-08-10 16:00:00,-0.98
2018-08-10 15:45:00,-0.98
2018-08-10 15:30:00,-0.978
2018-08-10 15:15:00,-0.975
2018-08-10 15:00:00,-0.976
2018-08-10 14:45:00,32.118
2018-08-10 14:30:00,86.937
2018-08-10 14:15:00,79.786
2018-08-10 14:00:00,75.861
2018-08-10 13:45:00,85.717
2018-08-10 13:30:00,85.944
2018-08-10 13:15:00,88.69
2018-08-10 13:00:00,81.52
2018-08-10 12:45:00,88.91
2018-08-10 12:30:00,80.635
2018-08-10 12:15:00,80.803
2018-08-10 12:00:00,74.321
2018-08-10 11:45:00,75.125
2018-08-10 11:30:00,64.93
2018-08-10 11:15:00,58.791
2018-08-10 11:00:00,75.448
2018-08-10 10:45:00,63.146
2018-08-10 10:30:00,65.3
2018-08-10 10:15:00,47.785
2018-08-10 10:00:00,51.073
2018-08-10 09:45:00,45.581
2018-08-10 09:30:00,52.451
2018-08-10 09:15:00,56.034
2018-08-10 09:00:00,32.746
2018-08-10 08:45:00,19.837
2018-08-10 08:30:00,13.83
2018-08-10 08:15:00,12.84
2018-08-10 08:00:00,-1.012
2018-08-10 07:45:00,-0.977
2018-08-10 07:30:00,-0.978
2018-08-10 07:15:00,-0.976
2018-08-10 07:00:00,-0.975
2018-08-10 06:45:00,-9.078
2018-08-10 06:30:00,-15.822
2018-08-10 06:15:00,-2.655
2018-08-10 06:00:00,-27.496
2018-08-10 05:45:00,-9.361
2018-08-10 05:30:00,-8.365
2018-08-10 05:15:00,-22.304
2018-08-10 05:00:00,-8.693
2018-08-10 04:45:00,2.52
2018-08-10 04:30:00,0.21
2018-08-10 04:15:00,-5.537
2018-08-10 04:00:00,-10.408
2018-08-10 03:45:00,-6.242
2018-08-10 03:30:00,-2.184
2018-08-10 03:15:00,-10.959
2018-08-10 03:00:00,-5.558
2018-08-10 02:45:00,-8.034
2018-08-10 02:30:00,-9.569
2018-08-10 02:15:00,-8.392
2018-08-10 02:00:00,-11.57
2018-08-10 01:45:00,-11.252
2018-08-10 01:30:00,-13.877
2018-08-10 01:15:00,-9.786
2018-08-10 01:00:00,-15.132
2018-08-10 00:45:00,-13.086
2018-08-10 00:30:00,-11.108
2018-08-10 00:15:00,-17.751
2018-08-10 00:00:00,-10.895
2018-08-09 23:45:00,-16.104
2018-08-09 23:30:00,-18.379
2018-08-09 23:15:00,-22.39
2018-08-09 23:00:00,-20.298
2018-08-09 22:45:00,-25.432
2018-08-09 22:30:00,-23.097
2018-08-09 22:15:00,-25.144
2018-08-09 22:00:00,-25.896
2018-08-09 21:45:00,-23.826
2018-08-09 21:30:00,-26.661
2018-08-09 21:15:00,-23.121
2018-08-09 21:00:00,-29.33
2018-08-09 20:45:00,-24.156
2018-08-09 20:30:00,-30.362
2018-08-09 20:15:00,-29.117
2018-08-09 20:00:00,-28.738
2018-08-09 19:45:00,-36.101
2018-08-09 19:30:00,-31.37
2018-08-09 19:15:00,-36.359
2018-08-09 19:00:00,-32.956
2018-08-09 18:45:00,-29.387
2018-08-09 18:30:00,-19.407
2018-08-09 18:15:00,-24.697
2018-08-09 18:00:00,-38.796
2018-08-09 17:45:00,-28.382
2018-08-09 17:30:00,-21.703
2018-08-09 17:15:00,-25.0
2018-08-09 17:00:00,-26.391
2018-08-09 16:45:00,0.413
2018-08-09 16:30:00,-30.627
2018-08-09 16:15:00,-43.099
2018-08-09 16:00:00,-53.821
2018-08-09 15:45:00,-52.379
2018-08-09 15:30:00,-52.406
2018-08-09 15:15:00,-22.606
2018-08-09 15:00:00,-3.528
2018-08-09 14:45:00,-6.343
2018-08-09 14:30:00,23.283
2018-08-09 14:15:00,31.848
2018-08-09 14:00:00,22.136
2018-08-09 13:45:00,82.521
2018-08-09 13:30:00,86.853
2018-08-09 13:15:00,68.316
2018-08-09 13:00:00,79.938
2018-08-09 12:45:00,105.428
2018-08-09 12:30:00,66.815
2018-08-09 12:15:00,56.947
2018-08-09 12:00:00,88.848
2018-08-09 11:45:00,72.581
2018-08-09 11:30:00,89.248
2018-08-09 11:15:00,81.543
2018-08-09 11:00:00,76.857
2018-08-09 10:45:00,66.472
2018-08-09 10:30:00,63.416
2018-08-09 10:15:00,54.487
2018-08-09 10:00:00,50.661
2018-08-09 09:45:00,33.672
2018-08-09 09:30:00,32.124
2018-08-09 09:15:00,14.072
2018-08-09 09:00:00,2.458
2018-08-09 08:45:00,-1.826
2018-08-09 08:30:00,-2.962
2018-08-09 08:15:00,-14.132
2018-08-09 08:00:00,-22.259
2018-08-09 07:45:00,-8.64
2018-08-09 07:30:00,-6.735
2018-08-09 07:15:00,-10.128
2018-08-09 07:00:00,-9.253
2018-08-09 06:45:00,-14.051
2018-08-09 06:30:00,-15.293
2018-08-09 06:15:00,-6.102
2018-08-09 06:00:00,-26.545
2018-08-09 05:45:00,-8.301
2018-08-09 05:30:00,-12.752
2018-08-09 05:15:00,-29.35
2018-08-09 05:00:00,-3.649
2018-08-09 04:45:00,-10.294
2018-08-09 04:30:00,-8.51
2018-08-09 04:15:00,-2.249
2018-08-09 04:00:00,-13.744
2018-08-09 03:45:00,-9.53
2018-08-09 03:30:00,-2.136
2018-08-09 03:15:00,-15.13
2018-08-09 03:00:00,-10.323
2018-08-09 02:45:00,-1.073
2018-08-09 02:30:00,-18.495
2018-08-09 02:15:00,-12.878
2018-08-09 02:00:00,-1.068
2018-08-09 01:45:00,-15.737
2018-08-09 01:30:00,-20.302
2018-08-09 01:15:00,-23.558
2018-08-09 01:00:00,-25.638
2018-08-09 00:45:00,-28.919
2018-08-09 00:30:00,-25.731
2018-08-09 00:15:00,-29.673
2018-08-09 00:00:00,-27.247
2018-08-08 23:45:00,-28.562
2018-08-08 23:30:00,-27.414
2018-08-08 23:15:00,-33.273
2018-08-08 23:00:00,-29.83
2018-08-08 22:45:00,-36.498
2018-08-08 22:30:00,-31.778
2018-08-08 22:15:00,-35.111
2018-08-08 22:00:00,-36.763
2018-08-08 21:45:00,-35.65
2018-08-08 21:30:00,-34.899
2018-08-08 21:15:00,-37.037
2018-08-08 21:00:00,-39.125
2018-08-08 20:45:00,-37.61
2018-08-08 20:30:00,-40.53
2018-08-08 20:15:00,-37.629
2018-08-08 20:00:00,-48.976
2018-08-08 19:45:00,-42.447
2018-08-08 19:30:00,-47.585
2018-08-08 19:15:00,-46.003
2018-08-08 19:00:00,-46.573
2018-08-08 18:45:00,-37.848
2018-08-08 18:30:00,-30.161
2018-08-08 18:15:00,-36.686
2018-08-08 18:00:00,-49.083
2018-08-08 17:45:00,-40.871
2018-08-08 17:30:00,-12.547
2018-08-08 17:15:00,-7.397
2018-08-08 17:00:00,-13.16
2018-08-08 16:45:00,-1.092
2018-08-08 16:30:00,-0.973
2018-08-08 16:15:00,-0.977
2018-08-08 16:00:00,-0.977
2018-08-08 15:45:00,-0.978
2018-08-08 15:30:00,-0.978
2018-08-08 15:15:00,-0.981
2018-08-08 15:00:00,-0.979
2018-08-08 14:45:00,-0.978
2018-08-08 14:30:00,-0.978
2018-08-08 14:15:00,0.89
2018-08-08 14:00:00,88.236
2018-08-08 13:45:00,96.636
2018-08-08 13:30:00,86.878
2018-08-08 13:15:00,97.868
2018-08-08 13:00:00,90.183
2018-08-08 12:45:00,98.373
2018-08-08 12:30:00,92.55
2018-08-08 12:15:00,97.773
2018-08-08 12:00:00,98.324
2018-08-08 11:45:00,95.251
2018-08-08 11:30:00,96.113
2018-08-08 11:15:00,86.569
2018-08-08 11:00:00,81.431
2018-08-08 10:45:00,81.275
2018-08-08 10:30:00,70.885
2018-08-08 10:15:00,68.452
2018-08-08 10:00:00,62.698
2018-08-08 09:45:00,50.029
2018-08-08 09:30:00,32.667
2018-08-08 09:15:00,23.865
2018-08-08 09:00:00,13.181
2018-08-08 08:45:00,2.131
2018-08-08 08:30:00,-1.434
2018-08-08 08:15:00,-3.129
2018-08-08 08:00:00,-17.218
2018-08-08 07:45:00,-11.577
2018-08-08 07:30:00,-5.078
2018-08-08 07:15:00,-25.066
2018-08-08 07:00:00,-27.767
2018-08-08 06:45:00,-16.855
2018-08-08 06:30:00,-22.882
2018-08-08 06:15:00,-13.069
2018-08-08 06:00:00,-23.163
2018-08-08 05:45:00,-35.577
2018-08-08 05:30:00,-23.04
2018-08-08 05:15:00,-33.826
2018-08-08 05:00:00,-11.94
2018-08-08 04:45:00,-2.148
2018-08-08 04:30:00,-19.107
2018-08-08 04:15:00,-4.111
2018-08-08 04:00:00,-13.102
2018-08-08 03:45:00,-7.651
2018-08-08 03:30:00,-3.117
2018-08-08 03:15:00,-18.114
2018-08-08 03:00:00,-7.114
2018-08-08 02:45:00,-11.34
2018-08-08 02:30:00,-14.873
2018-08-08 02:15:00,-2.136
2018-08-08 02:00:00,-19.871
2018-08-08 01:45:00,-12.622
2018-08-08 01:30:00,-3.972
2018-08-08 01:15:00,-15.327
2018-08-08 01:00:00,-29.935
2018-08-08 00:45:00,-25.198
2018-08-08 00:30:00,-30.516
2018-08-08 00:15:00,-25.728
2018-08-08 00:00:00,-34.029
2018-08-07 23:45:00,-29.41
2018-08-07 23:30:00,-33.022
2018-08-07 23:15:00,-33.742
2018-08-07 23:00:00,-33.316
2018-08-07 22:45:00,-34.88
2018-08-07 22:30:00,-36.19
2018-08-07 22:15:00,-32.296
2018-08-07 22:00:00,-37.789
2018-08-07 21:45:00,-34.652
2018-08-07 21:30:00,-35.263
2018-08-07 21:15:00,-38.652
2018-08-07 21:00:00,-34.176
2018-08-07 20:45:00,-39.502
2018-08-07 20:30:00,-36.94
2018-08-07 20:15:00,-36.247
2018-08-07 20:00:00,-46.24
2018-08-07 19:45:00,-39.809
2018-08-07 19:30:00,-48.209
2018-08-07 19:15:00,-46.283
2018-08-07 19:00:00,-53.401
2018-08-07 18:45:00,-47.208
2018-08-07 18:30:00,-34.552
2018-08-07 18:15:00,-30.158
2018-08-07 18:00:00,-27.106
2018-08-07 17:45:00,-25.816
2018-08-07 17:30:00,-4.159
2018-08-07 17:15:00,-0.971
2018-08-07 17:00:00,-4.298
2018-08-07 16:45:00,-0.974
2018-08-07 16:30:00,-0.972
2018-08-07 16:15:00,-0.973
2018-08-07 16:00:00,-0.973
2018-08-07 15:45:00,-0.97
2018-08-07 15:30:00,-0.967
2018-08-07 15:15:00,15.264
2018-08-07 15:00:00,79.857
2018-08-07 14:45:00,72.187
2018-08-07 14:30:00,68.547
2018-08-07 14:15:00,58.842
2018-08-07 14:00:00,67.541
2018-08-07 13:45:00,65.5
2018-08-07 13:30:00,67.157
2018-08-07 13:15:00,67.658
2018-08-07 13:00:00,74.569
2018-08-07 12:45:00,76.648
2018-08-07 12:30:00,73.571
2018-08-07 12:15:00,79.019
2018-08-07 12:00:00,80.46
2018-08-07 11:45:00,79.912
2018-08-07 11:30:00,75.434
2018-08-07 11:15:00,66.265
2018-08-07 11:00:00,70.035
2018-08-07 10:45:00,64.068
2018-08-07 10:30:00,57.394
2018-08-07 10:15:00,51.649
2018-08-07 10:00:00,43.788
2018-08-07 09:45:00,19.761
2018-08-07 09:30:00,-28.473
2018-08-07 09:15:00,-32.881
2018-08-07 09:00:00,-20.399
2018-08-07 08:45:00,-18.198
2018-08-07 08:30:00,-10.874
2018-08-07 08:15:00,1.097
2018-08-07 08:00:00,-4.646
2018-08-07 07:45:00,-3.514
2018-08-07 07:30:00,-0.953
2018-08-07 07:15:00,-5.213
2018-08-07 07:00:00,-28.556
2018-08-07 06:45:00,-17.464
2018-08-07 06:30:00,-19.607
2018-08-07 06:15:00,-21.158
2018-08-07 06:00:00,-25.235
2018-08-07 05:45:00,-14.636
2018-08-07 05:30:00,-18.252
2018-08-07 05:15:00,-25.607
2018-08-07 05:00:00,-12.524
2018-08-07 04:45:00,-1.13
2018-08-07 04:30:00,-3.515
2018-08-07 04:15:00,-9.688
2018-08-07 04:00:00,-1.743
2018-08-07 03:45:00,-5.907
2018-08-07 03:30:00,-10.487
2018-08-07 03:15:00,-1.057
2018-08-07 03:00:00,-8.942
2018-08-07 02:45:00,-9.277
2018-08-07 02:30:00,-1.128
2018-08-07 02:15:00,-5.019
2018-08-07 02:00:00,-18.062
2018-08-07 01:45:00,-5.086
2018-08-07 01:30:00,-1.678
2018-08-07 01:15:00,-18.86
2018-08-07 01:00:00,-6.492
2018-08-07 00:45:00,-3.061
2018-08-07 00:30:00,-13.99
2018-08-07 00:15:00,-19.217
2018-08-07 00:00:00,-20.86
2018-08-06 23:45:00,-18.195
2018-08-06 23:30:00,-24.012
2018-08-06 23:15:00,-20.623
2018-08-06 23:00:00,-24.14
2018-08-06 22:45:00,-28.534
2018-08-06 22:30:00,-27.087
2018-08-06 22:15:00,-24.054
2018-08-06 22:00:00,-26.485
2018-08-06 21:45:00,-27.831
2018-08-06 21:30:00,-26.847
2018-08-06 21:15:00,-27.13
2018-08-06 21:00:00,-26.3
2018-08-06 20:45:00,-27.877
2018-08-06 20:30:00,-25.6
2018-08-06 20:15:00,-30.108
2018-08-06 20:00:00,-38.907
2018-08-06 19:45:00,-49.849
2018-08-06 19:30:00,-45.649
2018-08-06 19:15:00,-57.979
2018-08-06 19:00:00,-56.172
2018-08-06 18:45:00,-57.365
2018-08-06 18:30:00,-49.957
2018-08-06 18:15:00,-36.26
2018-08-06 18:00:00,-37.38
2018-08-06 17:45:00,-23.301
2018-08-06 17:30:00,-8.937
2018-08-06 17:15:00,-0.97
2018-08-06 17:00:00,-0.966
2018-08-06 16:45:00,-0.97
2018-08-06 16:30:00,-0.971
2018-08-06 16:15:00,-0.969
2018-08-06 16:00:00,-0.972
2018-08-06 15:45:00,-0.971
2018-08-06 15:30:00,-0.97
2018-08-06 15:15:00,-0.972
2018-08-06 15:00:00,-0.968
2018-08-06 14:45:00,18.769
2018-08-06 14:30:00,48.775
2018-08-06 14:15:00,49.76
2018-08-06 14:00:00,62.995
2018-08-06 13:45:00,57.942
2018-08-06 13:30:00,62.923
2018-08-06 13:15:00,64.201
2018-08-06 13:00:00,69.6
2018-08-06 12:45:00,77.533
2018-08-06 12:30:00,77.761
2018-08-06 12:15:00,77.557
2018-08-06 12:00:00,72.58
2018-08-06 11:45:00,73.79
2018-08-06 11:30:00,65.162
2018-08-06 11:15:00,57.679
2018-08-06 11:00:00,70.639
2018-08-06 10:45:00,60.356
2018-08-06 10:30:00,63.828
2018-08-06 10:15:00,49.594
2018-08-06 10:00:00,45.78
2018-08-06 09:45:00,36.453
2018-08-06 09:30:00,23.238
2018-08-06 09:15:00,32.448
2018-08-06 09:00:00,20.408
2018-08-06 08:45:00,7.666
2018-08-06 08:30:00,-8.927
2018-08-06 08:15:00,-14.887
2018-08-06 08:00:00,-14.928
2018-08-06 07:45:00,-23.723
2018-08-06 07:30:00,-38.212
2018-08-06 07:15:00,-41.667
2018-08-06 07:00:00,-43.157
2018-08-06 06:45:00,-30.177
2018-08-06 06:30:00,-23.757
2018-08-06 06:15:00,-25.454
2018-08-06 06:00:00,-22.171
2018-08-06 05:45:00,-24.833
2018-08-06 05:30:00,-22.033
2018-08-06 05:15:00,-21.332
2018-08-06 05:00:00,-12.35
2018-08-06 04:45:00,-4.356
2018-08-06 04:30:00,-4.134
2018-08-06 04:15:00,-5.277
2018-08-06 04:00:00,-3.702
2018-08-06 03:45:00,-16.49
2018-08-06 03:30:00,-6.041
2018-08-06 03:15:00,-4.831
2018-08-06 03:00:00,-3.337
2018-08-06 02:45:00,-4.443
2018-08-06 02:30:00,-15.471
2018-08-06 02:15:00,-5.878
2018-08-06 02:00:00,-4.193
2018-08-06 01:45:00,-7.596
2018-08-06 01:30:00,-13.556
2018-08-06 01:15:00,-6.057
2018-08-06 01:00:00,-14.396
2018-08-06 00:45:00,-11.513
2018-08-06 00:30:00,-3.998
2018-08-06 00:15:00,-17.419
2018-08-06 00:00:00,-8.503
2018-08-05 23:45:00,-5.955
2018-08-05 23:30:00,-24.936
2018-08-05 23:15:00,-3.768
2018-08-05 23:00:00,-11.521
2018-08-05 22:45:00,-21.788
2018-08-05 22:30:00,-5.689
2018-08-05 22:15:00,-11.529
2018-08-05 22:00:00,-29.49
2018-08-05 21:45:00,-31.511
2018-08-05 21:30:00,-31.566
2018-08-05 21:15:00,-33.156
2018-08-05 21:00:00,-35.657
2018-08-05 20:45:00,-30.354
2018-08-05 20:30:00,-32.7
2018-08-05 20:15:00,-36.135
2018-08-05 20:00:00,-35.171
2018-08-05 19:45:00,-33.234
2018-08-05 19:30:00,-41.07
2018-08-05 19:15:00,-37.352
2018-08-05 19:00:00,-37.905
2018-08-05 18:45:00,-33.872
2018-08-05 18:30:00,-24.11
2018-08-05 18:15:00,-13.291
2018-08-05 18:00:00,-3.374
2018-08-05 17:45:00,-0.971
2018-08-05 17:30:00,-0.969
2018-08-05 17:15:00,-0.969
2018-08-05 17:00:00,-0.97
2018-08-05 16:45:00,-0.967
2018-08-05 16:30:00,-0.97
2018-08-05 16:15:00,-0.97
2018-08-05 16:00:00,-0.971
2018-08-05 15:45:00,-0.969
2018-08-05 15:30:00,-0.969
2018-08-05 15:15:00,-0.965
2018-08-05 15:00:00,-0.963
2018-08-05 14:45:00,-0.966
2018-08-05 14:30:00,-0.968
2018-08-05 14:15:00,-0.971
2018-08-05 14:00:00,-0.973
2018-08-05 13:45:00,-0.972
2018-08-05 13:30:00,-0.965
2018-08-05 13:15:00,-0.967
2018-08-05 13:00:00,-0.967
2018-08-05 12:45:00,-0.965
2018-08-05 12:30:00,-0.966
2018-08-05 12:15:00,-0.96
2018-08-05 12:00:00,-0.962
2018-08-05 11:45:00,-0.965
2018-08-05 11:30:00,-0.965
2018-08-05 11:15:00,-0.953
2018-08-05 11:00:00,8.558
2018-08-05 10:45:00,105.416
2018-08-05 10:30:00,105.367
2018-08-05 10:15:00,104.846
2018-08-05 10:00:00,99.864
2018-08-05 09:45:00,105.179
2018-08-05 09:30:00,102.252
2018-08-05 09:15:00,87.831
2018-08-05 09:00:00,88.1
2018-08-05 08:45:00,64.368
2018-08-05 08:30:00,22.732
2018-08-05 08:15:00,17.188
2018-08-05 08:00:00,15.912
2018-08-05 07:45:00,5.762
2018-08-05 07:30:00,4.149
2018-08-05 07:15:00,0.118
2018-08-05 07:00:00,-1.272
2018-08-05 06:45:00,-6.85
2018-08-05 06:30:00,-9.197
2018-08-05 06:15:00,-7.477
2018-08-05 06:00:00,-3.326
2018-08-05 05:45:00,-14.257
2018-08-05 05:30:00,-5.635
2018-08-05 05:15:00,-6.309
2018-08-05 05:00:00,-2.732
2018-08-05 04:45:00,-16.149
2018-08-05 04:30:00,-3.831
2018-08-05 04:15:00,-4.011
2018-08-05 04:00:00,-15.343
2018-08-05 03:45:00,-4.768
2018-08-05 03:30:00,-4.267
2018-08-05 03:15:00,-17.494
2018-08-05 03:00:00,-5.617
2018-08-05 02:45:00,-4.319
2018-08-05 02:30:00,-11.127
2018-08-05 02:15:00,-11.18
2018-08-05 02:00:00,-2.614
2018-08-05 01:45:00,-15.296
2018-08-05 01:30:00,-7.403
2018-08-05 01:15:00,-9.386
2018-08-05 01:00:00,-19.5
2018-08-05 00:45:00,-4.035
2018-08-05 00:30:00,-7.201
2018-08-05 00:15:00,-19.117
2018-08-05 00:00:00,-6.096
2018-08-04 23:45:00,-16.414
2018-08-04 23:30:00,-14.927
2018-08-04 23:15:00,-6.362
2018-08-04 23:00:00,-15.459
2018-08-04 22:45:00,-32.581
2018-08-04 22:30:00,-30.171
2018-08-04 22:15:00,-29.164
2018-08-04 22:00:00,-30.866
2018-08-04 21:45:00,-33.487
2018-08-04 21:30:00,-33.295
2018-08-04 21:15:00,-32.867
2018-08-04 21:00:00,-35.434
2018-08-04 20:45:00,-35.441
2018-08-04 20:30:00,-34.616
2018-08-04 20:15:00,-35.691
2018-08-04 20:00:00,-36.213
2018-08-04 19:45:00,-36.3
2018-08-04 19:30:00,-39.996
2018-08-04 19:15:00,-38.314
2018-08-04 19:00:00,-36.632
2018-08-04 18:45:00,-37.512
2018-08-04 18:30:00,-22.856
2018-08-04 18:15:00,-10.497
2018-08-04 18:00:00,-5.282
2018-08-04 17:45:00,-2.096
2018-08-04 17:30:00,-0.972
2018-08-04 17:15:00,-0.973
2018-08-04 17:00:00,-0.973
2018-08-04 16:45:00,-0.972
2018-08-04 16:30:00,-0.971
2018-08-04 16:15:00,-0.971
2018-08-04 16:00:00,-0.977
2018-08-04 15:45:00,-0.979
2018-08-04 15:30:00,-0.977
2018-08-04 15:15:00,-0.978
2018-08-04 15:00:00,-0.978
2018-08-04 14:45:00,-0.978
2018-08-04 14:30:00,-0.978
2018-08-04 14:15:00,-0.976
2018-08-04 14:00:00,-0.965
2018-08-04 13:45:00,-0.965
2018-08-04 13:30:00,-0.966
2018-08-04 13:15:00,-0.967
2018-08-04 13:00:00,-0.966
2018-08-04 12:45:00,-0.97
2018-08-04 12:30:00,-0.962
2018-08-04 12:15:00,25.143
2018-08-04 12:00:00,105.489
2018-08-04 11:45:00,105.416
2018-08-04 11:30:00,105.403
2018-08-04 11:15:00,105.426
2018-08-04 11:00:00,105.508
2018-08-04 10:45:00,104.91
2018-08-04 10:30:00,105.772
2018-08-04 10:15:00,105.771
2018-08-04 10:00:00,101.088
2018-08-04 09:45:00,93.141
2018-08-04 09:30:00,97.276
2018-08-04 09:15:00,83.911
2018-08-04 09:00:00,69.013
2018-08-04 08:45:00,71.642
2018-08-04 08:30:00,46.815
2018-08-04 08:15:00,43.603
2018-08-04 08:00:00,20.091
2018-08-04 07:45:00,2.596
2018-08-04 07:30:00,-1.507
2018-08-04 07:15:00,-1.448
2018-08-04 07:00:00,-15.75
2018-08-04 06:45:00,-6.462
2018-08-04 06:30:00,-5.341
2018-08-04 06:15:00,-23.4
2018-08-04 06:00:00,-7.31
2018-08-04 05:45:00,-5.543
2018-08-04 05:30:00,-21.8
2018-08-04 05:15:00,-8.411
2018-08-04 05:00:00,-12.472
2018-08-04 04:45:00,-19.143
2018-08-04 04:30:00,-7.344
2018-08-04 04:15:00,-17.831
2018-08-04 04:00:00,-9.594
2018-08-04 03:45:00,-6.745
2018-08-04 03:30:00,-20.954
2018-08-04 03:15:00,-11.735
2018-08-04 03:00:00,-17.71
2018-08-04 02:45:00,-10.679
2018-08-04 02:30:00,-7.408
2018-08-04 02:15:00,-21.1
2018-08-04 02:00:00,-18.863
2018-08-04 01:45:00,-5.135
2018-08-04 01:30:00,-24.667
2018-08-04 01:15:00,-9.047
2018-08-04 01:00:00,-14.005
2018-08-04 00:45:00,-23.015
2018-08-04 00:30:00,-14.714
2018-08-04 00:15:00,-13.429
2018-08-04 00:00:00,-29.7
2018-08-03 23:45:00,-31.958
2018-08-03 23:30:00,-35.659
2018-08-03 23:15:00,-34.703
2018-08-03 23:00:00,-35.976
2018-08-03 22:45:00,-37.54
2018-08-03 22:30:00,-35.144
2018-08-03 22:15:00,-37.635
2018-08-03 22:00:00,-37.764
2018-08-03 21:45:00,-40.817
2018-08-03 21:30:00,-37.964
2018-08-03 21:15:00,-42.699
2018-08-03 21:00:00,-39.431
2018-08-03 20:45:00,-39.111
2018-08-03 20:30:00,-43.634
2018-08-03 20:15:00,-39.587
2018-08-03 20:00:00,-42.44
2018-08-03 19:45:00,-43.955
2018-08-03 19:30:00,-40.005
2018-08-03 19:15:00,-51.448
2018-08-03 19:00:00,-41.702
2018-08-03 18:45:00,-43.508
2018-08-03 18:30:00,-32.794
2018-08-03 18:15:00,-27.288
2018-08-03 18:00:00,-20.157
2018-08-03 17:45:00,-12.334
2018-08-03 17:30:00,-5.379
2018-08-03 17:15:00,-0.975
2018-08-03 17:00:00,-0.97
2018-08-03 16:45:00,-0.968
2018-08-03 16:30:00,-0.965
2018-08-03 16:15:00,-0.976
2018-08-03 16:00:00,-0.976
2018-08-03 15:45:00,-0.978
2018-08-03 15:30:00,-0.969
2018-08-03 15:15:00,-0.966
2018-08-03 15:00:00,-0.969
2018-08-03 14:45:00,-0.968
2018-08-03 14:30:00,-0.966
2018-08-03 14:15:00,-0.965
2018-08-03 14:00:00,-0.965
2018-08-03 13:45:00,-0.937
2018-08-03 13:30:00,72.23
2018-08-03 13:15:00,103.011
2018-08-03 13:00:00,105.35
2018-08-03 12:45:00,105.345
2018-08-03 12:30:00,104.767
2018-08-03 12:15:00,105.428
2018-08-03 12:00:00,105.381
2018-08-03 11:45:00,104.557
2018-08-03 11:30:00,98.265
2018-08-03 11:15:00,92.444
2018-08-03 11:00:00,88.761
2018-08-03 10:45:00,87.724
2018-08-03 10:30:00,72.316
2018-08-03 10:15:00,70.351
2018-08-03 10:00:00,70.654
2018-08-03 09:45:00,61.135
2018-08-03 09:30:00,51.001
2018-08-03 09:15:00,34.621
2018-08-03 09:00:00,21.595
2018-08-03 08:45:00,17.577
2018-08-03 08:30:00,2.309
2018-08-03 08:15:00,-1.338
2018-08-03 08:00:00,0.068
2018-08-03 07:45:00,-1.014
2018-08-03 07:30:00,-16.828
2018-08-03 07:15:00,-30.32
2018-08-03 07:00:00,-20.396
2018-08-03 06:45:00,-10.907
2018-08-03 06:30:00,-26.243
2018-08-03 06:15:00,-21.414
2018-08-03 06:00:00,-18.443
2018-08-03 05:45:00,-28.155
2018-08-03 05:30:00,-25.332
2018-08-03 05:15:00,-23.42
2018-08-03 05:00:00,-18.082
2018-08-03 04:45:00,-7.021
2018-08-03 04:30:00,-1.803
2018-08-03 04:15:00,-8.953
2018-08-03 04:00:00,-13.633
2018-08-03 03:45:00,-1.541
2018-08-03 03:30:00,-5.729
2018-08-03 03:15:00,-19.303
2018-08-03 03:00:00,-4.947
2018-08-03 02:45:00,-1.764
2018-08-03 02:30:00,-16.399
2018-08-03 02:15:00,-16.709
2018-08-03 02:00:00,-2.249
2018-08-03 01:45:00,-4.317
2018-08-03 01:30:00,-24.053
2018-08-03 01:15:00,-13.289
2018-08-03 01:00:00,-4.163
2018-08-03 00:45:00,-14.987
2018-08-03 00:30:00,-24.51
2018-08-03 00:15:00,-25.717
2018-08-03 00:00:00,-23.87
2018-08-02 23:45:00,-26.261
2018-08-02 23:30:00,-29.706
2018-08-02 23:15:00,-28.818
2018-08-02 23:00:00,-27.055
2018-08-02 22:45:00,-29.638
2018-08-02 22:30:00,-33.915
2018-08-02 22:15:00,-32.312
2018-08-02 22:00:00,-31.908
2018-08-02 21:45:00,-35.704
2018-08-02 21:30:00,-33.771
2018-08-02 21:15:00,-33.976
2018-08-02 21:00:00,-35.792
2018-08-02 20:45:00,-35.085
2018-08-02 20:30:00,-32.399
2018-08-02 20:15:00,-40.346
2018-08-02 20:00:00,-35.665
2018-08-02 19:45:00,-38.202
2018-08-02 19:30:00,-41.384
2018-08-02 19:15:00,-46.837
2018-08-02 19:00:00,-51.597
2018-08-02 18:45:00,-42.015
2018-08-02 18:30:00,-39.185
2018-08-02 18:15:00,-29.233
2018-08-02 18:00:00,-26.073
2018-08-02 17:45:00,-14.94
2018-08-02 17:30:00,-5.845
2018-08-02 17:15:00,-1.049
2018-08-02 17:00:00,-0.603
2018-08-02 16:45:00,-0.972
2018-08-02 16:30:00,-0.335
2018-08-02 16:15:00,-0.97
2018-08-02 16:00:00,0.049
2018-08-02 15:45:00,-0.974
2018-08-02 15:30:00,-0.972
2018-08-02 15:15:00,-0.973
2018-08-02 15:00:00,-0.972
2018-08-02 14:45:00,-0.968
2018-08-02 14:30:00,23.424
2018-08-02 14:15:00,101.837
2018-08-02 14:00:00,105.262
2018-08-02 13:45:00,104.588
2018-08-02 13:30:00,105.195
2018-08-02 13:15:00,105.629
2018-08-02 13:00:00,105.623
2018-08-02 12:45:00,105.678
2018-08-02 12:30:00,105.73
2018-08-02 12:15:00,105.851
2018-08-02 12:00:00,105.727
2018-08-02 11:45:00,5.508
2018-08-02 11:30:00,-0.968
2018-08-02 11:15:00,0.213
2018-08-02 11:00:00,30.602
2018-08-02 10:45:00,13.105
2018-08-02 10:30:00,89.111
2018-08-02 10:15:00,32.997
2018-08-02 10:00:00,64.158
2018-08-02 09:45:00,64.485
2018-08-02 09:30:00,59.314
2018-08-02 09:15:00,23.547
2018-08-02 09:00:00,-1.314
2018-08-02 08:45:00,11.971
2018-08-02 08:30:00,-1.269
2018-08-02 08:15:00,-4.151
2018-08-02 08:00:00,-16.319
2018-08-02 07:45:00,-11.397
2018-08-02 07:30:00,-16.866
2018-08-02 07:15:00,-9.912
2018-08-02 07:00:00,-40.554
2018-08-02 06:45:00,-23.533
2018-08-02 06:30:00,-8.831
2018-08-02 06:15:00,-34.105
2018-08-02 06:00:00,-18.842
2018-08-02 05:45:00,-22.23
2018-08-02 05:30:00,-32.69
2018-08-02 05:15:00,-18.657
2018-08-02 05:00:00,-20.642
2018-08-02 04:45:00,-18.826
2018-08-02 04:30:00,-1.446
2018-08-02 04:15:00,-11.484
2018-08-02 04:00:00,-11.78
2018-08-02 03:45:00,-1.728
2018-08-02 03:30:00,-14.572
2018-08-02 03:15:00,-17.288
2018-08-02 03:00:00,-1.976
2018-08-02 02:45:00,-11.737
2018-08-02 02:30:00,-20.226
2018-08-02 02:15:00,-2.522
2018-08-02 02:00:00,-7.835
2018-08-02 01:45:00,-21.591
2018-08-02 01:30:00,-16.4
2018-08-02 01:15:00,-3.115
2018-08-02 01:00:00,-18.069
2018-08-02 00:45:00,-23.338
2018-08-02 00:30:00,-25.1
2018-08-02 00:15:00,-27.398
2018-08-02 00:00:00,-32.861
2018-08-01 23:45:00,-27.437
2018-08-01 23:30:00,-29.337
2018-08-01 23:15:00,-30.266
2018-08-01 23:00:00,-35.679
2018-08-01 22:45:00,-32.872
2018-08-01 22:30:00,-30.589
2018-08-01 22:15:00,-35.898
2018-08-01 22:00:00,-34.62
2018-08-01 21:45:00,-30.659
2018-08-01 21:30:00,-36.213
2018-08-01 21:15:00,-33.074
2018-08-01 21:00:00,-35.166
2018-08-01 20:45:00,-39.996
2018-08-01 20:30:00,-33.925
2018-08-01 20:15:00,-39.43
2018-08-01 20:00:00,-42.506
2018-08-01 19:45:00,-40.655
2018-08-01 19:30:00,-48.502
2018-08-01 19:15:00,-45.227
2018-08-01 19:00:00,-51.982
2018-08-01 18:45:00,-43.148
2018-08-01 18:30:00,-31.421
2018-08-01 18:15:00,-26.23
2018-08-01 18:00:00,-18.578
2018-08-01 17:45:00,-5.013
2018-08-01 17:30:00,-1.31
2018-08-01 17:15:00,-0.973
2018-08-01 17:00:00,-0.973
2018-08-01 16:45:00,-0.976
2018-08-01 16:30:00,-0.974
2018-08-01 16:15:00,-0.973
2018-08-01 16:00:00,-0.974
2018-08-01 15:45:00,-0.975
2018-08-01 15:30:00,-0.975
2018-08-01 15:15:00,-0.974
2018-08-01 15:00:00,-0.972
2018-08-01 14:45:00,-0.972
2018-08-01 14:30:00,-0.972
2018-08-01 14:15:00,-0.973
2018-08-01 14:00:00,-0.973
2018-08-01 13:45:00,22.303
2018-08-01 13:30:00,105.492
2018-08-01 13:15:00,105.453
2018-08-01 13:00:00,103.907
2018-08-01 12:45:00,105.185
2018-08-01 12:30:00,103.583
2018-08-01 12:15:00,104.809
2018-08-01 12:00:00,104.765
2018-08-01 11:45:00,104.748
2018-08-01 11:30:00,102.007
2018-08-01 11:15:00,100.677
2018-08-01 11:00:00,91.921
2018-08-01 10:45:00,85.713
2018-08-01 10:30:00,79.869
2018-08-01 10:15:00,60.11
2018-08-01 10:00:00,63.131
2018-08-01 09:45:00,47.096
2018-08-01 09:30:00,40.898
2018-08-01 09:15:00,27.343
2018-08-01 09:00:00,14.864
2018-08-01 08:45:00,7.446
2018-08-01 08:30:00,-0.846
2018-08-01 08:15:00,-7.317
2018-08-01 08:00:00,-16.274
2018-08-01 07:45:00,-16.292
2018-08-01 07:30:00,-5.543
2018-08-01 07:15:00,-29.81
2018-08-01 07:00:00,-9.512
2018-08-01 06:45:00,-12.703
2018-08-01 06:30:00,-34.081
2018-08-01 06:15:00,-22.749
2018-08-01 06:00:00,-25.781
2018-08-01 05:45:00,-35.417
2018-08-01 05:30:00,-24.624
2018-08-01 05:15:00,-23.03
2018-08-01 05:00:00,-22.366
2018-08-01 04:45:00,-3.668
2018-08-01 04:30:00,-12.637
2018-08-01 04:15:00,-12.648
2018-08-01 04:00:00,-2.026
2018-08-01 03:45:00,-15.941
2018-08-01 03:30:00,-8.244
2018-08-01 03:15:00,-5.12
2018-08-01 03:00:00,-19.633
2018-08-01 02:45:00,-7.807
2018-08-01 02:30:00,-3.614
2018-08-01 02:15:00,-20.48
2018-08-01 02:00:00,-15.935
2018-08-01 01:45:00,-3.486
2018-08-01 01:30:00,-19.035
2018-08-01 01:15:00,-15.504
2018-08-01 01:00:00,-3.265
2018-08-01 00:45:00,-20.879
2018-08-01 00:30:00,-23.153
2018-08-01 00:15:00,-24.732
2018-08-01 00:00:00,-23.126
2018-07-31 23:45:00,-29.845
2018-07-31 23:30:00,-26.713
2018-07-31 23:15:00,-29.063
2018-07-31 23:00:00,-28.475
2018-07-31 22:45:00,-35.787
2018-07-31 22:30:00,-29.768
2018-07-31 22:15:00,-33.106
2018-07-31 22:00:00,-35.789
2018-07-31 21:45:00,-34.731
2018-07-31 21:30:00,-32.179
2018-07-31 21:15:00,-41.513
2018-07-31 21:00:00,-35.976
2018-07-31 20:45:00,-37.317
2018-07-31 20:30:00,-40.971
2018-07-31 20:15:00,-39.735
2018-07-31 20:00:00,-42.789
2018-07-31 19:45:00,-41.935
2018-07-31 19:30:00,-39.893
2018-07-31 19:15:00,-50.542
2018-07-31 19:00:00,-43.34
2018-07-31 18:45:00,-45.302
2018-07-31 18:30:00,-31.409
2018-07-31 18:15:00,-29.016
2018-07-31 18:00:00,-19.501
2018-07-31 17:45:00,-15.565
2018-07-31 17:30:00,-6.628
2018-07-31 17:15:00,-1.926
2018-07-31 17:00:00,-1.022
2018-07-31 16:45:00,-14.372
2018-07-31 16:30:00,-0.977
2018-07-31 16:15:00,-0.975
2018-07-31 16:00:00,-0.977
2018-07-31 15:45:00,-0.975
2018-07-31 15:30:00,-0.974
2018-07-31 15:15:00,-0.975
2018-07-31 15:00:00,-0.974
2018-07-31 14:45:00,-0.976
2018-07-31 14:30:00,-0.975
2018-07-31 14:15:00,-1.155
2018-07-31 14:00:00,-0.971
2018-07-31 13:45:00,-0.908
2018-07-31 13:30:00,87.832
2018-07-31 13:15:00,101.551
2018-07-31 13:00:00,91.754
2018-07-31 12:45:00,94.394
2018-07-31 12:30:00,105.384
2018-07-31 12:15:00,94.548
2018-07-31 12:00:00,105.598
2018-07-31 11:45:00,101.773
2018-07-31 11:30:00,104.419
2018-07-31 11:15:00,92.191
2018-07-31 11:00:00,96.318
2018-07-31 10:45:00,91.057
2018-07-31 10:30:00,78.423
2018-07-31 10:15:00,64.467
2018-07-31 10:00:00,63.14
2018-07-31 09:45:00,52.572
2018-07-31 09:30:00,41.648
2018-07-31 09:15:00,26.089
2018-07-31 09:00:00,24.505
2018-07-31 08:45:00,6.353
2018-07-31 08:30:00,-0.589
2018-07-31 08:15:00,-4.343
2018-07-31 08:00:00,-3.29
2018-07-31 07:45:00,-6.12
2018-07-31 07:30:00,-1.316
2018-07-31 07:15:00,-17.731
2018-07-31 07:00:00,-41.555
2018-07-31 06:45:00,-14.548
2018-07-31 06:30:00,-19.187
2018-07-31 06:15:00,-33.567
2018-07-31 06:00:00,-19.656
2018-07-31 05:45:00,-20.13
2018-07-31 05:30:00,-36.335
2018-07-31 05:15:00,-19.21
2018-07-31 05:00:00,-20.154
2018-07-31 04:45:00,-15.926
2018-07-31 04:30:00,-4.729
2018-07-31 04:15:00,-8.551
2018-07-31 04:00:00,-14.072
2018-07-31 03:45:00,-2.051
2018-07-31 03:30:00,-8.696
2018-07-31 03:15:00,-14.27
2018-07-31 03:00:00,-3.568
2018-07-31 02:45:00,-11.259
2018-07-31 02:30:00,-14.544
2018-07-31 02:15:00,-2.171
2018-07-31 02:00:00,-6.237
2018-07-31 01:45:00,-21.736
2018-07-31 01:30:00,-6.18
2018-07-31 01:15:00,-2.555
2018-07-31 01:00:00,-23.509
2018-07-31 00:45:00,-14.521
2018-07-31 00:30:00,-3.849
2018-07-31 00:15:00,-16.342
2018-07-31 00:00:00,-24.292
2018-07-30 23:45:00,-25.209
2018-07-30 23:30:00,-27.679
2018-07-30 23:15:00,-34.723
2018-07-30 23:00:00,-30.951
2018-07-30 22:45:00,-31.707
2018-07-30 22:30:00,-31.569
2018-07-30 22:15:00,-38.753
2018-07-30 22:00:00,-33.437
2018-07-30 21:45:00,-34.403
2018-07-30 21:30:00,-35.489
2018-07-30 21:15:00,-39.513
2018-07-30 21:00:00,-37.12
2018-07-30 20:45:00,-38.146
2018-07-30 20:30:00,-35.802
2018-07-30 20:15:00,-45.398
2018-07-30 20:00:00,-42.298
2018-07-30 19:45:00,-44.77
2018-07-30 19:30:00,-45.825
2018-07-30 19:15:00,-46.449
2018-07-30 19:00:00,-47.181
2018-07-30 18:45:00,-39.006
2018-07-30 18:30:00,-31.26
2018-07-30 18:15:00,-30.634
2018-07-30 18:00:00,-26.898
2018-07-30 17:45:00,-13.53
2018-07-30 17:30:00,-2.014
2018-07-30 17:15:00,-0.962
2018-07-30 17:00:00,-0.966
2018-07-30 16:45:00,-0.97
2018-07-30 16:30:00,-0.962
2018-07-30 16:15:00,-0.961
2018-07-30 16:00:00,-0.959
2018-07-30 15:45:00,-1.068
2018-07-30 15:30:00,-0.962
2018-07-30 15:15:00,13.893
2018-07-30 15:00:00,41.295
2018-07-30 14:45:00,57.056
2018-07-30 14:30:00,60.917
2018-07-30 14:15:00,59.547
2018-07-30 14:00:00,68.474
2018-07-30 13:45:00,66.108
2018-07-30 13:30:00,79.442
2018-07-30 13:15:00,78.364
2018-07-30 13:00:00,83.097
2018-07-30 12:45:00,77.377
2018-07-30 12:30:00,71.629
2018-07-30 12:15:00,66.854
2018-07-30 12:00:00,74.014
2018-07-30 11:45:00,71.35
2018-07-30 11:30:00,61.23
2018-07-30 11:15:00,55.57
2018-07-30 11:00:00,62.217
2018-07-30 10:45:00,62.66
2018-07-30 10:30:00,47.028
2018-07-30 10:15:00,45.533
2018-07-30 10:00:00,33.613
2018-07-30 09:45:00,15.544
2018-07-30 09:30:00,19.804
2018-07-30 09:15:00,5.005
2018-07-30 09:00:00,-2.095
2018-07-30 08:45:00,-8.997
2018-07-30 08:30:00,-12.464
2018-07-30 08:15:00,-3.64
2018-07-30 08:00:00,-11.973
2018-07-30 07:45:00,-24.906
2018-07-30 07:30:00,-16.29
2018-07-30 07:15:00,-12.71
2018-07-30 07:00:00,-24.417
2018-07-30 06:45:00,-23.824
2018-07-30 06:30:00,-23.676
2018-07-30 06:15:00,-36.224
2018-07-30 06:00:00,-24.613
2018-07-30 05:45:00,-20.631
2018-07-30 05:30:00,-29.308
2018-07-30 05:15:00,-28.002
2018-07-30 05:00:00,-6.234
2018-07-30 04:45:00,-12.001
2018-07-30 04:30:00,-8.341
2018-07-30 04:15:00,-2.154
2018-07-30 04:00:00,-17.98
2018-07-30 03:45:00,-3.036
2018-07-30 03:30:00,-4.244
2018-07-30 03:15:00,-20.495
2018-07-30 03:00:00,-8.006
2018-07-30 02:45:00,-2.024
2018-07-30 02:30:00,-20.475
2018-07-30 02:15:00,-3.399
2018-07-30 02:00:00,-4.281
2018-07-30 01:45:00,-19.161
2018-07-30 01:30:00,-4.013
2018-07-30 01:15:00,-3.591
2018-07-30 01:00:00,-21.716
2018-07-30 00:45:00,-11.442
2018-07-30 00:30:00,-2.517
2018-07-30 00:15:00,-15.764
2018-07-30 00:00:00,-21.062
2018-07-29 23:45:00,-4.148
2018-07-29 23:30:00,-10.001
2018-07-29 23:15:00,-27.346
2018-07-29 23:00:00,-27.435
2018-07-29 22:45:00,-28.86
2018-07-29 22:30:00,-28.299
2018-07-29 22:15:00,-32.062
2018-07-29 22:00:00,-28.824
2018-07-29 21:45:00,-29.809
2018-07-29 21:30:00,-30.184
2018-07-29 21:15:00,-28.168
2018-07-29 21:00:00,-34.054
2018-07-29 20:45:00,-31.94
2018-07-29 20:30:00,-31.639
2018-07-29 20:15:00,-33.226
2018-07-29 20:00:00,-38.675
2018-07-29 19:45:00,-35.686
2018-07-29 19:30:00,-36.802
2018-07-29 19:15:00,-33.765
2018-07-29 19:00:00,-43.698
2018-07-29 18:45:00,-32.525
2018-07-29 18:30:00,-24.281
2018-07-29 18:15:00,-5.596
2018-07-29 18:00:00,-2.235
2018-07-29 17:45:00,-0.963
2018-07-29 17:30:00,-0.962
2018-07-29 17:15:00,-0.962
2018-07-29 17:00:00,-1.491
2018-07-29 16:45:00,-2.966
2018-07-29 16:30:00,-1.021
2018-07-29 16:15:00,-0.959
2018-07-29 16:00:00,-0.959
2018-07-29 15:45:00,-1.241
2018-07-29 15:30:00,-0.959
2018-07-29 15:15:00,-0.961
2018-07-29 15:00:00,-0.96
2018-07-29 14:45:00,-0.96
2018-07-29 14:30:00,-0.96
2018-07-29 14:15:00,-0.961
2018-07-29 14:00:00,-0.96
2018-07-29 13:45:00,-0.964
2018-07-29 13:30:00,-0.958
2018-07-29 13:15:00,-0.958
2018-07-29 13:00:00,-0.96
2018-07-29 12:45:00,-0.958
2018-07-29 12:30:00,-0.959
2018-07-29 12:15:00,-0.96
2018-07-29 12:00:00,-0.957
2018-07-29 11:45:00,-0.95
2018-07-29 11:30:00,-0.921
2018-07-29 11:15:00,76.899
2018-07-29 11:00:00,105.107
2018-07-29 10:45:00,86.27
2018-07-29 10:30:00,93.562
2018-07-29 10:15:00,95.045
2018-07-29 10:00:00,100.217
2018-07-29 09:45:00,94.133
2018-07-29 09:30:00,71.782
2018-07-29 09:15:00,85.773
2018-07-29 09:00:00,66.35
2018-07-29 08:45:00,47.786
2018-07-29 08:30:00,49.3
2018-07-29 08:15:00,27.913
2018-07-29 08:00:00,22.17
2018-07-29 07:45:00,13.921
2018-07-29 07:30:00,0.694
2018-07-29 07:15:00,-6.558
2018-07-29 07:00:00,-1.81
2018-07-29 06:45:00,-9.092
2018-07-29 06:30:00,-9.394
2018-07-29 06:15:00,-17.259
2018-07-29 06:00:00,-16.772
2018-07-29 05:45:00,-10.792
2018-07-29 05:30:00,-11.01
2018-07-29 05:15:00,-10.761
2018-07-29 05:00:00,-19.819
2018-07-29 04:45:00,-11.502
2018-07-29 04:30:00,-9.121
2018-07-29 04:15:00,-10.431
2018-07-29 04:00:00,-22.892
2018-07-29 03:45:00,-10.976
2018-07-29 03:30:00,-10.177
2018-07-29 03:15:00,-10.668
2018-07-29 03:00:00,-22.47
2018-07-29 02:45:00,-11.269
2018-07-29 02:30:00,-10.893
2018-07-29 02:15:00,-11.135
2018-07-29 02:00:00,-22.969
2018-07-29 01:45:00,-10.229
2018-07-29 01:30:00,-9.781
2018-07-29 01:15:00,-23.238
2018-07-29 01:00:00,-14.665
2018-07-29 00:45:00,-10.966
2018-07-29 00:30:00,-22.392
2018-07-29 00:15:00,-15.642
2018-07-29 00:00:00,-10.987
2018-07-28 23:45:00,-19.703
2018-07-28 23:30:00,-22.547
2018-07-28 23:15:00,-10.739
2018-07-28 23:00:00,-18.921
2018-07-28 22:45:00,-24.272
2018-07-28 22:30:00,-11.842
2018-07-28 22:15:00,-12.612
2018-07-28 22:00:00,-32.612
2018-07-28 21:45:00,-17.754
2018-07-28 21:30:00,-17.56
2018-07-28 21:15:00,-27.159
2018-07-28 21:00:00,-34.99
2018-07-28 20:45:00,-28.588
2018-07-28 20:30:00,-16.84
2018-07-28 20:15:00,-34.077
2018-07-28 20:00:00,-38.73
2018-07-28 19:45:00,-40.955
2018-07-28 19:30:00,-39.071
2018-07-28 19:15:00,-41.386
2018-07-28 19:00:00,-40.489
2018-07-28 18:45:00,-33.435
2018-07-28 18:30:00,-25.006
2018-07-28 18:15:00,-17.383
2018-07-28 18:00:00,-6.217
2018-07-28 17:45:00,-1.046
2018-07-28 17:30:00,-0.962
2018-07-28 17:15:00,-0.962
2018-07-28 17:00:00,-0.96
2018-07-28 16:45:00,-0.959
2018-07-28 16:30:00,-0.96
2018-07-28 16:15:00,-0.959
2018-07-28 16:00:00,-0.958
2018-07-28 15:45:00,-0.959
2018-07-28 15:30:00,-0.96
2018-07-28 15:15:00,-0.961
2018-07-28 15:00:00,-0.959
2018-07-28 14:45:00,-0.962
2018-07-28 14:30:00,-0.962
2018-07-28 14:15:00,-0.965
2018-07-28 14:00:00,-0.965
2018-07-28 13:45:00,-0.967
2018-07-28 13:30:00,-0.875
2018-07-28 13:15:00,97.311
2018-07-28 13:00:00,105.485
2018-07-28 12:45:00,105.436
2018-07-28 12:30:00,105.456
2018-07-28 12:15:00,105.529
2018-07-28 12:00:00,105.605
2018-07-28 11:45:00,105.671
2018-07-28 11:30:00,105.483
2018-07-28 11:15:00,96.897
2018-07-28 11:00:00,100.861
2018-07-28 10:45:00,84.87
2018-07-28 10:30:00,105.031
2018-07-28 10:15:00,86.429
2018-07-28 10:00:00,93.35
2018-07-28 09:45:00,52.886
2018-07-28 09:30:00,39.195
2018-07-28 09:15:00,20.495
2018-07-28 09:00:00,5.639
2018-07-28 08:45:00,11.898
2018-07-28 08:30:00,8.095
2018-07-28 08:15:00,0.553
2018-07-28 08:00:00,0.813
2018-07-28 07:45:00,-1.23
2018-07-28 07:30:00,-10.962
2018-07-28 07:15:00,-2.237
2018-07-28 07:00:00,-2.582
2018-07-28 06:45:00,-14.874
2018-07-28 06:30:00,-20.91
2018-07-28 06:15:00,-12.833
2018-07-28 06:00:00,-10.991
2018-07-28 05:45:00,-26.784
2018-07-28 05:30:00,-11.092
2018-07-28 05:15:00,-15.6
2018-07-28 05:00:00,-22.456
2018-07-28 04:45:00,-19.42
2018-07-28 04:30:00,-11.568
2018-07-28 04:15:00,-15.912
2018-07-28 04:00:00,-26.122
2018-07-28 03:45:00,-12.009
2018-07-28 03:30:00,-14.144
2018-07-28 03:15:00,-23.607
2018-07-28 03:00:00,-12.066
2018-07-28 02:45:00,-14.673
2018-07-28 02:30:00,-31.108
2018-07-28 02:15:00,-12.725
2018-07-28 02:00:00,-15.875
2018-07-28 01:45:00,-29.448
2018-07-28 01:30:00,-11.694
2018-07-28 01:15:00,-14.091
2018-07-28 01:00:00,-22.504
2018-07-28 00:45:00,-30.762
2018-07-28 00:30:00,-12.269
2018-07-28 00:15:00,-13.208
2018-07-28 00:00:00,-21.762
2018-07-27 23:45:00,-34.323
2018-07-27 23:30:00,-29.544
2018-07-27 23:15:00,-14.815
2018-07-27 23:00:00,-15.122
2018-07-27 22:45:00,-28.786
2018-07-27 22:30:00,-32.718
2018-07-27 22:15:00,-37.625
2018-07-27 22:00:00,-35.995
2018-07-27 21:45:00,-44.471
2018-07-27 21:30:00,-39.34
2018-07-27 21:15:00,-41.761
2018-07-27 21:00:00,-43.729
2018-07-27 20:45:00,-46.021
2018-07-27 20:30:00,-43.689
2018-07-27 20:15:00,-44.551
2018-07-27 20:00:00,-49.17
2018-07-27 19:45:00,-51.144
2018-07-27 19:30:00,-45.015
2018-07-27 19:15:00,-42.318
2018-07-27 19:00:00,-36.722
2018-07-27 18:45:00,-35.378
2018-07-27 18:30:00,-23.724
2018-07-27 18:15:00,-28.295
2018-07-27 18:00:00,-26.868
2018-07-27 17:45:00,-14.558
2018-07-27 17:30:00,-3.231
2018-07-27 17:15:00,-1.14
2018-07-27 17:00:00,-1.38
2018-07-27 16:45:00,-0.973
2018-07-27 16:30:00,-0.975
2018-07-27 16:15:00,-0.971
2018-07-27 16:00:00,-0.969
2018-07-27 15:45:00,-0.97
2018-07-27 15:30:00,-0.976
2018-07-27 15:15:00,-0.972
2018-07-27 15:00:00,-0.975
2018-07-27 14:45:00,-0.973
2018-07-27 14:30:00,-0.971
2018-07-27 14:15:00,-0.942
2018-07-27 14:00:00,60.914
2018-07-27 13:45:00,102.447
2018-07-27 13:30:00,100.85
2018-07-27 13:15:00,104.722
2018-07-27 13:00:00,105.682
2018-07-27 12:45:00,105.584
2018-07-27 12:30:00,104.737
2018-07-27 12:15:00,105.802
2018-07-27 12:00:00,105.716
2018-07-27 11:45:00,105.115
2018-07-27 11:30:00,101.282
2018-07-27 11:15:00,101.309
2018-07-27 11:00:00,92.594
2018-07-27 10:45:00,98.634
2018-07-27 10:30:00,84.431
2018-07-27 10:15:00,84.242
2018-07-27 10:00:00,42.756
2018-07-27 09:45:00,33.807
2018-07-27 09:30:00,34.764
2018-07-27 09:15:00,8.518
2018-07-27 09:00:00,-3.803
2018-07-27 08:45:00,-14.115
2018-07-27 08:30:00,-16.454
2018-07-27 08:15:00,-15.678
2018-07-27 08:00:00,-14.7
2018-07-27 07:45:00,-23.873
2018-07-27 07:30:00,-41.788
2018-07-27 07:15:00,-29.615
2018-07-27 07:00:00,-26.908
2018-07-27 06:45:00,-28.112
2018-07-27 06:30:00,-25.205
2018-07-27 06:15:00,-26.323
2018-07-27 06:00:00,-34.453
2018-07-27 05:45:00,-28.701
2018-07-27 05:30:00,-25.164
2018-07-27 05:15:00,-24.666
2018-07-27 05:00:00,-11.842
2018-07-27 04:45:00,-11.98
2018-07-27 04:30:00,-15.181
2018-07-27 04:15:00,-11.215
2018-07-27 04:00:00,-11.192
2018-07-27 03:45:00,-8.386
2018-07-27 03:30:00,-7.897
2018-07-27 03:15:00,-7.807
2018-07-27 03:00:00,-21.483
2018-07-27 02:45:00,-11.262
2018-07-27 02:30:00,-6.926
2018-07-27 02:15:00,-7.781
2018-07-27 02:00:00,-23.367
2018-07-27 01:45:00,-10.763
2018-07-27 01:30:00,-8.419
2018-07-27 01:15:00,-16.789
2018-07-27 01:00:00,-18.817
2018-07-27 00:45:00,-8.892
2018-07-27 00:30:00,-9.32
2018-07-27 00:15:00,-29.568
2018-07-27 00:00:00,-8.772
2018-07-26 23:45:00,-9.052
2018-07-26 23:30:00,-18.71
2018-07-26 23:15:00,-30.433
2018-07-26 23:00:00,-14.991
2018-07-26 22:45:00,-12.775
2018-07-26 22:30:00,-12.879
2018-07-26 22:15:00,-35.143
2018-07-26 22:00:00,-36.586
2018-07-26 21:45:00,-35.902
2018-07-26 21:30:00,-39.608
2018-07-26 21:15:00,-39.414
2018-07-26 21:00:00,-42.005
2018-07-26 20:45:00,-41.114
2018-07-26 20:30:00,-40.855
2018-07-26 20:15:00,-44.835
2018-07-26 20:00:00,-46.264
2018-07-26 19:45:00,-47.391
2018-07-26 19:30:00,-47.473
2018-07-26 19:15:00,-45.671
2018-07-26 19:00:00,-48.089
2018-07-26 18:45:00,-39.283
2018-07-26 18:30:00,-29.551
2018-07-26 18:15:00,-23.201
2018-07-26 18:00:00,-29.357
2018-07-26 17:45:00,-13.901
2018-07-26 17:30:00,-8.627
2018-07-26 17:15:00,-3.328
2018-07-26 17:00:00,-1.607
2018-07-26 16:45:00,-0.973
2018-07-26 16:30:00,-0.972
2018-07-26 16:15:00,-0.972
2018-07-26 16:00:00,-0.97
2018-07-26 15:45:00,-0.972
2018-07-26 15:30:00,-0.965
2018-07-26 15:15:00,-0.966
2018-07-26 15:00:00,-0.961
2018-07-26 14:45:00,9.631
2018-07-26 14:30:00,94.566
2018-07-26 14:15:00,100.615
2018-07-26 14:00:00,104.087
2018-07-26 13:45:00,104.681
2018-07-26 13:30:00,105.449
2018-07-26 13:15:00,105.6
2018-07-26 13:00:00,105.226
2018-07-26 12:45:00,105.892
2018-07-26 12:30:00,105.3
2018-07-26 12:15:00,105.958
2018-07-26 12:00:00,106.038
2018-07-26 11:45:00,106.133
2018-07-26 11:30:00,106.18
2018-07-26 11:15:00,106.413
2018-07-26 11:00:00,97.007
2018-07-26 10:45:00,80.991
2018-07-26 10:30:00,61.238
2018-07-26 10:15:00,-2.531
2018-07-26 10:00:00,0.193
2018-07-26 09:45:00,-0.962
2018-07-26 09:30:00,-0.959
2018-07-26 09:15:00,-0.946
2018-07-26 09:00:00,-18.441
2018-07-26 08:45:00,-97.174
2018-07-26 08:30:00,-93.963
2018-07-26 08:15:00,-79.481
2018-07-26 08:00:00,-22.778
2018-07-26 07:45:00,-30.366
2018-07-26 07:30:00,-21.93
2018-07-26 07:15:00,-15.503
2018-07-26 07:00:00,-17.09
2018-07-26 06:45:00,-24.06
2018-07-26 06:30:00,-14.986
2018-07-26 06:15:00,-14.158
2018-07-26 06:00:00,-15.934
2018-07-26 05:45:00,-17.483
2018-07-26 05:30:00,-15.823
2018-07-26 05:15:00,-12.887
2018-07-26 05:00:00,-15.723
2018-07-26 04:45:00,-2.536
2018-07-26 04:30:00,-4.797
2018-07-26 04:15:00,-3.702
2018-07-26 04:00:00,-11.042
2018-07-26 03:45:00,-2.202
2018-07-26 03:30:00,-3.613
2018-07-26 03:15:00,-7.822
2018-07-26 03:00:00,-7.185
2018-07-26 02:45:00,-2.037
2018-07-26 02:30:00,-12.629
2018-07-26 02:15:00,-4.367
2018-07-26 02:00:00,-3.638
2018-07-26 01:45:00,-9.517
2018-07-26 01:30:00,-6.075
2018-07-26 01:15:00,-4.685
2018-07-26 01:00:00,-10.448
2018-07-26 00:45:00,-9.197
2018-07-26 00:30:00,-4.045
2018-07-26 00:15:00,-2.947
2018-07-26 00:00:00,-9.456
2018-07-25 23:45:00,-15.976
2018-07-25 23:30:00,-14.486
2018-07-25 23:15:00,-14.628
2018-07-25 23:00:00,-15.773
2018-07-25 22:45:00,-16.847
2018-07-25 22:30:00,-17.592
2018-07-25 22:15:00,-17.043
2018-07-25 22:00:00,-18.034
2018-07-25 21:45:00,-18.737
2018-07-25 21:30:00,-17.838
2018-07-25 21:15:00,-17.533
2018-07-25 21:00:00,-17.61
2018-07-25 20:45:00,-17.191
2018-07-25 20:30:00,-20.399
2018-07-25 20:15:00,-18.114
2018-07-25 20:00:00,-19.262
2018-07-25 19:45:00,-18.343
2018-07-25 19:30:00,-19.307
2018-07-25 19:15:00,-16.977
2018-07-25 19:00:00,-16.519
2018-07-25 18:45:00,-22.895
2018-07-25 18:30:00,-14.107
2018-07-25 18:15:00,-4.264
2018-07-25 18:00:00,-8.199
2018-07-25 17:45:00,-2.383
2018-07-25 17:30:00,-1.078
2018-07-25 17:15:00,6.844
2018-07-25 17:00:00,12.585
2018-07-25 16:45:00,16.747
2018-07-25 16:30:00,17.875
2018-07-25 16:15:00,15.038
2018-07-25 16:00:00,14.914
2018-07-25 15:45:00,22.855
2018-07-25 15:30:00,23.23
2018-07-25 15:15:00,20.259
2018-07-25 15:00:00,19.37
2018-07-25 14:45:00,18.467
2018-07-25 14:30:00,22.458
2018-07-25 14:15:00,23.4
2018-07-25 14:00:00,23.54
2018-07-25 13:45:00,29.038
2018-07-25 13:30:00,30.824
2018-07-25 13:15:00,38.304
2018-07-25 13:00:00,38.753
2018-07-25 12:45:00,37.519
2018-07-25 12:30:00,41.251
2018-07-25 12:15:00,34.947
2018-07-25 12:00:00,35.354
2018-07-25 11:45:00,31.345
2018-07-25 11:30:00,31.135
2018-07-25 11:15:00,26.576
2018-07-25 11:00:00,36.842
2018-07-25 10:45:00,31.789
2018-07-25 10:30:00,31.629
2018-07-25 10:15:00,25.11
2018-07-25 10:00:00,25.151
2018-07-25 09:45:00,13.477
2018-07-25 09:30:00,12.736
2018-07-25 09:15:00,-4.553
2018-07-25 09:00:00,-9.258
2018-07-25 08:45:00,-14.486
2018-07-25 08:30:00,-17.757
2018-07-25 08:15:00,-30.513
2018-07-25 08:00:00,-30.702
2018-07-25 07:45:00,-28.693
2018-07-25 07:30:00,-23.333
2018-07-25 07:15:00,-15.137
2018-07-25 07:00:00,-24.364
2018-07-25 06:45:00,-16.181
2018-07-25 06:30:00,-17.549
2018-07-25 06:15:00,-21.347
2018-07-25 06:00:00,-18.399
2018-07-25 05:45:00,-15.668
2018-07-25 05:30:00,-17.789
2018-07-25 05:15:00,-22.355
2018-07-25 05:00:00,-9.956
2018-07-25 04:45:00,-6.424
2018-07-25 04:30:00,-13.675
2018-07-25 04:15:00,-8.435
2018-07-25 04:00:00,-7.399
2018-07-25 03:45:00,-11.496
2018-07-25 03:30:00,-4.804
2018-07-25 03:15:00,-7.773
2018-07-25 03:00:00,-12.218
2018-07-25 02:45:00,-8.184
2018-07-25 02:30:00,-7.395
2018-07-25 02:15:00,-13.447
2018-07-25 02:00:00,-5.477
2018-07-25 01:45:00,-5.531
2018-07-25 01:30:00,-15.42
2018-07-25 01:15:00,-16.18
2018-07-25 01:00:00,-18.051
2018-07-25 00:45:00,-17.216
2018-07-25 00:30:00,-18.4
2018-07-25 00:15:00,-19.306
2018-07-25 00:00:00,-20.664
2018-07-24 23:45:00,-20.188
2018-07-24 23:30:00,-19.17
2018-07-24 23:15:00,-20.447
2018-07-24 23:00:00,-21.189
2018-07-24 22:45:00,-20.389
2018-07-24 22:30:00,-19.691
2018-07-24 22:15:00,-21.311
2018-07-24 22:00:00,-20.718
2018-07-24 21:45:00,-21.14
2018-07-24 21:30:00,-21.05
2018-07-24 21:15:00,-22.179
2018-07-24 21:00:00,-21.257
2018-07-24 20:45:00,-21.144
2018-07-24 20:30:00,-21.634
2018-07-24 20:15:00,-24.925
2018-07-24 20:00:00,-23.954
2018-07-24 19:45:00,-23.059
2018-07-24 19:30:00,-24.989
2018-07-24 19:15:00,-23.356
2018-07-24 19:00:00,-22.048
2018-07-24 18:45:00,-18.429
2018-07-24 18:30:00,-13.848
2018-07-24 18:15:00,-9.826
2018-07-24 18:00:00,-11.974
2018-07-24 17:45:00,-4.08
2018-07-24 17:30:00,-1.645
2018-07-24 17:15:00,-1.093
2018-07-24 17:00:00,-1.213
2018-07-24 16:45:00,-1.062
2018-07-24 16:30:00,-0.99
2018-07-24 16:15:00,-0.988
2018-07-24 16:00:00,-0.984
2018-07-24 15:45:00,-0.986
2018-07-24 15:30:00,-0.984
2018-07-24 15:15:00,21.523
2018-07-24 15:00:00,35.279
2018-07-24 14:45:00,38.029
2018-07-24 14:30:00,27.509
2018-07-24 14:15:00,37.319
2018-07-24 14:00:00,35.92
2018-07-24 13:45:00,39.705
2018-07-24 13:30:00,40.798
2018-07-24 13:15:00,38.853
2018-07-24 13:00:00,42.058
2018-07-24 12:45:00,43.322
2018-07-24 12:30:00,37.276
2018-07-24 12:15:00,37.601
2018-07-24 12:00:00,38.505
2018-07-24 11:45:00,38.055
2018-07-24 11:30:00,38.134
2018-07-24 11:15:00,34.676
2018-07-24 11:00:00,36.181
2018-07-24 10:45:00,30.999
2018-07-24 10:30:00,32.611
2018-07-24 10:15:00,24.226
2018-07-24 10:00:00,23.4
2018-07-24 09:45:00,18.818
2018-07-24 09:30:00,12.753
2018-07-24 09:15:00,7.088
2018-07-24 09:00:00,1.412
2018-07-24 08:45:00,-1.028
2018-07-24 08:30:00,-6.687
2018-07-24 08:15:00,-8.543
2018-07-24 08:00:00,-12.463
2018-07-24 07:45:00,-7.312
2018-07-24 07:30:00,-10.299
2018-07-24 07:15:00,-7.628
2018-07-24 07:00:00,-2.222
2018-07-24 06:45:00,-6.391
2018-07-24 06:30:00,-13.799
2018-07-24 06:15:00,-8.783
2018-07-24 06:00:00,-6.604
2018-07-24 05:45:00,-16.353
2018-07-24 05:30:00,-5.023
2018-07-24 05:15:00,-7.98
2018-07-24 05:00:00,-7.552
2018-07-24 04:45:00,-3.642
2018-07-24 04:30:00,-1.881
2018-07-24 04:15:00,-5.617
2018-07-24 04:00:00,-5.006
2018-07-24 03:45:00,-1.917
2018-07-24 03:30:00,-4.281
2018-07-24 03:15:00,-4.024
2018-07-24 03:00:00,-1.942
2018-07-24 02:45:00,-5.33
2018-07-24 02:30:00,-8.376
2018-07-24 02:15:00,-1.961
2018-07-24 02:00:00,-1.956
2018-07-24 01:45:00,-6.705
2018-07-24 01:30:00,-8.524
2018-07-24 01:15:00,-2.389
2018-07-24 01:00:00,-1.608
2018-07-24 00:45:00,-8.698
2018-07-24 00:30:00,-9.507
2018-07-24 00:15:00,-10.794
2018-07-24 00:00:00,-9.345
2018-07-23 23:45:00,-9.627
2018-07-23 23:30:00,-11.914
2018-07-23 23:15:00,-10.941
2018-07-23 23:00:00,-12.939
2018-07-23 22:45:00,-13.315
2018-07-23 22:30:00,-14.08
2018-07-23 22:15:00,-14.133
2018-07-23 22:00:00,-13.658
2018-07-23 21:45:00,-15.735
2018-07-23 21:30:00,-13.596
2018-07-23 21:15:00,-14.395
2018-07-23 21:00:00,-15.973
2018-07-23 20:45:00,-13.786
2018-07-23 20:30:00,-14.889
2018-07-23 20:15:00,-16.586
2018-07-23 20:00:00,-16.312
2018-07-23 19:45:00,-18.481
2018-07-23 19:30:00,-26.889
2018-07-23 19:15:00,-26.986
2018-07-23 19:00:00,-29.923
2018-07-23 18:45:00,-23.834
2018-07-23 18:30:00,-24.634
2018-07-23 18:15:00,-23.123
2018-07-23 18:00:00,-25.57
2018-07-23 17:45:00,-20.73
2018-07-23 17:30:00,-11.904
2018-07-23 17:15:00,-5.427
2018-07-23 17:00:00,-0.983
2018-07-23 16:45:00,-0.981
2018-07-23 16:30:00,-0.978
2018-07-23 16:15:00,-0.977
2018-07-23 16:00:00,-0.981
2018-07-23 15:45:00,-0.98
2018-07-23 15:30:00,-0.982
2018-07-23 15:15:00,-0.985
2018-07-23 15:00:00,-0.983
2018-07-23 14:45:00,-0.981
2018-07-23 14:30:00,10.717
2018-07-23 14:15:00,24.902
2018-07-23 14:00:00,27.807
2018-07-23 13:45:00,29.928
2018-07-23 13:30:00,31.947
2018-07-23 13:15:00,32.195
2018-07-23 13:00:00,33.26
2018-07-23 12:45:00,34.59
2018-07-23 12:30:00,34.227
2018-07-23 12:15:00,33.272
2018-07-23 12:00:00,33.815
2018-07-23 11:45:00,36.52
2018-07-23 11:30:00,31.586
2018-07-23 11:15:00,30.171
2018-07-23 11:00:00,33.291
2018-07-23 10:45:00,32.415
2018-07-23 10:30:00,26.961
2018-07-23 10:15:00,25.629
2018-07-23 10:00:00,27.468
2018-07-23 09:45:00,25.809
2018-07-23 09:30:00,10.846
2018-07-23 09:15:00,8.833
2018-07-23 09:00:00,0.486
2018-07-23 08:45:00,-0.515
2018-07-23 08:30:00,6.923
2018-07-23 08:15:00,2.37
2018-07-23 08:00:00,-3.424
2018-07-23 07:45:00,-1.257
2018-07-23 07:30:00,-3.219
2018-07-23 07:15:00,-4.566
2018-07-23 07:00:00,-12.349
2018-07-23 06:45:00,-16.498
2018-07-23 06:30:00,-17.646
2018-07-23 06:15:00,-16.038
2018-07-23 06:00:00,-14.302
2018-07-23 05:45:00,-14.526
2018-07-23 05:30:00,-15.807
2018-07-23 05:15:00,-19.734
2018-07-23 05:00:00,-11.786
2018-07-23 04:45:00,-2.715
2018-07-23 04:30:00,-4.548
2018-07-23 04:15:00,-11.257
2018-07-23 04:00:00,-3.519
2018-07-23 03:45:00,-3.108
2018-07-23 03:30:00,-11.216
2018-07-23 03:15:00,-3.458
2018-07-23 03:00:00,-3.96
2018-07-23 02:45:00,-10.799
2018-07-23 02:30:00,-3.572
2018-07-23 02:15:00,-3.441
2018-07-23 02:00:00,-10.981
2018-07-23 01:45:00,-3.414
2018-07-23 01:30:00,-4.253
2018-07-23 01:15:00,-13.789
2018-07-23 01:00:00,-6.305
2018-07-23 00:45:00,-3.299
2018-07-23 00:30:00,-14.667
2018-07-23 00:15:00,-3.55
2018-07-23 00:00:00,-4.038
2018-07-22 23:45:00,-12.803
2018-07-22 23:30:00,-6.484
2018-07-22 23:15:00,-4.883
2018-07-22 23:00:00,-11.173
2018-07-22 22:45:00,-13.511
2018-07-22 22:30:00,-4.414
2018-07-22 22:15:00,-4.594
2018-07-22 22:00:00,-18.27
2018-07-22 21:45:00,-17.182
2018-07-22 21:30:00,-17.923
2018-07-22 21:15:00,-17.487
2018-07-22 21:00:00,-19.101
2018-07-22 20:45:00,-17.937
2018-07-22 20:30:00,-22.372
2018-07-22 20:15:00,-19.96
2018-07-22 20:00:00,-21.039
2018-07-22 19:45:00,-22.338
2018-07-22 19:30:00,-20.458
2018-07-22 19:15:00,-20.864
2018-07-22 19:00:00,-18.755
2018-07-22 18:45:00,-18.132
2018-07-22 18:30:00,-8.38
2018-07-22 18:15:00,-3.975
2018-07-22 18:00:00,-0.967
2018-07-22 17:45:00,-0.967
2018-07-22 17:30:00,-0.965
2018-07-22 17:15:00,-0.967
2018-07-22 17:00:00,-0.964
2018-07-22 16:45:00,-0.962
2018-07-22 16:30:00,-0.963
2018-07-22 16:15:00,-0.963
2018-07-22 16:00:00,-0.964
2018-07-22 15:45:00,-0.965
2018-07-22 15:30:00,-0.968
2018-07-22 15:15:00,-0.97
2018-07-22 15:00:00,-0.967
2018-07-22 14:45:00,-0.97
2018-07-22 14:30:00,-0.952
2018-07-22 14:15:00,-0.953
2018-07-22 14:00:00,-0.944
2018-07-22 13:45:00,-0.945
2018-07-22 13:30:00,-0.945
2018-07-22 13:15:00,-0.949
2018-07-22 13:00:00,-0.949
2018-07-22 12:45:00,-0.948
2018-07-22 12:30:00,-0.944
2018-07-22 12:15:00,-0.945
2018-07-22 12:00:00,-0.942
2018-07-22 11:45:00,-0.945
2018-07-22 11:30:00,-0.947
2018-07-22 11:15:00,8.875
2018-07-22 11:00:00,73.512
2018-07-22 10:45:00,80.583
2018-07-22 10:30:00,69.878
2018-07-22 10:15:00,63.258
2018-07-22 10:00:00,59.116
2018-07-22 09:45:00,60.921
2018-07-22 09:30:00,58.96
2018-07-22 09:15:00,44.234
2018-07-22 09:00:00,48.22
2018-07-22 08:45:00,38.638
2018-07-22 08:30:00,29.102
2018-07-22 08:15:00,27.124
2018-07-22 08:00:00,20.911
2018-07-22 07:45:00,7.302
2018-07-22 07:30:00,7.809
2018-07-22 07:15:00,1.772
2018-07-22 07:00:00,-1.836
2018-07-22 06:45:00,-7.609
2018-07-22 06:30:00,-2.865
2018-07-22 06:15:00,-1.997
2018-07-22 06:00:00,-2.352
2018-07-22 05:45:00,-2.158
2018-07-22 05:30:00,-2.315
2018-07-22 05:15:00,-9.295
2018-07-22 05:00:00,-2.267
2018-07-22 04:45:00,-2.0
2018-07-22 04:30:00,-2.444
2018-07-22 04:15:00,-2.12
2018-07-22 04:00:00,-9.323
2018-07-22 03:45:00,-2.572
2018-07-22 03:30:00,-2.585
2018-07-22 03:15:00,-5.568
2018-07-22 03:00:00,-6.737
2018-07-22 02:45:00,-2.061
2018-07-22 02:30:00,-2.098
2018-07-22 02:15:00,-10.508
2018-07-22 02:00:00,-3.599
2018-07-22 01:45:00,-4.26
2018-07-22 01:30:00,-11.156
2018-07-22 01:15:00,-3.238
2018-07-22 01:00:00,-3.073
2018-07-22 00:45:00,-10.26
2018-07-22 00:30:00,-3.592
2018-07-22 00:15:00,-3.666
2018-07-22 00:00:00,-10.401
2018-07-21 23:45:00,-5.198
2018-07-21 23:30:00,-2.489
2018-07-21 23:15:00,-14.229
2018-07-21 23:00:00,-4.264
2018-07-21 22:45:00,-3.186
2018-07-21 22:30:00,-10.801
2018-07-21 22:15:00,-8.762
2018-07-21 22:00:00,-3.484
2018-07-21 21:45:00,-13.79
2018-07-21 21:30:00,-27.152
2018-07-21 21:15:00,-12.048
2018-07-21 21:00:00,-9.202
2018-07-21 20:45:00,-33.699
2018-07-21 20:30:00,-33.76
2018-07-21 20:15:00,-35.401
2018-07-21 20:00:00,-35.618
2018-07-21 19:45:00,-41.557
2018-07-21 19:30:00,-33.836
2018-07-21 19:15:00,-39.565
2018-07-21 19:00:00,-33.76
2018-07-21 18:45:00,-33.621
2018-07-21 18:30:00,-14.03
2018-07-21 18:15:00,-5.693
2018-07-21 18:00:00,-0.951
2018-07-21 17:45:00,-0.949
2018-07-21 17:30:00,-1.057
2018-07-21 17:15:00,-0.955
2018-07-21 17:00:00,-0.952
2018-07-21 16:45:00,-0.952
2018-07-21 16:30:00,-0.953
2018-07-21 16:15:00,-0.951
2018-07-21 16:00:00,-0.949
2018-07-21 15:45:00,-0.95
2018-07-21 15:30:00,-0.952
2018-07-21 15:15:00,-0.956
2018-07-21 15:00:00,-0.963
2018-07-21 14:45:00,-0.96
2018-07-21 14:30:00,-0.96
2018-07-21 14:15:00,-0.963
2018-07-21 14:00:00,-0.96
2018-07-21 13:45:00,-0.962
2018-07-21 13:30:00,-0.959
2018-07-21 13:15:00,-0.958
2018-07-21 13:00:00,-0.953
2018-07-21 12:45:00,-0.954
2018-07-21 12:30:00,-0.949
2018-07-21 12:15:00,-0.949
2018-07-21 12:00:00,-0.952
2018-07-21 11:45:00,-0.895
2018-07-21 11:30:00,77.472
2018-07-21 11:15:00,153.622
2018-07-21 11:00:00,155.138
2018-07-21 10:45:00,153.679
2018-07-21 10:30:00,152.645
2018-07-21 10:15:00,118.214
2018-07-21 10:00:00,67.966
2018-07-21 09:45:00,113.986
2018-07-21 09:30:00,98.608
2018-07-21 09:15:00,50.188
2018-07-21 09:00:00,95.109
2018-07-21 08:45:00,42.427
2018-07-21 08:30:00,54.41
2018-07-21 08:15:00,38.091
2018-07-21 08:00:00,7.547
2018-07-21 07:45:00,13.748
2018-07-21 07:30:00,6.559
2018-07-21 07:15:00,-7.011
2018-07-21 07:00:00,-17.037
2018-07-21 06:45:00,-23.031
2018-07-21 06:30:00,-12.32
2018-07-21 06:15:00,-21.727
2018-07-21 06:00:00,-7.643
2018-07-21 05:45:00,-6.593
2018-07-21 05:30:00,-17.233
2018-07-21 05:15:00,-8.761
2018-07-21 05:00:00,-8.557
2018-07-21 04:45:00,-12.235
2018-07-21 04:30:00,-15.724
2018-07-21 04:15:00,-6.471
2018-07-21 04:00:00,-7.667
2018-07-21 03:45:00,-21.056
2018-07-21 03:30:00,-6.522
2018-07-21 03:15:00,-6.227
2018-07-21 03:00:00,-21.402
2018-07-21 02:45:00,-7.916
2018-07-21 02:30:00,-6.652
2018-07-21 02:15:00,-20.082
2018-07-21 02:00:00,-6.66
2018-07-21 01:45:00,-9.069
2018-07-21 01:30:00,-20.747
2018-07-21 01:15:00,-15.679
2018-07-21 01:00:00,-8.311
2018-07-21 00:45:00,-7.28
2018-07-21 00:30:00,-7.271
2018-07-21 00:15:00,-17.437
2018-07-21 00:00:00,-23.287
2018-07-20 23:45:00,-23.698
2018-07-20 23:30:00,-25.249
2018-07-20 23:15:00,-26.45
2018-07-20 23:00:00,-23.783
2018-07-20 22:45:00,-24.343
2018-07-20 22:30:00,-24.791
2018-07-20 22:15:00,-25.435
2018-07-20 22:00:00,-24.94
2018-07-20 21:45:00,-29.22
2018-07-20 21:30:00,-30.343
2018-07-20 21:15:00,-33.901
2018-07-20 21:00:00,-33.393
2018-07-20 20:45:00,-36.696
2018-07-20 20:30:00,-37.032
2018-07-20 20:15:00,-45.274
2018-07-20 20:00:00,-40.974
2018-07-20 19:45:00,-42.95
2018-07-20 19:30:00,-44.885
2018-07-20 19:15:00,-46.206
2018-07-20 19:00:00,-41.542
2018-07-20 18:45:00,-36.103
2018-07-20 18:30:00,-30.813
2018-07-20 18:15:00,-17.419
2018-07-20 18:00:00,-14.623
2018-07-20 17:45:00,-12.613
2018-07-20 17:30:00,-3.257
2018-07-20 17:15:00,-0.963
2018-07-20 17:00:00,-0.966
2018-07-20 16:45:00,-0.968
2018-07-20 16:30:00,-0.965
2018-07-20 16:15:00,-0.962
2018-07-20 16:00:00,-0.963
2018-07-20 15:45:00,-0.966
2018-07-20 15:30:00,-0.965
2018-07-20 15:15:00,-0.959
2018-07-20 15:00:00,-0.959
2018-07-20 14:45:00,-0.96
2018-07-20 14:30:00,-0.959
2018-07-20 14:15:00,-0.961
2018-07-20 14:00:00,-0.961
2018-07-20 13:45:00,-0.962
2018-07-20 13:30:00,-0.963
2018-07-20 13:15:00,-0.964
2018-07-20 13:00:00,-0.96
2018-07-20 12:45:00,23.516
2018-07-20 12:30:00,121.955
2018-07-20 12:15:00,99.97
2018-07-20 12:00:00,101.548
2018-07-20 11:45:00,92.604
2018-07-20 11:30:00,131.542
2018-07-20 11:15:00,98.139
2018-07-20 11:00:00,110.212
2018-07-20 10:45:00,107.538
2018-07-20 10:30:00,94.002
2018-07-20 10:15:00,87.135
2018-07-20 10:00:00,74.966
2018-07-20 09:45:00,85.533
2018-07-20 09:30:00,31.764
2018-07-20 09:15:00,32.32
2018-07-20 09:00:00,23.494
2018-07-20 08:45:00,18.051
2018-07-20 08:30:00,7.141
2018-07-20 08:15:00,13.17
2018-07-20 08:00:00,-8.471
2018-07-20 07:45:00,-23.437
2018-07-20 07:30:00,0.507
2018-07-20 07:15:00,1.436
2018-07-20 07:00:00,-3.097
2018-07-20 06:45:00,-10.083
2018-07-20 06:30:00,-23.536
2018-07-20 06:15:00,-17.863
2018-07-20 06:00:00,-18.814
2018-07-20 05:45:00,-13.657
2018-07-20 05:30:00,-16.16
2018-07-20 05:15:00,-21.258
2018-07-20 05:00:00,-18.428
2018-07-20 04:45:00,-28.317
2018-07-20 04:30:00,-3.899
2018-07-20 04:15:00,-3.77
2018-07-20 04:00:00,-3.968
2018-07-20 03:45:00,-4.87
2018-07-20 03:30:00,-21.953
2018-07-20 03:15:00,-5.689
2018-07-20 03:00:00,-4.244
2018-07-20 02:45:00,-4.786
2018-07-20 02:30:00,-22.682
2018-07-20 02:15:00,-5.595
2018-07-20 02:00:00,-4.081
2018-07-20 01:45:00,-18.184
2018-07-20 01:30:00,-14.942
2018-07-20 01:15:00,-6.831
2018-07-20 01:00:00,-15.184
2018-07-20 00:45:00,-18.975
2018-07-20 00:30:00,-6.967
2018-07-20 00:15:00,-11.211
2018-07-20 00:00:00,-26.07
2018-07-19 23:45:00,-4.308
2018-07-19 23:30:00,-7.699
2018-07-19 23:15:00,-22.673
2018-07-19 23:00:00,-23.946
2018-07-19 22:45:00,-4.825
2018-07-19 22:30:00,-8.752
2018-07-19 22:15:00,-29.695
2018-07-19 22:00:00,-32.739
2018-07-19 21:45:00,-29.891
2018-07-19 21:30:00,-32.754
2018-07-19 21:15:00,-35.131
2018-07-19 21:00:00,-33.104
2018-07-19 20:45:00,-36.859
2018-07-19 20:30:00,-35.631
2018-07-19 20:15:00,-40.408
2018-07-19 20:00:00,-37.57
2018-07-19 19:45:00,-43.301
2018-07-19 19:30:00,-43.355
2018-07-19 19:15:00,-47.138
2018-07-19 19:00:00,-47.756
2018-07-19 18:45:00,-40.724
2018-07-19 18:30:00,-32.862
2018-07-19 18:15:00,-24.496
2018-07-19 18:00:00,-15.632
2018-07-19 17:45:00,-6.005
2018-07-19 17:30:00,-0.97
2018-07-19 17:15:00,-0.968
2018-07-19 17:00:00,-0.961
2018-07-19 16:45:00,-0.966
2018-07-19 16:30:00,-0.969
2018-07-19 16:15:00,-0.97
2018-07-19 16:00:00,-0.971
2018-07-19 15:45:00,-0.971
2018-07-19 15:30:00,-0.968
2018-07-19 15:15:00,-1.013
2018-07-19 15:00:00,-0.967
2018-07-19 14:45:00,-0.973
2018-07-19 14:30:00,-0.973
2018-07-19 14:15:00,-0.968
2018-07-19 14:00:00,-0.966
2018-07-19 13:45:00,-0.97
2018-07-19 13:30:00,-0.971
2018-07-19 13:15:00,18.286
2018-07-19 13:00:00,104.333
2018-07-19 12:45:00,109.15
2018-07-19 12:30:00,99.815
2018-07-19 12:15:00,107.109
2018-07-19 12:00:00,96.391
2018-07-19 11:45:00,101.316
2018-07-19 11:30:00,90.589
2018-07-19 11:15:00,86.471
2018-07-19 11:00:00,95.971
2018-07-19 10:45:00,93.493
2018-07-19 10:30:00,83.63
2018-07-19 10:15:00,75.669
2018-07-19 10:00:00,91.441
2018-07-19 09:45:00,57.957
2018-07-19 09:30:00,38.763
2018-07-19 09:15:00,34.216
2018-07-19 09:00:00,19.599
2018-07-19 08:45:00,4.373
2018-07-19 08:30:00,14.431
2018-07-19 08:15:00,3.104
2018-07-19 08:00:00,-13.818
2018-07-19 07:45:00,-4.405
2018-07-19 07:30:00,-1.04
2018-07-19 07:15:00,-1.29
2018-07-19 07:00:00,-3.998
2018-07-19 06:45:00,-8.744
2018-07-19 06:30:00,-27.728
2018-07-19 06:15:00,-27.817
2018-07-19 06:00:00,-28.179
2018-07-19 05:45:00,-27.124
2018-07-19 05:30:00,-27.881
2018-07-19 05:15:00,-25.158
2018-07-19 05:00:00,-19.631
2018-07-19 04:45:00,-17.089
2018-07-19 04:30:00,-8.096
2018-07-19 04:15:00,-6.544
2018-07-19 04:00:00,-10.168
2018-07-19 03:45:00,-5.12
2018-07-19 03:30:00,-18.248
2018-07-19 03:15:00,-5.447
2018-07-19 03:00:00,-7.397
2018-07-19 02:45:00,-9.969
2018-07-19 02:30:00,-15.079
2018-07-19 02:15:00,-5.972
2018-07-19 02:00:00,-7.984
2018-07-19 01:45:00,-18.294
2018-07-19 01:30:00,-7.292
2018-07-19 01:15:00,-13.278
2018-07-19 01:00:00,-18.833
2018-07-19 00:45:00,-9.819
2018-07-19 00:30:00,-8.327
2018-07-19 00:15:00,-20.941
2018-07-19 00:00:00,-8.227
2018-07-18 23:45:00,-15.225
2018-07-18 23:30:00,-14.911
2018-07-18 23:15:00,-6.301
2018-07-18 23:00:00,-23.402
2018-07-18 22:45:00,-8.28
2018-07-18 22:30:00,-15.046
2018-07-18 22:15:00,-22.001
2018-07-18 22:00:00,-7.867
2018-07-18 21:45:00,-13.987
2018-07-18 21:30:00,-29.785
2018-07-18 21:15:00,-11.329
2018-07-18 21:00:00,-13.387
2018-07-18 20:45:00,-32.667
2018-07-18 20:30:00,-34.404
2018-07-18 20:15:00,-37.485
2018-07-18 20:00:00,-38.164
2018-07-18 19:45:00,-40.55
2018-07-18 19:30:00,-42.11
2018-07-18 19:15:00,-43.182
2018-07-18 19:00:00,-41.106
2018-07-18 18:45:00,-34.25
2018-07-18 18:30:00,-23.197
2018-07-18 18:15:00,-16.776
2018-07-18 18:00:00,-28.707
2018-07-18 17:45:00,-2.159
2018-07-18 17:30:00,-31.09
2018-07-18 17:15:00,-38.176
2018-07-18 17:00:00,-14.772
2018-07-18 16:45:00,-33.905
2018-07-18 16:30:00,-1.502
2018-07-18 16:15:00,-5.7
2018-07-18 16:00:00,-6.652
2018-07-18 15:45:00,-3.134
2018-07-18 15:30:00,-0.961
2018-07-18 15:15:00,-0.961
2018-07-18 15:00:00,-0.958
2018-07-18 14:45:00,-0.955
2018-07-18 14:30:00,-0.939
2018-07-18 14:15:00,65.768
2018-07-18 14:00:00,88.108
2018-07-18 13:45:00,76.52
2018-07-18 13:30:00,86.372
2018-07-18 13:15:00,50.751
2018-07-18 13:00:00,39.717
2018-07-18 12:45:00,36.317
2018-07-18 12:30:00,71.572
2018-07-18 12:15:00,74.974
2018-07-18 12:00:00,99.488
2018-07-18 11:45:00,68.902
2018-07-18 11:30:00,72.724
2018-07-18 11:15:00,15.218
2018-07-18 11:00:00,62.429
2018-07-18 10:45:00,74.014
2018-07-18 10:30:00,81.591
2018-07-18 10:15:00,77.28
2018-07-18 10:00:00,73.137
2018-07-18 09:45:00,108.358
2018-07-18 09:30:00,76.985
2018-07-18 09:15:00,59.649
2018-07-18 09:00:00,0.453
2018-07-18 08:45:00,-29.287
2018-07-18 08:30:00,-22.733
2018-07-18 08:15:00,-17.182
2018-07-18 08:00:00,-4.501
2018-07-18 07:45:00,-12.909
2018-07-18 07:30:00,-9.326
2018-07-18 07:15:00,-4.775
2018-07-18 07:00:00,-8.58
2018-07-18 06:45:00,-10.589
2018-07-18 06:30:00,-14.025
2018-07-18 06:15:00,-32.901
2018-07-18 06:00:00,-21.968
2018-07-18 05:45:00,-21.373
2018-07-18 05:30:00,-28.167
2018-07-18 05:15:00,-27.163
2018-07-18 05:00:00,-27.23
2018-07-18 04:45:00,-14.977
2018-07-18 04:30:00,-18.931
2018-07-18 04:15:00,-8.401
2018-07-18 04:00:00,-8.693
2018-07-18 03:45:00,-7.722
2018-07-18 03:30:00,-8.511
2018-07-18 03:15:00,-24.04
2018-07-18 03:00:00,-9.719
2018-07-18 02:45:00,-9.298
2018-07-18 02:30:00,-8.65
2018-07-18 02:15:00,-8.572
2018-07-18 02:00:00,-13.037
2018-07-18 01:45:00,-30.433
2018-07-18 01:30:00,-18.904
2018-07-18 01:15:00,-9.641
2018-07-18 01:00:00,-15.836
2018-07-18 00:45:00,-18.679
2018-07-18 00:30:00,-10.036
2018-07-18 00:15:00,-8.315
2018-07-18 00:00:00,-29.513
2018-07-17 23:45:00,-11.406
2018-07-17 23:30:00,-10.617
2018-07-17 23:15:00,-11.935
2018-07-17 23:00:00,-32.23
2018-07-17 22:45:00,-19.61
2018-07-17 22:30:00,-12.177
2018-07-17 22:15:00,-14.689
2018-07-17 22:00:00,-27.996
2018-07-17 21:45:00,-28.715
2018-07-17 21:30:00,-30.931
2018-07-17 21:15:00,-32.981
2018-07-17 21:00:00,-38.423
2018-07-17 20:45:00,-34.551
2018-07-17 20:30:00,-37.695
2018-07-17 20:15:00,-39.402
2018-07-17 20:00:00,-41.793
2018-07-17 19:45:00,-41.278
2018-07-17 19:30:00,-37.828
2018-07-17 19:15:00,-35.815
2018-07-17 19:00:00,-35.483
2018-07-17 18:45:00,-29.246
2018-07-17 18:30:00,-15.747
2018-07-17 18:15:00,-2.423
2018-07-17 18:00:00,-3.698
2018-07-17 17:45:00,-1.01
2018-07-17 17:30:00,-2.348
2018-07-17 17:15:00,-0.959
2018-07-17 17:00:00,-1.028
2018-07-17 16:45:00,-1.155
2018-07-17 16:30:00,-2.205
2018-07-17 16:15:00,-4.392
2018-07-17 16:00:00,-1.006
2018-07-17 15:45:00,-1.414
2018-07-17 15:30:00,3.182
2018-07-17 15:15:00,-1.702
2018-07-17 15:00:00,-3.229
2018-07-17 14:45:00,-2.753
2018-07-17 14:30:00,-2.189
2018-07-17 14:15:00,-0.983
2018-07-17 14:00:00,-0.958
2018-07-17 13:45:00,15.88
2018-07-17 13:30:00,98.125
2018-07-17 13:15:00,110.869
2018-07-17 13:00:00,106.342
2018-07-17 12:45:00,55.078
2018-07-17 12:30:00,107.748
2018-07-17 12:15:00,68.969
2018-07-17 12:00:00,80.615
2018-07-17 11:45:00,97.034
2018-07-17 11:30:00,44.26
2018-07-17 11:15:00,87.049
2018-07-17 11:00:00,85.51
2018-07-17 10:45:00,80.193
2018-07-17 10:30:00,77.333
2018-07-17 10:15:00,68.302
2018-07-17 10:00:00,49.226
2018-07-17 09:45:00,9.715
2018-07-17 09:30:00,-3.003
2018-07-17 09:15:00,-16.314
2018-07-17 09:00:00,-20.144
2018-07-17 08:45:00,-44.091
2018-07-17 08:30:00,-47.309
2018-07-17 08:15:00,-36.998
2018-07-17 08:00:00,-27.583
2018-07-17 07:45:00,-32.656
2018-07-17 07:30:00,-31.376
2018-07-17 07:15:00,-14.246
2018-07-17 07:00:00,-19.472
2018-07-17 06:45:00,-30.103
2018-07-17 06:30:00,-21.834
2018-07-17 06:15:00,-17.257
2018-07-17 06:00:00,-16.859
2018-07-17 05:45:00,-27.666
2018-07-17 05:30:00,-14.228
2018-07-17 05:15:00,-13.428
2018-07-17 05:00:00,-19.731
2018-07-17 04:45:00,-5.007
2018-07-17 04:30:00,-1.805
2018-07-17 04:15:00,-3.554
2018-07-17 04:00:00,-10.5
2018-07-17 03:45:00,-1.835
2018-07-17 03:30:00,-1.839
2018-07-17 03:15:00,-12.772
2018-07-17 03:00:00,-1.856
2018-07-17 02:45:00,-1.862
2018-07-17 02:30:00,-11.195
2018-07-17 02:15:00,-2.733
2018-07-17 02:00:00,-1.903
2018-07-17 01:45:00,-13.502
2018-07-17 01:30:00,-2.392
2018-07-17 01:15:00,-1.955
2018-07-17 01:00:00,-9.771
2018-07-17 00:45:00,-3.863
2018-07-17 00:30:00,-1.933
2018-07-17 00:15:00,-13.9
2018-07-17 00:00:00,-5.219
2018-07-16 23:45:00,-1.969
2018-07-16 23:30:00,-9.62
2018-07-16 23:15:00,-7.529
2018-07-16 23:00:00,-0.955
2018-07-16 22:45:00,-9.539
2018-07-16 22:30:00,-9.168
2018-07-16 22:15:00,-0.956
2018-07-16 22:00:00,-9.328
2018-07-16 21:45:00,-9.906
2018-07-16 21:30:00,-0.991
2018-07-16 21:15:00,-11.896
2018-07-16 21:00:00,-11.103
2018-07-16 20:45:00,-1.139
2018-07-16 20:30:00,-17.088
2018-07-16 20:15:00,-19.991
2018-07-16 20:00:00,-28.139
2018-07-16 19:45:00,-48.118
2018-07-16 19:30:00,-46.325
2018-07-16 19:15:00,-52.127
2018-07-16 19:00:00,-55.516
2018-07-16 18:45:00,-55.627
2018-07-16 18:30:00,-36.211
2018-07-16 18:15:00,-19.564
2018-07-16 18:00:00,-22.683
2018-07-16 17:45:00,-5.99
2018-07-16 17:30:00,-0.962
2018-07-16 17:15:00,-0.965
2018-07-16 17:00:00,-0.963
2018-07-16 16:45:00,-0.966
2018-07-16 16:30:00,-0.965
2018-07-16 16:15:00,-0.964
2018-07-16 16:00:00,-0.961
2018-07-16 15:45:00,-0.96
2018-07-16 15:30:00,-0.954
2018-07-16 15:15:00,-0.953
2018-07-16 15:00:00,-0.949
2018-07-16 14:45:00,-0.948
2018-07-16 14:30:00,19.771
2018-07-16 14:15:00,64.316
2018-07-16 14:00:00,71.35
2018-07-16 13:45:00,72.836
2018-07-16 13:30:00,83.081
2018-07-16 13:15:00,76.256
2018-07-16 13:00:00,78.855
2018-07-16 12:45:00,79.288
2018-07-16 12:30:00,71.145
2018-07-16 12:15:00,77.149
2018-07-16 12:00:00,67.853
2018-07-16 11:45:00,71.291
2018-07-16 11:30:00,66.301
2018-07-16 11:15:00,61.509
2018-07-16 11:00:00,72.727
2018-07-16 10:45:00,63.346
2018-07-16 10:30:00,56.109
2018-07-16 10:15:00,52.116
2018-07-16 10:00:00,45.713
2018-07-16 09:45:00,37.137
2018-07-16 09:30:00,36.758
2018-07-16 09:15:00,11.075
2018-07-16 09:00:00,0.73
2018-07-16 08:45:00,-20.544
2018-07-16 08:30:00,-44.833
2018-07-16 08:15:00,-48.899
2018-07-16 08:00:00,-27.267
2018-07-16 07:45:00,-33.485
2018-07-16 07:30:00,-34.28
2018-07-16 07:15:00,-50.964
2018-07-16 07:00:00,-39.98
2018-07-16 06:45:00,-39.83
2018-07-16 06:30:00,-24.623
2018-07-16 06:15:00,-25.155
2018-07-16 06:00:00,-23.708
2018-07-16 05:45:00,-26.026
2018-07-16 05:30:00,-23.497
2018-07-16 05:15:00,-22.933
2018-07-16 05:00:00,-27.644
2018-07-16 04:45:00,-6.973
2018-07-16 04:30:00,-2.995
2018-07-16 04:15:00,-4.288
2018-07-16 04:00:00,-2.496
2018-07-16 03:45:00,-4.096
2018-07-16 03:30:00,-2.979
2018-07-16 03:15:00,-9.867
2018-07-16 03:00:00,-3.279
2018-07-16 02:45:00,-4.942
2018-07-16 02:30:00,-2.979
2018-07-16 02:15:00,-3.506
2018-07-16 02:00:00,-16.207
2018-07-16 01:45:00,-9.006
2018-07-16 01:30:00,-3.395
2018-07-16 01:15:00,-4.47
2018-07-16 01:00:00,-17.074
2018-07-16 00:45:00,-4.299
2018-07-16 00:30:00,-7.774
2018-07-16 00:15:00,-8.784
2018-07-16 00:00:00,-13.513
2018-07-15 23:45:00,-5.095
2018-07-15 23:30:00,-9.466
2018-07-15 23:15:00,-20.282
2018-07-15 23:00:00,-3.852
2018-07-15 22:45:00,-12.301
2018-07-15 22:30:00,-14.721
2018-07-15 22:15:00,-7.306
2018-07-15 22:00:00,-11.914
2018-07-15 21:45:00,-21.87
2018-07-15 21:30:00,-4.189
2018-07-15 21:15:00,-10.68
2018-07-15 21:00:00,-30.022
2018-07-15 20:45:00,-25.656
2018-07-15 20:30:00,-12.279
2018-07-15 20:15:00,-32.602
2018-07-15 20:00:00,-33.676
2018-07-15 19:45:00,-33.081
2018-07-15 19:30:00,-32.408
2018-07-15 19:15:00,-30.3
2018-07-15 19:00:00,-28.894
2018-07-15 18:45:00,-28.923
2018-07-15 18:30:00,-12.5
2018-07-15 18:15:00,-2.819
2018-07-15 18:00:00,-0.954
2018-07-15 17:45:00,-0.964
2018-07-15 17:30:00,-0.963
2018-07-15 17:15:00,-0.958
2018-07-15 17:00:00,-0.958
2018-07-15 16:45:00,-0.958
2018-07-15 16:30:00,-0.957
2018-07-15 16:15:00,-0.956
2018-07-15 16:00:00,-0.956
2018-07-15 15:45:00,-0.954
2018-07-15 15:30:00,-0.955
2018-07-15 15:15:00,-0.956
2018-07-15 15:00:00,-0.956
2018-07-15 14:45:00,-0.955
2018-07-15 14:30:00,-0.955
2018-07-15 14:15:00,-0.958
2018-07-15 14:00:00,-0.961
2018-07-15 13:45:00,-0.963
2018-07-15 13:30:00,-0.963
2018-07-15 13:15:00,-0.962
2018-07-15 13:00:00,-0.954
2018-07-15 12:45:00,-0.955
2018-07-15 12:30:00,-0.957
2018-07-15 12:15:00,-0.958
2018-07-15 12:00:00,-0.957
2018-07-15 11:45:00,-0.957
2018-07-15 11:30:00,-0.95
2018-07-15 11:15:00,-0.952
2018-07-15 11:00:00,-0.947
2018-07-15 10:45:00,-1.172
2018-07-15 10:30:00,126.867
2018-07-15 10:15:00,118.59
2018-07-15 10:00:00,127.966
2018-07-15 09:45:00,109.632
2018-07-15 09:30:00,85.079
2018-07-15 09:15:00,87.5
2018-07-15 09:00:00,71.194
2018-07-15 08:45:00,51.648
2018-07-15 08:30:00,38.788
2018-07-15 08:15:00,23.685
2018-07-15 08:00:00,31.204
2018-07-15 07:45:00,23.566
2018-07-15 07:30:00,10.024
2018-07-15 07:15:00,8.413
2018-07-15 07:00:00,0.131
2018-07-15 06:45:00,-3.196
2018-07-15 06:30:00,-18.604
2018-07-15 06:15:00,-3.067
2018-07-15 06:00:00,-3.473
2018-07-15 05:45:00,-3.619
2018-07-15 05:30:00,-16.297
2018-07-15 05:15:00,-8.327
2018-07-15 05:00:00,-4.087
2018-07-15 04:45:00,-12.842
2018-07-15 04:30:00,-7.946
2018-07-15 04:15:00,-2.492
2018-07-15 04:00:00,-2.851
2018-07-15 03:45:00,-20.675
2018-07-15 03:30:00,-5.188
2018-07-15 03:15:00,-3.137
2018-07-15 03:00:00,-14.912
2018-07-15 02:45:00,-7.969
2018-07-15 02:30:00,-2.851
2018-07-15 02:15:00,-19.024
2018-07-15 02:00:00,-10.127
2018-07-15 01:45:00,-3.553
2018-07-15 01:30:00,-14.224
2018-07-15 01:15:00,-9.419
2018-07-15 01:00:00,-3.6
2018-07-15 00:45:00,-21.464
2018-07-15 00:30:00,-6.447
2018-07-15 00:15:00,-3.901
2018-07-15 00:00:00,-25.129
2018-07-14 23:45:00,-6.977
2018-07-14 23:30:00,-3.87
2018-07-14 23:15:00,-25.366
2018-07-14 23:00:00,-3.138
2018-07-14 22:45:00,-17.346
2018-07-14 22:30:00,-18.216
2018-07-14 22:15:00,-4.817
2018-07-14 22:00:00,-20.361
2018-07-14 21:45:00,-20.768
2018-07-14 21:30:00,-3.536
2018-07-14 21:15:00,-27.286
2018-07-14 21:00:00,-12.714
2018-07-14 20:45:00,-17.733
2018-07-14 20:30:00,-32.033
2018-07-14 20:15:00,-32.706
2018-07-14 20:00:00,-32.81
2018-07-14 19:45:00,-40.76
2018-07-14 19:30:00,-33.846
2018-07-14 19:15:00,-33.775
2018-07-14 19:00:00,-34.925
2018-07-14 18:45:00,-28.938
2018-07-14 18:30:00,-12.34
2018-07-14 18:15:00,-4.649
2018-07-14 18:00:00,-1.047
2018-07-14 17:45:00,-0.959
2018-07-14 17:30:00,-0.959
2018-07-14 17:15:00,-0.959
2018-07-14 17:00:00,-0.958
2018-07-14 16:45:00,-0.958
2018-07-14 16:30:00,-0.96
2018-07-14 16:15:00,-0.967
2018-07-14 16:00:00,-0.967
2018-07-14 15:45:00,-0.966
2018-07-14 15:30:00,-0.961
2018-07-14 15:15:00,-0.96
2018-07-14 15:00:00,-0.961
2018-07-14 14:45:00,-0.962
2018-07-14 14:30:00,-0.964
2018-07-14 14:15:00,-0.961
2018-07-14 14:00:00,-0.956
2018-07-14 13:45:00,-0.956
2018-07-14 13:30:00,-0.959
2018-07-14 13:15:00,-0.959
2018-07-14 13:00:00,-0.957
2018-07-14 12:45:00,-0.959
2018-07-14 12:30:00,-0.959
2018-07-14 12:15:00,-0.959
2018-07-14 12:00:00,-0.916
2018-07-14 11:45:00,57.078
2018-07-14 11:30:00,157.942
2018-07-14 11:15:00,164.826
2018-07-14 11:00:00,155.644
2018-07-14 10:45:00,135.583
2018-07-14 10:30:00,124.892
2018-07-14 10:15:00,129.737
2018-07-14 10:00:00,99.679
2018-07-14 09:45:00,101.735
2018-07-14 09:30:00,87.613
2018-07-14 09:15:00,78.012
2018-07-14 09:00:00,40.845
2018-07-14 08:45:00,29.101
2018-07-14 08:30:00,2.69
2018-07-14 08:15:00,1.586
2018-07-14 08:00:00,4.022
2018-07-14 07:45:00,2.425
2018-07-14 07:30:00,-8.332
2018-07-14 07:15:00,-1.444
2018-07-14 07:00:00,-3.822
2018-07-14 06:45:00,-8.267
2018-07-14 06:30:00,-20.038
2018-07-14 06:15:00,-8.528
2018-07-14 06:00:00,-13.766
2018-07-14 05:45:00,-18.224
2018-07-14 05:30:00,-13.146
2018-07-14 05:15:00,-7.01
2018-07-14 05:00:00,-13.239
2018-07-14 04:45:00,-24.131
2018-07-14 04:30:00,-9.574
2018-07-14 04:15:00,-6.95
2018-07-14 04:00:00,-18.639
2018-07-14 03:45:00,-13.353
2018-07-14 03:30:00,-14.404
2018-07-14 03:15:00,-12.946
2018-07-14 03:00:00,-20.611
2018-07-14 02:45:00,-8.385
2018-07-14 02:30:00,-13.078
2018-07-14 02:15:00,-28.425
2018-07-14 02:00:00,-11.977
2018-07-14 01:45:00,-8.918
2018-07-14 01:30:00,-26.724
2018-07-14 01:15:00,-16.453
2018-07-14 01:00:00,-11.244
2018-07-14 00:45:00,-29.273
2018-07-14 00:30:00,-11.42
2018-07-14 00:15:00,-12.485
2018-07-14 00:00:00,-33.558
2018-07-13 23:45:00,-9.796
2018-07-13 23:30:00,-12.034
2018-07-13 23:15:00,-34.247
2018-07-13 23:00:00,-10.602
2018-07-13 22:45:00,-13.365
2018-07-13 22:30:00,-33.283
2018-07-13 22:15:00,-14.289
2018-07-13 22:00:00,-17.675
2018-07-13 21:45:00,-26.876
2018-07-13 21:30:00,-14.382
2018-07-13 21:15:00,-30.711
2018-07-13 21:00:00,-36.768
2018-07-13 20:45:00,-39.613
2018-07-13 20:30:00,-40.652
2018-07-13 20:15:00,-42.567
2018-07-13 20:00:00,-44.075
2018-07-13 19:45:00,-45.536
2018-07-13 19:30:00,-44.334
2018-07-13 19:15:00,-44.619
2018-07-13 19:00:00,-45.751
2018-07-13 18:45:00,-36.077
2018-07-13 18:30:00,-22.374
2018-07-13 18:15:00,-20.895
2018-07-13 18:00:00,-15.125
2018-07-13 17:45:00,-2.379
2018-07-13 17:30:00,-0.968
2018-07-13 17:15:00,-0.967
2018-07-13 17:00:00,-0.971
2018-07-13 16:45:00,-0.97
2018-07-13 16:30:00,-0.97
2018-07-13 16:15:00,-0.968
2018-07-13 16:00:00,-0.969
2018-07-13 15:45:00,-0.971
2018-07-13 15:30:00,-0.968
2018-07-13 15:15:00,-0.971
2018-07-13 15:00:00,-0.97
2018-07-13 14:45:00,-0.973
2018-07-13 14:30:00,-0.972
2018-07-13 14:15:00,-0.97
2018-07-13 14:00:00,-0.969
2018-07-13 13:45:00,-0.969
2018-07-13 13:30:00,-0.972
2018-07-13 13:15:00,-0.972
2018-07-13 13:00:00,-0.97
2018-07-13 12:45:00,-0.968
2018-07-13 12:30:00,28.819
2018-07-13 12:15:00,115.179
2018-07-13 12:00:00,118.307
2018-07-13 11:45:00,119.574
2018-07-13 11:30:00,120.109
2018-07-13 11:15:00,100.691
2018-07-13 11:00:00,112.104
2018-07-13 10:45:00,101.912
2018-07-13 10:30:00,102.302
2018-07-13 10:15:00,92.08
2018-07-13 10:00:00,80.852
2018-07-13 09:45:00,96.201
2018-07-13 09:30:00,68.188
2018-07-13 09:15:00,50.36
2018-07-13 09:00:00,23.805
2018-07-13 08:45:00,23.223
2018-07-13 08:30:00,28.97
2018-07-13 08:15:00,24.379
2018-07-13 08:00:00,0.782
2018-07-13 07:45:00,-1.375
2018-07-13 07:30:00,-9.268
2018-07-13 07:15:00,-19.551
2018-07-13 07:00:00,-1.384
2018-07-13 06:45:00,-3.483
2018-07-13 06:30:00,-2.855
2018-07-13 06:15:00,-3.229
2018-07-13 06:00:00,-10.084
2018-07-13 05:45:00,-23.906
2018-07-13 05:30:00,-2.793
2018-07-13 05:15:00,-2.212
2018-07-13 05:00:00,-6.413
2018-07-13 04:45:00,-7.154
2018-07-13 04:30:00,-14.215
2018-07-13 04:15:00,-34.621
2018-07-13 04:00:00,-22.4
2018-07-13 03:45:00,-21.172
2018-07-13 03:30:00,-5.28
2018-07-13 03:15:00,-4.789
2018-07-13 03:00:00,-26.753
2018-07-13 02:45:00,-10.001
2018-07-13 02:30:00,-7.102
2018-07-13 02:15:00,-8.01
2018-07-13 02:00:00,-4.558
2018-07-13 01:45:00,-23.168
2018-07-13 01:30:00,-20.804
2018-07-13 01:15:00,-4.623
2018-07-13 01:00:00,-5.73
2018-07-13 00:45:00,-4.22
2018-07-13 00:30:00,-26.573
2018-07-13 00:15:00,-26.666
2018-07-13 00:00:00,-11.635
2018-07-12 23:45:00,-4.576
2018-07-12 23:30:00,-7.688
2018-07-12 23:15:00,-21.368
2018-07-12 23:00:00,-31.076
2018-07-12 22:45:00,-29.62
2018-07-12 22:30:00,-30.538
2018-07-12 22:15:00,-31.848
2018-07-12 22:00:00,-29.772
2018-07-12 21:45:00,-31.723
2018-07-12 21:30:00,-33.394
2018-07-12 21:15:00,-36.25
2018-07-12 21:00:00,-36.188
2018-07-12 20:45:00,-38.65
2018-07-12 20:30:00,-37.687
2018-07-12 20:15:00,-41.147
2018-07-12 20:00:00,-45.252
2018-07-12 19:45:00,-45.549
2018-07-12 19:30:00,-42.144
2018-07-12 19:15:00,-38.538
2018-07-12 19:00:00,-33.819
2018-07-12 18:45:00,-31.769
2018-07-12 18:30:00,-14.587
2018-07-12 18:15:00,-24.568
2018-07-12 18:00:00,-39.435
2018-07-12 17:45:00,-16.394
2018-07-12 17:30:00,-6.182
2018-07-12 17:15:00,-0.961
2018-07-12 17:00:00,-0.964
2018-07-12 16:45:00,-0.969
2018-07-12 16:30:00,7.747
2018-07-12 16:15:00,35.794
2018-07-12 16:00:00,45.745
2018-07-12 15:45:00,38.11
2018-07-12 15:30:00,36.781
2018-07-12 15:15:00,84.561
2018-07-12 15:00:00,103.646
2018-07-12 14:45:00,93.066
2018-07-12 14:30:00,104.234
2018-07-12 14:15:00,104.834
2018-07-12 14:00:00,112.538
2018-07-12 13:45:00,115.879
2018-07-12 13:30:00,115.12
2018-07-12 13:15:00,119.953
2018-07-12 13:00:00,121.114
2018-07-12 12:45:00,127.056
2018-07-12 12:30:00,129.237
2018-07-12 12:15:00,76.045
2018-07-12 12:00:00,-0.952
2018-07-12 11:45:00,-0.955
2018-07-12 11:30:00,-1.795
2018-07-12 11:15:00,2.24
2018-07-12 11:00:00,0.0
2018-07-12 10:45:00,0.0
2018-07-12 10:30:00,0.0
2018-07-12 10:15:00,0.0
2018-07-12 10:00:00,0.0
2018-07-12 09:45:00,0.0
2018-07-12 09:30:00,0.0
2018-07-12 09:15:00,0.0
2018-07-12 09:00:00,0.0
2018-07-12 08:45:00,-0.28
2018-07-12 08:30:00,6.423
2018-07-12 08:15:00,3.023
2018-07-12 08:00:00,-15.736
2018-07-12 07:45:00,-25.988
2018-07-12 07:30:00,-10.808
2018-07-12 07:15:00,-4.766
2018-07-12 07:00:00,-8.423
2018-07-12 06:45:00,-16.354
2018-07-12 06:30:00,-24.155
2018-07-12 06:15:00,-9.274
2018-07-12 06:00:00,-11.003
2018-07-12 05:45:00,-7.008
2018-07-12 05:30:00,-12.22
2018-07-12 05:15:00,-6.674
2018-07-12 05:00:00,-5.109
2018-07-12 04:45:00,-1.043
2018-07-12 04:30:00,-1.311
2018-07-12 04:15:00,-1.336
2018-07-12 04:00:00,-13.393
2018-07-12 03:45:00,-26.929
2018-07-12 03:30:00,-20.604
2018-07-12 03:15:00,-17.958
2018-07-12 03:00:00,-18.244
2018-07-12 02:45:00,-19.428
2018-07-12 02:30:00,-24.67
2018-07-12 02:15:00,-21.697
2018-07-12 02:00:00,-23.228
2018-07-12 01:45:00,-23.094
2018-07-12 01:30:00,-22.89
2018-07-12 01:15:00,-25.822
2018-07-12 01:00:00,-24.602
2018-07-12 00:45:00,-24.29
2018-07-12 00:30:00,-23.853
2018-07-12 00:15:00,-25.268
2018-07-12 00:00:00,-24.207
2018-07-11 23:45:00,-27.211
2018-07-11 23:30:00,-24.176
2018-07-11 23:15:00,-29.3
2018-07-11 23:00:00,-31.702
2018-07-11 22:45:00,-31.287
2018-07-11 22:30:00,-34.03
2018-07-11 22:15:00,-32.484
2018-07-11 22:00:00,-34.219
2018-07-11 21:45:00,-36.487
2018-07-11 21:30:00,-40.433
2018-07-11 21:15:00,-38.143
2018-07-11 21:00:00,-39.535
2018-07-11 20:45:00,-39.344
2018-07-11 20:30:00,-39.517
2018-07-11 20:15:00,-46.832
2018-07-11 20:00:00,-48.66
2018-07-11 19:45:00,-45.983
2018-07-11 19:30:00,-40.173
2018-07-11 19:15:00,-38.687
2018-07-11 19:00:00,-41.623
2018-07-11 18:45:00,-37.006
2018-07-11 18:30:00,-23.775
2018-07-11 18:15:00,-19.051
2018-07-11 18:00:00,-24.322
2018-07-11 17:45:00,-11.684
2018-07-11 17:30:00,-4.85
2018-07-11 17:15:00,-3.819
2018-07-11 17:00:00,-1.235
2018-07-11 16:45:00,-0.335
2018-07-11 16:30:00,-0.961
2018-07-11 16:15:00,-0.473
2018-07-11 16:00:00,-0.607
2018-07-11 15:45:00,-0.985
2018-07-11 15:30:00,-0.32
2018-07-11 15:15:00,-0.52
2018-07-11 15:00:00,-0.338
2018-07-11 14:45:00,-0.968
2018-07-11 14:30:00,-0.305
2018-07-11 14:15:00,-0.332
2018-07-11 14:00:00,-0.396
2018-07-11 13:45:00,0.551
2018-07-11 13:30:00,0.62
2018-07-11 13:15:00,2.007
2018-07-11 13:00:00,3.726
2018-07-11 12:45:00,12.14
2018-07-11 12:30:00,78.078
2018-07-11 12:15:00,101.265
2018-07-11 12:00:00,108.436
2018-07-11 11:45:00,98.983
2018-07-11 11:30:00,101.183
2018-07-11 11:15:00,85.629
2018-07-11 11:00:00,90.657
2018-07-11 10:45:00,82.602
2018-07-11 10:30:00,77.094
2018-07-11 10:15:00,61.495
2018-07-11 10:00:00,63.178
2018-07-11 09:45:00,47.262
2018-07-11 09:30:00,44.612
2018-07-11 09:15:00,26.563
2018-07-11 09:00:00,20.944
2018-07-11 08:45:00,16.107
2018-07-11 08:30:00,19.544
2018-07-11 08:15:00,11.574
2018-07-11 08:00:00,27.706
2018-07-11 07:45:00,12.258
2018-07-11 07:30:00,3.102
2018-07-11 07:15:00,9.844
2018-07-11 07:00:00,0.915
2018-07-11 06:45:00,-0.945
2018-07-11 06:30:00,-11.685
2018-07-11 06:15:00,-4.343
2018-07-11 06:00:00,-1.567
2018-07-11 05:45:00,-5.063
2018-07-11 05:30:00,-1.971
2018-07-11 05:15:00,-11.219
2018-07-11 05:00:00,2.898
2018-07-11 04:45:00,3.68
2018-07-11 04:30:00,5.231
2018-07-11 04:15:00,5.296
2018-07-11 04:00:00,8.646
2018-07-11 03:45:00,8.231
2018-07-11 03:30:00,2.594
2018-07-11 03:15:00,9.591
2018-07-11 03:00:00,8.801
2018-07-11 02:45:00,1.459
2018-07-11 02:30:00,8.497
2018-07-11 02:15:00,4.327
2018-07-11 02:00:00,1.625
2018-07-11 01:45:00,8.434
2018-07-11 01:30:00,4.195
2018-07-11 01:15:00,4.481
2018-07-11 01:00:00,8.677
2018-07-11 00:45:00,-0.895
2018-07-11 00:30:00,8.594
2018-07-11 00:15:00,-0.365
2018-07-11 00:00:00,2.831
2018-07-10 23:45:00,5.713
2018-07-10 23:30:00,1.74
2018-07-10 23:15:00,5.88
2018-07-10 23:00:00,4.465
2018-07-10 22:45:00,0.496
2018-07-10 22:30:00,6.934
2018-07-10 22:15:00,-1.297
2018-07-10 22:00:00,8.317
2018-07-10 21:45:00,-1.378
2018-07-10 21:30:00,1.267
2018-07-10 21:15:00,3.923
2018-07-10 21:00:00,-2.508
2018-07-10 20:45:00,3.8
2018-07-10 20:30:00,-2.87
2018-07-10 20:15:00,-2.165
2018-07-10 20:00:00,2.238
2018-07-10 19:45:00,-0.205
2018-07-10 19:30:00,-2.937
2018-07-10 19:15:00,-1.413
2018-07-10 19:00:00,-0.141
2018-07-10 18:45:00,0.575
2018-07-10 18:30:00,1.537
2018-07-10 18:15:00,6.214
2018-07-10 18:00:00,5.038
2018-07-10 17:45:00,16.839
2018-07-10 17:30:00,27.736
2018-07-10 17:15:00,28.291
2018-07-10 17:00:00,9.103
2018-07-10 16:45:00,-0.974
2018-07-10 16:30:00,-0.961
2018-07-10 16:15:00,4.938
2018-07-10 16:00:00,17.03
2018-07-10 15:45:00,26.214
2018-07-10 15:30:00,24.378
2018-07-10 15:15:00,13.977
2018-07-10 15:00:00,-2.454
2018-07-10 14:45:00,1.364
2018-07-10 14:30:00,7.027
2018-07-10 14:15:00,25.783
2018-07-10 14:00:00,18.256
2018-07-10 13:45:00,19.898
2018-07-10 13:30:00,-3.267
2018-07-10 13:15:00,3.128
2018-07-10 13:00:00,24.835
2018-07-10 12:45:00,48.807
2018-07-10 12:30:00,17.033
2018-07-10 12:15:00,12.293
2018-07-10 12:00:00,24.182
2018-07-10 11:45:00,29.252
2018-07-10 11:30:00,4.52
2018-07-10 11:15:00,-5.919
2018-07-10 11:00:00,21.758
2018-07-10 10:45:00,1.514
2018-07-10 10:30:00,-1.049
2018-07-10 10:15:00,2.466
2018-07-10 10:00:00,0.795
2018-07-10 09:45:00,-0.955
2018-07-10 09:30:00,-0.956
2018-07-10 09:15:00,-0.961
2018-07-10 09:00:00,-5.268
2018-07-10 08:45:00,10.376
2018-07-10 08:30:00,-0.836
2018-07-10 08:15:00,-0.96
2018-07-10 08:00:00,-0.962
2018-07-10 07:45:00,-0.966
2018-07-10 07:30:00,-0.948
2018-07-10 07:15:00,-0.948
2018-07-10 07:00:00,-0.996
2018-07-10 06:45:00,-1.032
2018-07-10 06:30:00,-0.948
2018-07-10 06:15:00,-1.148
2018-07-10 06:00:00,-1.057
2018-07-10 05:45:00,-1.055
2018-07-10 05:30:00,-1.045
2018-07-10 05:15:00,-1.081
2018-07-10 05:00:00,-1.705
2018-07-10 04:45:00,-0.153
2018-07-10 04:30:00,-0.437
2018-07-10 04:15:00,-1.122
2018-07-10 04:00:00,1.173
2018-07-10 03:45:00,-0.708
2018-07-10 03:30:00,-0.489
2018-07-10 03:15:00,-0.077
2018-07-10 03:00:00,-3.677
2018-07-10 02:45:00,-0.244
2018-07-10 02:30:00,-1.511
2018-07-10 02:15:00,-2.586
2018-07-10 02:00:00,1.457
2018-07-10 01:45:00,-4.28
2018-07-10 01:30:00,1.284
2018-07-10 01:15:00,-2.48
2018-07-10 01:00:00,-8.523
2018-07-10 00:45:00,0.481
2018-07-10 00:30:00,-4.039
2018-07-10 00:15:00,-2.202
2018-07-10 00:00:00,-0.874
2018-07-09 23:45:00,-7.317
2018-07-09 23:30:00,-0.195
2018-07-09 23:15:00,-5.837
2018-07-09 23:00:00,-5.362
2018-07-09 22:45:00,-2.406
2018-07-09 22:30:00,-7.672
2018-07-09 22:15:00,-2.361
2018-07-09 22:00:00,-2.378
2018-07-09 21:45:00,-10.776
2018-07-09 21:30:00,-12.859
2018-07-09 21:15:00,-14.244
2018-07-09 21:00:00,-12.088
2018-07-09 20:45:00,-13.18
2018-07-09 20:30:00,-19.203
2018-07-09 20:15:00,-13.566
2018-07-09 20:00:00,-18.621
2018-07-09 19:45:00,-16.162
2018-07-09 19:30:00,-34.391
2018-07-09 19:15:00,-37.082
2018-07-09 19:00:00,-38.503
2018-07-09 18:45:00,-25.018
2018-07-09 18:30:00,-10.629
2018-07-09 18:15:00,-0.572
2018-07-09 18:00:00,-0.995
2018-07-09 17:45:00,1.821
2018-07-09 17:30:00,16.647
2018-07-09 17:15:00,31.296
2018-07-09 17:00:00,31.384
2018-07-09 16:45:00,48.532
2018-07-09 16:30:00,34.142
2018-07-09 16:15:00,41.269
2018-07-09 16:00:00,27.709
2018-07-09 15:45:00,28.522
2018-07-09 15:30:00,78.015
2018-07-09 15:15:00,4.218
2018-07-09 15:00:00,-7.152
2018-07-09 14:45:00,-13.732
2018-07-09 14:30:00,-19.035
2018-07-09 14:15:00,103.265
2018-07-09 14:00:00,54.927
2018-07-09 13:45:00,10.142
2018-07-09 13:30:00,5.415
2018-07-09 13:15:00,-0.955
2018-07-09 13:00:00,-0.953
2018-07-09 12:45:00,-0.956
2018-07-09 12:30:00,-0.959
2018-07-09 12:15:00,-0.96
2018-07-09 12:00:00,-0.953
2018-07-09 11:45:00,-0.952
2018-07-09 11:30:00,-0.957
2018-07-09 11:15:00,-0.958
2018-07-09 11:00:00,-0.957
2018-07-09 10:45:00,-1.532
2018-07-09 10:30:00,-9.953
2018-07-09 10:15:00,12.721
2018-07-09 10:00:00,1.888
2018-07-09 09:45:00,-0.966
2018-07-09 09:30:00,-0.967
2018-07-09 09:15:00,-2.97
2018-07-09 09:00:00,-9.312
2018-07-09 08:45:00,-14.947
2018-07-09 08:30:00,-5.963
2018-07-09 08:15:00,-29.261
2018-07-09 08:00:00,-35.758
2018-07-09 07:45:00,-40.688
2018-07-09 07:30:00,-33.819
2018-07-09 07:15:00,-12.513
2018-07-09 07:00:00,-12.028
2018-07-09 06:45:00,-13.579
2018-07-09 06:30:00,-15.283
2018-07-09 06:15:00,-21.746
2018-07-09 06:00:00,-12.976
2018-07-09 05:45:00,-23.932
2018-07-09 05:30:00,-15.684
2018-07-09 05:15:00,-25.043
2018-07-09 05:00:00,-15.189
2018-07-09 04:45:00,-1.51
2018-07-09 04:30:00,-2.207
2018-07-09 04:15:00,-27.18
2018-07-09 04:00:00,-18.048
2018-07-09 03:45:00,-1.237
2018-07-09 03:30:00,-6.524
2018-07-09 03:15:00,-17.269
2018-07-09 03:00:00,-17.123
2018-07-09 02:45:00,-22.02
2018-07-09 02:30:00,-17.764
2018-07-09 02:15:00,-16.725
2018-07-09 02:00:00,-19.328
2018-07-09 01:45:00,-21.835
2018-07-09 01:30:00,-18.544
2018-07-09 01:15:00,-19.571
2018-07-09 01:00:00,-18.917
2018-07-09 00:45:00,-26.539
2018-07-09 00:30:00,-24.241
2018-07-09 00:15:00,-26.324
2018-07-09 00:00:00,-28.938
2018-07-08 23:45:00,-26.049
2018-07-08 23:30:00,-27.458
2018-07-08 23:15:00,-31.045
2018-07-08 23:00:00,-30.283
2018-07-08 22:45:00,-29.533
2018-07-08 22:30:00,-31.664
2018-07-08 22:15:00,-32.25
2018-07-08 22:00:00,-30.637
2018-07-08 21:45:00,-35.28
2018-07-08 21:30:00,-32.415
2018-07-08 21:15:00,-36.166
2018-07-08 21:00:00,-38.03
2018-07-08 20:45:00,-35.543
2018-07-08 20:30:00,-40.401
2018-07-08 20:15:00,-38.445
2018-07-08 20:00:00,-41.628
2018-07-08 19:45:00,-40.08
2018-07-08 19:30:00,-38.72
2018-07-08 19:15:00,-31.383
2018-07-08 19:00:00,-35.652
2018-07-08 18:45:00,-25.875
2018-07-08 18:30:00,-21.812
2018-07-08 18:15:00,-12.619
2018-07-08 18:00:00,-12.82
2018-07-08 17:45:00,-0.958
2018-07-08 17:30:00,-3.274
2018-07-08 17:15:00,-7.783
2018-07-08 17:00:00,-2.279
2018-07-08 16:45:00,-0.951
2018-07-08 16:30:00,-1.738
2018-07-08 16:15:00,-0.952
2018-07-08 16:00:00,-0.952
2018-07-08 15:45:00,-0.954
2018-07-08 15:30:00,-0.956
2018-07-08 15:15:00,-0.956
2018-07-08 15:00:00,-0.954
2018-07-08 14:45:00,-0.954
2018-07-08 14:30:00,-0.951
2018-07-08 14:15:00,-0.95
2018-07-08 14:00:00,-0.951
2018-07-08 13:45:00,-0.951
2018-07-08 13:30:00,-0.954
2018-07-08 13:15:00,-0.954
2018-07-08 13:00:00,-0.956
2018-07-08 12:45:00,-0.954
2018-07-08 12:30:00,-0.956
2018-07-08 12:15:00,-0.96
2018-07-08 12:00:00,-0.957
2018-07-08 11:45:00,-0.956
2018-07-08 11:30:00,-0.952
2018-07-08 11:15:00,-0.931
2018-07-08 11:00:00,46.514
2018-07-08 10:45:00,139.085
2018-07-08 10:30:00,133.037
2018-07-08 10:15:00,130.257
2018-07-08 10:00:00,117.561
2018-07-08 09:45:00,111.173
2018-07-08 09:30:00,113.86
2018-07-08 09:15:00,90.778
2018-07-08 09:00:00,85.28
2018-07-08 08:45:00,87.0
2018-07-08 08:30:00,59.504
2018-07-08 08:15:00,63.681
2018-07-08 08:00:00,35.621
2018-07-08 07:45:00,42.204
2018-07-08 07:30:00,12.048
2018-07-08 07:15:00,21.797
2018-07-08 07:00:00,3.078
2018-07-08 06:45:00,0.238
2018-07-08 06:30:00,-5.896
2018-07-08 06:15:00,-6.06
2018-07-08 06:00:00,-1.56
2018-07-08 05:45:00,-9.155
2018-07-08 05:30:00,-1.636
2018-07-08 05:15:00,-6.61
2018-07-08 05:00:00,-8.162
2018-07-08 04:45:00,-1.593
2018-07-08 04:30:00,-10.647
2018-07-08 04:15:00,-2.25
2018-07-08 04:00:00,-6.436
2018-07-08 03:45:00,-8.415
2018-07-08 03:30:00,-1.977
2018-07-08 03:15:00,-13.61
2018-07-08 03:00:00,-2.894
2018-07-08 02:45:00,-6.384
2018-07-08 02:30:00,-13.249
2018-07-08 02:15:00,-12.983
2018-07-08 02:00:00,-14.857
2018-07-08 01:45:00,-19.46
2018-07-08 01:30:00,-15.422
2018-07-08 01:15:00,-15.294
2018-07-08 01:00:00,-16.506
2018-07-08 00:45:00,-22.671
2018-07-08 00:30:00,-16.789
2018-07-08 00:15:00,-19.196
2018-07-08 00:00:00,-20.523
2018-07-07 23:45:00,-24.481
2018-07-07 23:30:00,-35.392
2018-07-07 23:15:00,-57.177
2018-07-07 23:00:00,-45.375
2018-07-07 22:45:00,-38.096
2018-07-07 22:30:00,-33.102
2018-07-07 22:15:00,-33.983
2018-07-07 22:00:00,-38.235
2018-07-07 21:45:00,-34.765
2018-07-07 21:30:00,-39.081
2018-07-07 21:15:00,-36.509
2018-07-07 21:00:00,-38.303
2018-07-07 20:45:00,-39.083
2018-07-07 20:30:00,-41.467
2018-07-07 20:15:00,-38.824
2018-07-07 20:00:00,-45.678
2018-07-07 19:45:00,-37.754
2018-07-07 19:30:00,-40.743
2018-07-07 19:15:00,-38.511
2018-07-07 19:00:00,-38.069
2018-07-07 18:45:00,-31.856
2018-07-07 18:30:00,-25.328
2018-07-07 18:15:00,-8.212
2018-07-07 18:00:00,-4.71
2018-07-07 17:45:00,-1.679
2018-07-07 17:30:00,-0.965
2018-07-07 17:15:00,-0.965
2018-07-07 17:00:00,-0.965
2018-07-07 16:45:00,-0.967
2018-07-07 16:30:00,-0.967
2018-07-07 16:15:00,-0.971
2018-07-07 16:00:00,-0.97
2018-07-07 15:45:00,-0.968
2018-07-07 15:30:00,-0.965
2018-07-07 15:15:00,-0.969
2018-07-07 15:00:00,-0.967
2018-07-07 14:45:00,-0.966
2018-07-07 14:30:00,-0.971
2018-07-07 14:15:00,-0.97
2018-07-07 14:00:00,-0.965
2018-07-07 13:45:00,-0.97
2018-07-07 13:30:00,-0.969
2018-07-07 13:15:00,-0.966
2018-07-07 13:00:00,-0.968
2018-07-07 12:45:00,-0.964
2018-07-07 12:30:00,-0.967
2018-07-07 12:15:00,-0.967
2018-07-07 12:00:00,-0.967
2018-07-07 11:45:00,-0.933
2018-07-07 11:30:00,60.287
2018-07-07 11:15:00,150.568
2018-07-07 11:00:00,143.236
2018-07-07 10:45:00,141.932
2018-07-07 10:30:00,133.178
2018-07-07 10:15:00,119.443
2018-07-07 10:00:00,116.758
2018-07-07 09:45:00,114.416
2018-07-07 09:30:00,96.745
2018-07-07 09:15:00,90.26
2018-07-07 09:00:00,83.829
2018-07-07 08:45:00,83.406
2018-07-07 08:30:00,53.977
2018-07-07 08:15:00,67.981
2018-07-07 08:00:00,38.278
2018-07-07 07:45:00,35.431
2018-07-07 07:30:00,29.359
2018-07-07 07:15:00,4.993
2018-07-07 07:00:00,13.147
2018-07-07 06:45:00,0.757
2018-07-07 06:30:00,-2.792
2018-07-07 06:15:00,0.546
2018-07-07 06:00:00,-1.198
2018-07-07 05:45:00,-7.255
2018-07-07 05:30:00,-1.256
2018-07-07 05:15:00,-1.876
2018-07-07 05:00:00,-6.489
2018-07-07 04:45:00,-1.147
2018-07-07 04:30:00,-2.066
2018-07-07 04:15:00,-5.559
2018-07-07 04:00:00,-1.493
2018-07-07 03:45:00,-5.139
2018-07-07 03:30:00,-4.553
2018-07-07 03:15:00,-1.418
2018-07-07 03:00:00,-4.138
2018-07-07 02:45:00,-7.607
2018-07-07 02:30:00,-4.671
2018-07-07 02:15:00,-1.248
2018-07-07 02:00:00,-16.764
2018-07-07 01:45:00,-13.199
2018-07-07 01:30:00,-17.865
2018-07-07 01:15:00,-20.65
2018-07-07 01:00:00,-27.663
2018-07-07 00:45:00,-27.609
2018-07-07 00:30:00,-27.318
2018-07-07 00:15:00,-28.224
2018-07-07 00:00:00,-32.507
2018-07-06 23:45:00,-29.59
2018-07-06 23:30:00,-30.27
2018-07-06 23:15:00,-32.719
2018-07-06 23:00:00,-31.676
2018-07-06 22:45:00,-31.109
2018-07-06 22:30:00,-31.954
2018-07-06 22:15:00,-35.751
2018-07-06 22:00:00,-33.298
2018-07-06 21:45:00,-35.811
2018-07-06 21:30:00,-35.396
2018-07-06 21:15:00,-37.267
2018-07-06 21:00:00,-38.067
2018-07-06 20:45:00,-40.269
2018-07-06 20:30:00,-37.946
2018-07-06 20:15:00,-45.05
2018-07-06 20:00:00,-39.848
2018-07-06 19:45:00,-50.915
2018-07-06 19:30:00,-43.549
2018-07-06 19:15:00,-45.957
2018-07-06 19:00:00,-47.997
2018-07-06 18:45:00,-40.905
2018-07-06 18:30:00,-38.719
2018-07-06 18:15:00,-38.253
2018-07-06 18:00:00,-26.214
2018-07-06 17:45:00,-17.173
2018-07-06 17:30:00,-8.796
2018-07-06 17:15:00,-2.393
2018-07-06 17:00:00,-5.143
2018-07-06 16:45:00,3.697
2018-07-06 16:30:00,0.568
2018-07-06 16:15:00,0.351
2018-07-06 16:00:00,13.027
2018-07-06 15:45:00,19.886
2018-07-06 15:30:00,28.327
2018-07-06 15:15:00,52.818
2018-07-06 15:00:00,60.18
2018-07-06 14:45:00,72.072
2018-07-06 14:30:00,17.202
2018-07-06 14:15:00,18.327
2018-07-06 14:00:00,-13.998
2018-07-06 13:45:00,10.475
2018-07-06 13:30:00,18.251
2018-07-06 13:15:00,44.666
2018-07-06 13:00:00,86.544
2018-07-06 12:45:00,70.342
2018-07-06 12:30:00,69.578
2018-07-06 12:15:00,69.285
2018-07-06 12:00:00,62.097
2018-07-06 11:45:00,67.332
2018-07-06 11:30:00,59.583
2018-07-06 11:15:00,51.974
2018-07-06 11:00:00,66.692
2018-07-06 10:45:00,59.963
2018-07-06 10:30:00,56.997
2018-07-06 10:15:00,35.294
2018-07-06 10:00:00,36.523
2018-07-06 09:45:00,39.194
2018-07-06 09:30:00,21.188
2018-07-06 09:15:00,14.361
2018-07-06 09:00:00,-0.439
2018-07-06 08:45:00,1.233
2018-07-06 08:30:00,0.063
2018-07-06 08:15:00,-9.587
2018-07-06 08:00:00,-23.835
2018-07-06 07:45:00,-37.587
2018-07-06 07:30:00,-42.718
2018-07-06 07:15:00,-8.119
2018-07-06 07:00:00,-5.236
2018-07-06 06:45:00,-9.483
2018-07-06 06:30:00,-9.465
2018-07-06 06:15:00,-9.458
2018-07-06 06:00:00,-9.473
2018-07-06 05:45:00,-9.487
2018-07-06 05:30:00,-9.495
2018-07-06 05:15:00,-9.508
2018-07-06 05:00:00,-9.509
2018-07-06 04:45:00,-9.517
2018-07-06 04:30:00,-9.529
2018-07-06 04:15:00,-9.542
2018-07-06 04:00:00,-9.559
2018-07-06 03:45:00,-9.571
2018-07-06 03:30:00,-9.577
2018-07-06 03:15:00,-9.588
2018-07-06 03:00:00,-9.576
2018-07-06 02:45:00,-9.587
2018-07-06 02:30:00,-9.612
2018-07-06 02:15:00,-9.636
2018-07-06 02:00:00,-9.652
2018-07-06 01:45:00,-9.661
2018-07-06 01:30:00,-9.667
2018-07-06 01:15:00,-9.678
2018-07-06 01:00:00,-9.735
2018-07-06 00:45:00,-10.288
2018-07-06 00:30:00,-10.318
2018-07-06 00:15:00,-10.379
2018-07-06 00:00:00,-10.411
2018-07-05 23:45:00,-24.135
2018-07-05 23:30:00,-20.452
2018-07-05 23:15:00,-15.257
2018-07-05 23:00:00,-29.881
2018-07-05 22:45:00,-17.398
2018-07-05 22:30:00,-31.421
2018-07-05 22:15:00,-15.967
2018-07-05 22:00:00,-26.106
2018-07-05 21:45:00,-26.251
2018-07-05 21:30:00,-17.679
2018-07-05 21:15:00,-31.227
2018-07-05 21:00:00,-30.409
2018-07-05 20:45:00,-16.935
2018-07-05 20:30:00,-31.808
2018-07-05 20:15:00,-41.086
2018-07-05 20:00:00,-45.676
2018-07-05 19:45:00,-42.47
2018-07-05 19:30:00,-45.827
2018-07-05 19:15:00,-44.016
2018-07-05 19:00:00,-47.398
2018-07-05 18:45:00,-44.298
2018-07-05 18:30:00,-36.285
2018-07-05 18:15:00,-33.991
2018-07-05 18:00:00,-15.55
2018-07-05 17:45:00,-1.587
2018-07-05 17:30:00,-0.957
2018-07-05 17:15:00,-0.96
2018-07-05 17:00:00,-0.959
2018-07-05 16:45:00,-0.954
2018-07-05 16:30:00,-0.953
2018-07-05 16:15:00,-0.954
2018-07-05 16:00:00,-1.013
2018-07-05 15:45:00,-0.946
2018-07-05 15:30:00,-1.08
2018-07-05 15:15:00,-0.945
2018-07-05 15:00:00,-0.949
2018-07-05 14:45:00,-0.949
2018-07-05 14:30:00,-0.948
2018-07-05 14:15:00,-0.946
2018-07-05 14:00:00,-0.947
2018-07-05 13:45:00,-0.946
2018-07-05 13:30:00,-0.946
2018-07-05 13:15:00,-0.948
2018-07-05 13:00:00,-0.942
2018-07-05 12:45:00,50.736
2018-07-05 12:30:00,103.932
2018-07-05 12:15:00,97.879
2018-07-05 12:00:00,100.473
2018-07-05 11:45:00,96.117
2018-07-05 11:30:00,93.107
2018-07-05 11:15:00,86.861
2018-07-05 11:00:00,106.19
2018-07-05 10:45:00,99.917
2018-07-05 10:30:00,102.496
2018-07-05 10:15:00,104.57
2018-07-05 10:00:00,77.061
2018-07-05 09:45:00,72.53
2018-07-05 09:30:00,69.235
2018-07-05 09:15:00,72.61
2018-07-05 09:00:00,54.622
2018-07-05 08:45:00,28.8
2018-07-05 08:30:00,24.029
2018-07-05 08:15:00,29.956
2018-07-05 08:00:00,46.391
2018-07-05 07:45:00,13.83
2018-07-05 07:30:00,3.072
2018-07-05 07:15:00,-1.354
2018-07-05 07:00:00,-3.701
2018-07-05 06:45:00,-7.04
2018-07-05 06:30:00,-27.532
2018-07-05 06:15:00,-38.072
2018-07-05 06:00:00,-39.513
2018-07-05 05:45:00,-37.688
2018-07-05 05:30:00,-36.642
2018-07-05 05:15:00,-37.899
2018-07-05 05:00:00,-23.952
2018-07-05 04:45:00,-19.178
2018-07-05 04:30:00,-20.26
2018-07-05 04:15:00,-20.04
2018-07-05 04:00:00,-20.305
2018-07-05 03:45:00,-20.389
2018-07-05 03:30:00,-20.106
2018-07-05 03:15:00,-21.829
2018-07-05 03:00:00,-20.4
2018-07-05 02:45:00,-22.089
2018-07-05 02:30:00,-20.936
2018-07-05 02:15:00,-22.77
2018-07-05 02:00:00,-21.709
2018-07-05 01:45:00,-22.437
2018-07-05 01:30:00,-20.956
2018-07-05 01:15:00,-24.359
2018-07-05 01:00:00,-21.192
2018-07-05 00:45:00,-22.913
2018-07-05 00:30:00,-20.809
2018-07-05 00:15:00,-23.158
2018-07-05 00:00:00,-31.399
2018-07-04 23:45:00,-24.859
2018-07-04 23:30:00,-21.887
2018-07-04 23:15:00,-23.05
2018-07-04 23:00:00,-22.519
2018-07-04 22:45:00,-28.325
2018-07-04 22:30:00,-29.429
2018-07-04 22:15:00,-23.878
2018-07-04 22:00:00,-27.419
2018-07-04 21:45:00,-33.24
2018-07-04 21:30:00,-23.36
2018-07-04 21:15:00,-29.75
2018-07-04 21:00:00,-32.548
2018-07-04 20:45:00,-24.409
2018-07-04 20:30:00,-35.484
2018-07-04 20:15:00,-31.775
2018-07-04 20:00:00,-25.068
2018-07-04 19:45:00,-38.138
2018-07-04 19:30:00,-27.411
2018-07-04 19:15:00,-30.11
2018-07-04 19:00:00,-43.051
2018-07-04 18:45:00,-21.208
2018-07-04 18:30:00,-10.465
2018-07-04 18:15:00,-6.931
2018-07-04 18:00:00,-1.144
2018-07-04 17:45:00,-0.948
2018-07-04 17:30:00,-0.946
2018-07-04 17:15:00,-0.946
2018-07-04 17:00:00,-0.944
2018-07-04 16:45:00,-0.947
2018-07-04 16:30:00,-0.948
2018-07-04 16:15:00,-0.949
2018-07-04 16:00:00,-0.944
2018-07-04 15:45:00,-0.943
2018-07-04 15:30:00,-0.944
2018-07-04 15:15:00,-0.944
2018-07-04 15:00:00,-0.946
2018-07-04 14:45:00,-0.946
2018-07-04 14:30:00,-0.947
2018-07-04 14:15:00,-0.947
2018-07-04 14:00:00,-0.946
2018-07-04 13:45:00,-0.946
2018-07-04 13:30:00,-0.945
2018-07-04 13:15:00,-0.946
2018-07-04 13:00:00,-0.947
2018-07-04 12:45:00,-0.947
2018-07-04 12:30:00,-0.946
2018-07-04 12:15:00,-0.948
2018-07-04 12:00:00,-0.943
2018-07-04 11:45:00,-0.804
2018-07-04 11:30:00,111.024
2018-07-04 11:15:00,152.155
2018-07-04 11:00:00,157.545
2018-07-04 10:45:00,136.813
2018-07-04 10:30:00,133.922
2018-07-04 10:15:00,141.764
2018-07-04 10:00:00,124.213
2018-07-04 09:45:00,106.226
2018-07-04 09:30:00,113.194
2018-07-04 09:15:00,104.271
2018-07-04 09:00:00,90.938
2018-07-04 08:45:00,64.96
2018-07-04 08:30:00,64.451
2018-07-04 08:15:00,51.254
2018-07-04 08:00:00,38.51
2018-07-04 07:45:00,25.653
2018-07-04 07:30:00,13.669
2018-07-04 07:15:00,4.178
2018-07-04 07:00:00,-1.234
2018-07-04 06:45:00,-1.925
2018-07-04 06:30:00,-5.955
2018-07-04 06:15:00,-10.878
2018-07-04 06:00:00,-13.471
2018-07-04 05:45:00,-12.517
2018-07-04 05:30:00,-14.104
2018-07-04 05:15:00,-19.681
2018-07-04 05:00:00,-22.763
2018-07-04 04:45:00,-24.576
2018-07-04 04:30:00,-24.364
2018-07-04 04:15:00,-24.316
2018-07-04 04:00:00,-26.254
2018-07-04 03:45:00,-25.429
2018-07-04 03:30:00,-25.8
2018-07-04 03:15:00,-25.433
2018-07-04 03:00:00,-27.721
2018-07-04 02:45:00,-26.434
2018-07-04 02:30:00,-27.829
2018-07-04 02:15:00,-26.504
2018-07-04 02:00:00,-27.942
2018-07-04 01:45:00,-26.949
2018-07-04 01:30:00,-28.116
2018-07-04 01:15:00,-27.047
2018-07-04 01:00:00,-27.827
2018-07-04 00:45:00,-28.298
2018-07-04 00:30:00,-27.976
2018-07-04 00:15:00,-27.929
2018-07-04 00:00:00,-27.195
2018-07-03 23:45:00,-28.779
2018-07-03 23:30:00,-38.067
2018-07-03 23:15:00,-28.773
2018-07-03 23:00:00,-28.364
2018-07-03 22:45:00,-29.949
2018-07-03 22:30:00,-28.173
2018-07-03 22:15:00,-36.196
2018-07-03 22:00:00,-35.417
2018-07-03 21:45:00,-29.007
2018-07-03 21:30:00,-30.456
2018-07-03 21:15:00,-45.106
2018-07-03 21:00:00,-31.67
2018-07-03 20:45:00,-29.758
2018-07-03 20:30:00,-41.48
2018-07-03 20:15:00,-40.07
2018-07-03 20:00:00,-31.546
2018-07-03 19:45:00,-30.18
2018-07-03 19:30:00,-51.428
2018-07-03 19:15:00,-43.39
2018-07-03 19:00:00,-27.024
2018-07-03 18:45:00,-23.896
2018-07-03 18:30:00,-25.075
2018-07-03 18:15:00,-8.985
2018-07-03 18:00:00,-6.036
2018-07-03 17:45:00,-0.954
2018-07-03 17:30:00,-0.956
2018-07-03 17:15:00,-0.956
2018-07-03 17:00:00,-0.952
2018-07-03 16:45:00,-0.953
2018-07-03 16:30:00,-0.952
2018-07-03 16:15:00,-0.953
2018-07-03 16:00:00,-0.952
2018-07-03 15:45:00,-0.95
2018-07-03 15:30:00,-0.95
2018-07-03 15:15:00,-0.95
2018-07-03 15:00:00,-0.953
2018-07-03 14:45:00,-0.953
2018-07-03 14:30:00,-0.951
2018-07-03 14:15:00,-0.95
2018-07-03 14:00:00,-0.949
2018-07-03 13:45:00,-0.949
2018-07-03 13:30:00,-0.948
2018-07-03 13:15:00,-0.949
2018-07-03 13:00:00,-0.949
2018-07-03 12:45:00,-0.951
2018-07-03 12:30:00,-0.951
2018-07-03 12:15:00,9.112
2018-07-03 12:00:00,99.097
2018-07-03 11:45:00,101.335
2018-07-03 11:30:00,106.027
2018-07-03 11:15:00,80.853
2018-07-03 11:00:00,93.93
2018-07-03 10:45:00,90.015
2018-07-03 10:30:00,84.83
2018-07-03 10:15:00,74.902
2018-07-03 10:00:00,65.44
2018-07-03 09:45:00,76.197
2018-07-03 09:30:00,64.459
2018-07-03 09:15:00,37.75
2018-07-03 09:00:00,33.818
2018-07-03 08:45:00,13.559
2018-07-03 08:30:00,-1.535
2018-07-03 08:15:00,-9.345
2018-07-03 08:00:00,-17.408
2018-07-03 07:45:00,-42.419
2018-07-03 07:30:00,-41.061
2018-07-03 07:15:00,-37.407
2018-07-03 07:00:00,-47.619
2018-07-03 06:45:00,-43.498
2018-07-03 06:30:00,-23.226
2018-07-03 06:15:00,-24.581
2018-07-03 06:00:00,-23.83
2018-07-03 05:45:00,-22.179
2018-07-03 05:30:00,-22.657
2018-07-03 05:15:00,-21.293
2018-07-03 05:00:00,-6.274
2018-07-03 04:45:00,-2.293
2018-07-03 04:30:00,-3.372
2018-07-03 04:15:00,-1.811
2018-07-03 04:00:00,-2.795
2018-07-03 03:45:00,-2.085
2018-07-03 03:30:00,-2.985
2018-07-03 03:15:00,-2.059
2018-07-03 03:00:00,-2.491
2018-07-03 02:45:00,-2.175
2018-07-03 02:30:00,-2.518
2018-07-03 02:15:00,-2.724
2018-07-03 02:00:00,-2.401
2018-07-03 01:45:00,-2.894
2018-07-03 01:30:00,-2.446
2018-07-03 01:15:00,-3.549
2018-07-03 01:00:00,-3.193
2018-07-03 00:45:00,-2.809
2018-07-03 00:30:00,-2.006
2018-07-03 00:15:00,-3.244
2018-07-03 00:00:00,-11.981
2018-07-02 23:45:00,-25.419
2018-07-02 23:30:00,-5.503
2018-07-02 23:15:00,-3.334
2018-07-02 23:00:00,-3.485
2018-07-02 22:45:00,-3.757
2018-07-02 22:30:00,-3.13
2018-07-02 22:15:00,-3.264
2018-07-02 22:00:00,-3.126
2018-07-02 21:45:00,-3.131
2018-07-02 21:30:00,-2.729
2018-07-02 21:15:00,-3.368
2018-07-02 21:00:00,-2.872
2018-07-02 20:45:00,-24.529
2018-07-02 20:30:00,-25.772
2018-07-02 20:15:00,-17.793
2018-07-02 20:00:00,-4.558
2018-07-02 19:45:00,-4.47
2018-07-02 19:30:00,-17.368
2018-07-02 19:15:00,-55.523
2018-07-02 19:00:00,-54.057
2018-07-02 18:45:00,-53.105
2018-07-02 18:30:00,-37.187
2018-07-02 18:15:00,-36.762
2018-07-02 18:00:00,-19.64
2018-07-02 17:45:00,-0.95
2018-07-02 17:30:00,-0.956
2018-07-02 17:15:00,-0.955
2018-07-02 17:00:00,-0.952
2018-07-02 16:45:00,-0.951
2018-07-02 16:30:00,-0.948
2018-07-02 16:15:00,-0.955
2018-07-02 16:00:00,-0.954
2018-07-02 15:45:00,-0.951
2018-07-02 15:30:00,-0.951
2018-07-02 15:15:00,-0.951
2018-07-02 15:00:00,-0.953
2018-07-02 14:45:00,-0.952
2018-07-02 14:30:00,-0.946
2018-07-02 14:15:00,-0.942
2018-07-02 14:00:00,-0.94
2018-07-02 13:45:00,-0.904
2018-07-02 13:30:00,87.883
2018-07-02 13:15:00,105.874
2018-07-02 13:00:00,111.132
2018-07-02 12:45:00,109.109
2018-07-02 12:30:00,108.068
2018-07-02 12:15:00,103.809
2018-07-02 12:00:00,109.027
2018-07-02 11:45:00,104.956
2018-07-02 11:30:00,99.781
2018-07-02 11:15:00,92.151
2018-07-02 11:00:00,107.048
2018-07-02 10:45:00,103.033
2018-07-02 10:30:00,103.035
2018-07-02 10:15:00,103.549
2018-07-02 10:00:00,85.517
2018-07-02 09:45:00,69.796
2018-07-02 09:30:00,70.252
2018-07-02 09:15:00,38.668
2018-07-02 09:00:00,12.34
2018-07-02 08:45:00,-4.552
2018-07-02 08:30:00,-17.036
2018-07-02 08:15:00,-17.038
2018-07-02 08:00:00,-5.755
2018-07-02 07:45:00,-18.332
2018-07-02 07:30:00,-25.309
2018-07-02 07:15:00,-27.747
2018-07-02 07:00:00,-17.005
2018-07-02 06:45:00,-26.868
2018-07-02 06:30:00,-33.536
2018-07-02 06:15:00,-44.048
2018-07-02 06:00:00,-37.963
2018-07-02 05:45:00,-40.391
2018-07-02 05:30:00,-36.813
2018-07-02 05:15:00,-38.858
2018-07-02 05:00:00,-24.414
2018-07-02 04:45:00,-20.23
2018-07-02 04:30:00,-20.408
2018-07-02 04:15:00,-20.154
2018-07-02 04:00:00,-21.268
2018-07-02 03:45:00,-20.319
2018-07-02 03:30:00,-20.776
2018-07-02 03:15:00,-20.987
2018-07-02 03:00:00,-20.451
2018-07-02 02:45:00,-21.169
2018-07-02 02:30:00,-20.676
2018-07-02 02:15:00,-21.808
2018-07-02 02:00:00,-20.201
2018-07-02 01:45:00,-23.089
2018-07-02 01:30:00,-20.674
2018-07-02 01:15:00,-22.438
2018-07-02 01:00:00,-21.784
2018-07-02 00:45:00,-23.542
2018-07-02 00:30:00,-22.104
2018-07-02 00:15:00,-23.289
2018-07-02 00:00:00,-22.845
2018-07-01 23:45:00,-23.857
2018-07-01 23:30:00,-24.151
2018-07-01 23:15:00,-24.909
2018-07-01 23:00:00,-25.335
2018-07-01 22:45:00,-23.182
2018-07-01 22:30:00,-24.605
2018-07-01 22:15:00,-25.104
2018-07-01 22:00:00,-32.419
2018-07-01 21:45:00,-31.49
2018-07-01 21:30:00,-24.164
2018-07-01 21:15:00,-26.536
2018-07-01 21:00:00,-25.131
2018-07-01 20:45:00,-29.094
2018-07-01 20:30:00,-44.393
2018-07-01 20:15:00,-30.205
2018-07-01 20:00:00,-25.921
2018-07-01 19:45:00,-25.357
2018-07-01 19:30:00,-46.341
2018-07-01 19:15:00,-41.203
2018-07-01 19:00:00,-19.708
2018-07-01 18:45:00,-20.691
2018-07-01 18:30:00,-20.733
2018-07-01 18:15:00,-5.813
2018-07-01 18:00:00,-0.961
2018-07-01 17:45:00,-0.955
2018-07-01 17:30:00,-0.953
2018-07-01 17:15:00,-0.955
2018-07-01 17:00:00,-0.955
2018-07-01 16:45:00,-0.955
2018-07-01 16:30:00,-0.958
2018-07-01 16:15:00,-0.954
2018-07-01 16:00:00,-0.95
2018-07-01 15:45:00,-0.941
2018-07-01 15:30:00,-0.944
2018-07-01 15:15:00,-0.946
2018-07-01 15:00:00,-0.944
2018-07-01 14:45:00,-0.944
2018-07-01 14:30:00,-0.945
2018-07-01 14:15:00,-0.946
2018-07-01 14:00:00,-0.949
2018-07-01 13:45:00,-0.947
2018-07-01 13:30:00,-0.953
2018-07-01 13:15:00,-0.958
2018-07-01 13:00:00,-0.94
2018-07-01 12:45:00,-0.936
2018-07-01 12:30:00,-0.94
2018-07-01 12:15:00,-0.939
2018-07-01 12:00:00,-0.934
2018-07-01 11:45:00,-0.92
2018-07-01 11:30:00,-1.509
2018-07-01 11:15:00,152.362
2018-07-01 11:00:00,167.741
2018-07-01 10:45:00,149.161
2018-07-01 10:30:00,158.67
2018-07-01 10:15:00,153.674
2018-07-01 10:00:00,145.164
2018-07-01 09:45:00,129.195
2018-07-01 09:30:00,118.658
2018-07-01 09:15:00,121.115
2018-07-01 09:00:00,99.398
2018-07-01 08:45:00,89.73
2018-07-01 08:30:00,39.6
2018-07-01 08:15:00,23.878
2018-07-01 08:00:00,18.255
2018-07-01 07:45:00,8.133
2018-07-01 07:30:00,-0.302
2018-07-01 07:15:00,-1.138
2018-07-01 07:00:00,-1.348
2018-07-01 06:45:00,-4.041
2018-07-01 06:30:00,-13.464
2018-07-01 06:15:00,-20.989
2018-07-01 06:00:00,-24.375
2018-07-01 05:45:00,-25.518
2018-07-01 05:30:00,-25.586
2018-07-01 05:15:00,-25.913
2018-07-01 05:00:00,-26.711
2018-07-01 04:45:00,-24.997
2018-07-01 04:30:00,-26.478
2018-07-01 04:15:00,-25.354
2018-07-01 04:00:00,-26.835
2018-07-01 03:45:00,-25.501
2018-07-01 03:30:00,-26.689
2018-07-01 03:15:00,-25.748
2018-07-01 03:00:00,-27.044
2018-07-01 02:45:00,-26.322
2018-07-01 02:30:00,-27.107
2018-07-01 02:15:00,-26.61
2018-07-01 02:00:00,-27.081
2018-07-01 01:45:00,-26.909
2018-07-01 01:30:00,-26.835
2018-07-01 01:15:00,-27.371
2018-07-01 01:00:00,-28.558
2018-07-01 00:45:00,-28.332
2018-07-01 00:30:00,-28.149
2018-07-01 00:15:00,-18.565
2018-07-01 00:00:00,-12.92
2018-06-30 23:45:00,-12.317
2018-06-30 23:30:00,-13.233
2018-06-30 23:15:00,-19.981
2018-06-30 23:00:00,-27.734
2018-06-30 22:45:00,-36.589
2018-06-30 22:30:00,-44.247
2018-06-30 22:15:00,-45.038
2018-06-30 22:00:00,-44.836
2018-06-30 21:45:00,-31.047
2018-06-30 21:30:00,-24.417
2018-06-30 21:15:00,-25.735
2018-06-30 21:00:00,-24.942
2018-06-30 20:45:00,-25.563
2018-06-30 20:30:00,-37.988
2018-06-30 20:15:00,-38.425
2018-06-30 20:00:00,-27.0
2018-06-30 19:45:00,-24.306
2018-06-30 19:30:00,-28.873
2018-06-30 19:15:00,-45.733
2018-06-30 19:00:00,-32.072
2018-06-30 18:45:00,-13.09
2018-06-30 18:30:00,-5.744
2018-06-30 18:15:00,-7.277
2018-06-30 18:00:00,-0.947
2018-06-30 17:45:00,-0.949
2018-06-30 17:30:00,-0.95
2018-06-30 17:15:00,-0.948
2018-06-30 17:00:00,-0.943
2018-06-30 16:45:00,-0.939
2018-06-30 16:30:00,-0.943
2018-06-30 16:15:00,-0.943
2018-06-30 16:00:00,-0.941
2018-06-30 15:45:00,-0.942
2018-06-30 15:30:00,-0.945
2018-06-30 15:15:00,-0.946
2018-06-30 15:00:00,-0.943
2018-06-30 14:45:00,-0.945
2018-06-30 14:30:00,-0.942
2018-06-30 14:15:00,-0.94
2018-06-30 14:00:00,-0.94
2018-06-30 13:45:00,-0.942
2018-06-30 13:30:00,-0.945
2018-06-30 13:15:00,-0.952
2018-06-30 13:00:00,-0.951
2018-06-30 12:45:00,-0.946
2018-06-30 12:30:00,-0.726
2018-06-30 12:15:00,144.654
2018-06-30 12:00:00,174.486
2018-06-30 11:45:00,154.976
2018-06-30 11:30:00,129.89
2018-06-30 11:15:00,139.961
2018-06-30 11:00:00,139.831
2018-06-30 10:45:00,130.451
2018-06-30 10:30:00,106.957
2018-06-30 10:15:00,114.819
2018-06-30 10:00:00,112.641
2018-06-30 09:45:00,103.475
2018-06-30 09:30:00,92.666
2018-06-30 09:15:00,83.356
2018-06-30 09:00:00,69.283
2018-06-30 08:45:00,45.681
2018-06-30 08:30:00,0.492
2018-06-30 08:15:00,6.227
2018-06-30 08:00:00,0.935
2018-06-30 07:45:00,-1.081
2018-06-30 07:30:00,-1.073
2018-06-30 07:15:00,-1.043
2018-06-30 07:00:00,-23.5
2018-06-30 06:45:00,-31.286
2018-06-30 06:30:00,-28.239
2018-06-30 06:15:00,-30.611
2018-06-30 06:00:00,-16.445
2018-06-30 05:45:00,-14.982
2018-06-30 05:30:00,-13.504
2018-06-30 05:15:00,-16.663
2018-06-30 05:00:00,-19.108
2018-06-30 04:45:00,-20.109
2018-06-30 04:30:00,-22.761
2018-06-30 04:15:00,-21.764
2018-06-30 04:00:00,-24.209
2018-06-30 03:45:00,-22.926
2018-06-30 03:30:00,-26.084
2018-06-30 03:15:00,-24.342
2018-06-30 03:00:00,-27.981
2018-06-30 02:45:00,-25.756
2018-06-30 02:30:00,-28.392
2018-06-30 02:15:00,-27.814
2018-06-30 02:00:00,-28.69
2018-06-30 01:45:00,-27.755
2018-06-30 01:30:00,-29.157
2018-06-30 01:15:00,-28.498
2018-06-30 01:00:00,-30.117
2018-06-30 00:45:00,-29.782
2018-06-30 00:30:00,-29.892
2018-06-30 00:15:00,-30.51
2018-06-30 00:00:00,-30.59
2018-06-29 23:45:00,-30.981
2018-06-29 23:30:00,-31.13
2018-06-29 23:15:00,-31.47
2018-06-29 23:00:00,-30.661
2018-06-29 22:45:00,-31.215
2018-06-29 22:30:00,-32.649
2018-06-29 22:15:00,-32.012
2018-06-29 22:00:00,-32.566
2018-06-29 21:45:00,-32.489
2018-06-29 21:30:00,-32.42
2018-06-29 21:15:00,-32.985
2018-06-29 21:00:00,-33.484
2018-06-29 20:45:00,-33.903
2018-06-29 20:30:00,-33.713
2018-06-29 20:15:00,-34.18
2018-06-29 20:00:00,-41.093
2018-06-29 19:45:00,-51.82
2018-06-29 19:30:00,-33.851
2018-06-29 19:15:00,-33.104
2018-06-29 19:00:00,-29.649
2018-06-29 18:45:00,-37.333
2018-06-29 18:30:00,-32.172
2018-06-29 18:15:00,-14.429
2018-06-29 18:00:00,-0.948
2018-06-29 17:45:00,-0.946
2018-06-29 17:30:00,-0.945
2018-06-29 17:15:00,-2.588
2018-06-29 17:00:00,-1.743
2018-06-29 16:45:00,-0.948
2018-06-29 16:30:00,-0.947
2018-06-29 16:15:00,-0.944
2018-06-29 16:00:00,-0.943
2018-06-29 15:45:00,-0.942
2018-06-29 15:30:00,-0.938
2018-06-29 15:15:00,-0.93
2018-06-29 15:00:00,56.544
2018-06-29 14:45:00,92.481
2018-06-29 14:30:00,94.43
2018-06-29 14:15:00,101.189
2018-06-29 14:00:00,103.781
2018-06-29 13:45:00,108.365
2018-06-29 13:30:00,112.846
2018-06-29 13:15:00,110.79
2018-06-29 13:00:00,113.956
2018-06-29 12:45:00,105.511
2018-06-29 12:30:00,109.437
2018-06-29 12:15:00,121.589
2018-06-29 12:00:00,138.064
2018-06-29 11:45:00,93.083
2018-06-29 11:30:00,88.947
2018-06-29 11:15:00,89.171
2018-06-29 11:00:00,65.752
2018-06-29 10:45:00,41.369
2018-06-29 10:30:00,0.691
2018-06-29 10:15:00,-0.948
2018-06-29 10:00:00,-0.945
2018-06-29 09:45:00,-0.935
2018-06-29 09:30:00,-0.937
2018-06-29 09:15:00,-0.937
2018-06-29 09:00:00,-1.079
2018-06-29 08:45:00,-1.1
2018-06-29 08:30:00,-18.093
2018-06-29 08:15:00,-45.841
2018-06-29 08:00:00,-45.144
2018-06-29 07:45:00,-23.913
2018-06-29 07:30:00,-25.11
2018-06-29 07:15:00,-29.455
2018-06-29 07:00:00,-20.365
2018-06-29 06:45:00,-24.745
2018-06-29 06:30:00,-26.513
2018-06-29 06:15:00,-27.111
2018-06-29 06:00:00,-25.951
2018-06-29 05:45:00,-25.739
2018-06-29 05:30:00,-23.895
2018-06-29 05:15:00,-26.435
2018-06-29 05:00:00,-20.132
2018-06-29 04:45:00,-21.158
2018-06-29 04:30:00,-9.642
2018-06-29 04:15:00,-5.768
2018-06-29 04:00:00,-4.373
2018-06-29 03:45:00,-5.051
2018-06-29 03:30:00,-5.515
2018-06-29 03:15:00,-6.356
2018-06-29 03:00:00,-5.929
2018-06-29 02:45:00,-6.297
2018-06-29 02:30:00,-5.992
2018-06-29 02:15:00,-14.32
2018-06-29 02:00:00,-20.441
2018-06-29 01:45:00,-22.575
2018-06-29 01:30:00,-21.731
2018-06-29 01:15:00,-25.199
2018-06-29 01:00:00,-23.332
2018-06-29 00:45:00,-25.452
2018-06-29 00:30:00,-25.483
2018-06-29 00:15:00,-25.374
2018-06-29 00:00:00,-26.556
2018-06-28 23:45:00,-25.508
2018-06-28 23:30:00,-26.479
2018-06-28 23:15:00,-27.584
2018-06-28 23:00:00,-26.247
2018-06-28 22:45:00,-29.272
2018-06-28 22:30:00,-28.484
2018-06-28 22:15:00,-29.786
2018-06-28 22:00:00,-31.659
2018-06-28 21:45:00,-30.748
2018-06-28 21:30:00,-31.817
2018-06-28 21:15:00,-34.047
2018-06-28 21:00:00,-36.122
2018-06-28 20:45:00,-36.668
2018-06-28 20:30:00,-36.894
2018-06-28 20:15:00,-38.965
2018-06-28 20:00:00,-39.258
2018-06-28 19:45:00,-40.236
2018-06-28 19:30:00,-41.978
2018-06-28 19:15:00,-47.262
2018-06-28 19:00:00,-41.823
2018-06-28 18:45:00,-40.377
2018-06-28 18:30:00,-26.572
2018-06-28 18:15:00,-22.322
2018-06-28 18:00:00,-6.514
2018-06-28 17:45:00,-0.964
2018-06-28 17:30:00,-0.947
2018-06-28 17:15:00,-0.95
2018-06-28 17:00:00,-0.948
2018-06-28 16:45:00,-0.949
2018-06-28 16:30:00,-0.949
2018-06-28 16:15:00,-0.948
2018-06-28 16:00:00,-0.953
2018-06-28 15:45:00,-0.95
2018-06-28 15:30:00,-0.948
2018-06-28 15:15:00,-0.946
2018-06-28 15:00:00,-0.946
2018-06-28 14:45:00,-0.945
2018-06-28 14:30:00,-0.945
2018-06-28 14:15:00,-0.945
2018-06-28 14:00:00,-0.945
2018-06-28 13:45:00,-0.943
2018-06-28 13:30:00,-0.944
2018-06-28 13:15:00,-0.945
2018-06-28 13:00:00,-0.946
2018-06-28 12:45:00,-0.839
2018-06-28 12:30:00,120.026
2018-06-28 12:15:00,137.96
2018-06-28 12:00:00,125.411
2018-06-28 11:45:00,122.696
2018-06-28 11:30:00,121.213
2018-06-28 11:15:00,111.272
2018-06-28 11:00:00,123.094
2018-06-28 10:45:00,115.265
2018-06-28 10:30:00,110.169
2018-06-28 10:15:00,109.489
2018-06-28 10:00:00,99.987
2018-06-28 09:45:00,96.431
2018-06-28 09:30:00,80.442
2018-06-28 09:15:00,70.834
2018-06-28 09:00:00,35.263
2018-06-28 08:45:00,50.386
2018-06-28 08:30:00,8.354
2018-06-28 08:15:00,-8.28
2018-06-28 08:00:00,-16.3
2018-06-28 07:45:00,-13.509
2018-06-28 07:30:00,-18.798
2018-06-28 07:15:00,-24.132
2018-06-28 07:00:00,-27.558
2018-06-28 06:45:00,-18.188
2018-06-28 06:30:00,-23.438
2018-06-28 06:15:00,-27.062
2018-06-28 06:00:00,-27.897
2018-06-28 05:45:00,-25.649
2018-06-28 05:30:00,-26.333
2018-06-28 05:15:00,-22.184
2018-06-28 05:00:00,-6.138
2018-06-28 04:45:00,-5.743
2018-06-28 04:30:00,-7.186
2018-06-28 04:15:00,-5.691
2018-06-28 04:00:00,-6.503
2018-06-28 03:45:00,-5.438
2018-06-28 03:30:00,-5.833
2018-06-28 03:15:00,-6.545
2018-06-28 03:00:00,-7.572
2018-06-28 02:45:00,-7.14
2018-06-28 02:30:00,-6.782
2018-06-28 02:15:00,-7.508
2018-06-28 02:00:00,-7.058
2018-06-28 01:45:00,-6.806
2018-06-28 01:30:00,-6.765
2018-06-28 01:15:00,-27.29
2018-06-28 01:00:00,-43.205
2018-06-28 00:45:00,-42.549
2018-06-28 00:30:00,-44.577
2018-06-28 00:15:00,-43.39
2018-06-28 00:00:00,-29.788
2018-06-27 23:45:00,-28.85
2018-06-27 23:30:00,-30.558
2018-06-27 23:15:00,-30.348
2018-06-27 23:00:00,-31.993
2018-06-27 22:45:00,-32.196
2018-06-27 22:30:00,-33.258
2018-06-27 22:15:00,-33.813
2018-06-27 22:00:00,-35.324
2018-06-27 21:45:00,-34.719
2018-06-27 21:30:00,-36.997
2018-06-27 21:15:00,-36.603
2018-06-27 21:00:00,-38.927
2018-06-27 20:45:00,-38.415
2018-06-27 20:30:00,-40.336
2018-06-27 20:15:00,-40.67
2018-06-27 20:00:00,-42.384
2018-06-27 19:45:00,-43.723
2018-06-27 19:30:00,-41.528
2018-06-27 19:15:00,-47.038
2018-06-27 19:00:00,-39.043
2018-06-27 18:45:00,-33.439
2018-06-27 18:30:00,-15.349
2018-06-27 18:15:00,-7.36
2018-06-27 18:00:00,-0.937
2018-06-27 17:45:00,-0.935
2018-06-27 17:30:00,-0.941
2018-06-27 17:15:00,-0.941
2018-06-27 17:00:00,-0.939
2018-06-27 16:45:00,-0.94
2018-06-27 16:30:00,-0.938
2018-06-27 16:15:00,-0.944
2018-06-27 16:00:00,-0.944
2018-06-27 15:45:00,-0.943
2018-06-27 15:30:00,-0.943
2018-06-27 15:15:00,-0.945
2018-06-27 15:00:00,-0.945
2018-06-27 14:45:00,-0.943
2018-06-27 14:30:00,-0.937
2018-06-27 14:15:00,-0.939
2018-06-27 14:00:00,-0.939
2018-06-27 13:45:00,-0.937
2018-06-27 13:30:00,-0.933
2018-06-27 13:15:00,-0.932
2018-06-27 13:00:00,-0.932
2018-06-27 12:45:00,-0.93
2018-06-27 12:30:00,15.938
2018-06-27 12:15:00,125.072
2018-06-27 12:00:00,126.399
2018-06-27 11:45:00,129.835
2018-06-27 11:30:00,118.717
2018-06-27 11:15:00,115.627
2018-06-27 11:00:00,129.644
2018-06-27 10:45:00,124.273
2018-06-27 10:30:00,113.312
2018-06-27 10:15:00,104.49
2018-06-27 10:00:00,96.469
2018-06-27 09:45:00,87.967
2018-06-27 09:30:00,75.721
2018-06-27 09:15:00,71.64
2018-06-27 09:00:00,61.634
2018-06-27 08:45:00,37.531
2018-06-27 08:30:00,45.06
2018-06-27 08:15:00,39.611
2018-06-27 08:00:00,2.513
2018-06-27 07:45:00,-7.973
2018-06-27 07:30:00,-8.382
2018-06-27 07:15:00,-19.741
2018-06-27 07:00:00,-1.487
2018-06-27 06:45:00,-4.846
2018-06-27 06:30:00,-5.435
2018-06-27 06:15:00,-5.175
2018-06-27 06:00:00,-8.264
2018-06-27 05:45:00,-18.296
2018-06-27 05:30:00,-19.419
2018-06-27 05:15:00,-27.368
2018-06-27 05:00:00,-18.169
2018-06-27 04:45:00,-13.239
2018-06-27 04:30:00,-13.099
2018-06-27 04:15:00,-14.785
2018-06-27 04:00:00,-16.122
2018-06-27 03:45:00,-20.518
2018-06-27 03:30:00,-19.998
2018-06-27 03:15:00,-25.655
2018-06-27 03:00:00,-26.884
2018-06-27 02:45:00,-27.308
2018-06-27 02:30:00,-25.845
2018-06-27 02:15:00,-28.693
2018-06-27 02:00:00,-28.493
2018-06-27 01:45:00,-28.466
2018-06-27 01:30:00,-28.901
2018-06-27 01:15:00,-29.102
2018-06-27 01:00:00,-28.511
2018-06-27 00:45:00,-29.477
2018-06-27 00:30:00,-28.983
2018-06-27 00:15:00,-28.933
2018-06-27 00:00:00,-29.099
2018-06-26 23:45:00,-29.77
2018-06-26 23:30:00,-29.148
2018-06-26 23:15:00,-28.655
2018-06-26 23:00:00,-30.211
2018-06-26 22:45:00,-30.826
2018-06-26 22:30:00,-29.229
2018-06-26 22:15:00,-31.019
2018-06-26 22:00:00,-30.059
2018-06-26 21:45:00,-32.31
2018-06-26 21:30:00,-29.475
2018-06-26 21:15:00,-32.112
2018-06-26 21:00:00,-30.918
2018-06-26 20:45:00,-32.417
2018-06-26 20:30:00,-30.828
2018-06-26 20:15:00,-35.969
2018-06-26 20:00:00,-39.302
2018-06-26 19:45:00,-36.865
2018-06-26 19:30:00,-36.914
2018-06-26 19:15:00,-35.883
2018-06-26 19:00:00,-29.074
2018-06-26 18:45:00,-23.003
2018-06-26 18:30:00,-33.476
2018-06-26 18:15:00,-28.569
2018-06-26 18:00:00,-16.146
2018-06-26 17:45:00,-0.944
2018-06-26 17:30:00,-0.943
2018-06-26 17:15:00,-0.946
2018-06-26 17:00:00,-0.951
2018-06-26 16:45:00,-0.951
2018-06-26 16:30:00,-0.95
2018-06-26 16:15:00,-0.95
2018-06-26 16:00:00,-0.945
2018-06-26 15:45:00,-0.946
2018-06-26 15:30:00,-0.952
2018-06-26 15:15:00,-0.951
2018-06-26 15:00:00,-0.95
2018-06-26 14:45:00,-0.949
2018-06-26 14:30:00,-0.949
2018-06-26 14:15:00,-0.95
2018-06-26 14:00:00,-0.947
2018-06-26 13:45:00,-0.943
2018-06-26 13:30:00,-0.936
2018-06-26 13:15:00,-0.833
2018-06-26 13:00:00,112.805
2018-06-26 12:45:00,140.657
2018-06-26 12:30:00,130.949
2018-06-26 12:15:00,130.807
2018-06-26 12:00:00,122.968
2018-06-26 11:45:00,119.215
2018-06-26 11:30:00,111.143
2018-06-26 11:15:00,100.057
2018-06-26 11:00:00,115.307
2018-06-26 10:45:00,107.592
2018-06-26 10:30:00,103.694
2018-06-26 10:15:00,93.016
2018-06-26 10:00:00,91.964
2018-06-26 09:45:00,88.453
2018-06-26 09:30:00,78.051
2018-06-26 09:15:00,49.659
2018-06-26 09:00:00,14.966
2018-06-26 08:45:00,2.049
2018-06-26 08:30:00,-11.999
2018-06-26 08:15:00,-16.853
2018-06-26 08:00:00,-17.988
2018-06-26 07:45:00,-19.224
2018-06-26 07:30:00,-21.381
2018-06-26 07:15:00,-22.385
2018-06-26 07:00:00,-12.284
2018-06-26 06:45:00,-19.822
2018-06-26 06:30:00,-28.841
2018-06-26 06:15:00,-35.509
2018-06-26 06:00:00,-39.194
2018-06-26 05:45:00,-37.823
2018-06-26 05:30:00,-36.685
2018-06-26 05:15:00,-38.17
2018-06-26 05:00:00,-23.9
2018-06-26 04:45:00,-18.32
2018-06-26 04:30:00,-20.926
2018-06-26 04:15:00,-20.633
2018-06-26 04:00:00,-21.36
2018-06-26 03:45:00,-20.285
2018-06-26 03:30:00,-21.032
2018-06-26 03:15:00,-20.993
2018-06-26 03:00:00,-20.429
2018-06-26 02:45:00,-21.323
2018-06-26 02:30:00,-20.026
2018-06-26 02:15:00,-21.557
2018-06-26 02:00:00,-22.037
2018-06-26 01:45:00,-20.885
2018-06-26 01:30:00,-21.996
2018-06-26 01:15:00,-21.473
2018-06-26 01:00:00,-21.934
2018-06-26 00:45:00,-21.913
2018-06-26 00:30:00,-22.363
2018-06-26 00:15:00,-22.953
2018-06-26 00:00:00,-22.377
2018-06-25 23:45:00,-23.633
2018-06-25 23:30:00,-22.282
2018-06-25 23:15:00,-22.211
2018-06-25 23:00:00,-24.971
2018-06-25 22:45:00,-24.459
2018-06-25 22:30:00,-24.805
2018-06-25 22:15:00,-24.504
2018-06-25 22:00:00,-25.32
2018-06-25 21:45:00,-24.219
2018-06-25 21:30:00,-25.613
2018-06-25 21:15:00,-23.571
2018-06-25 21:00:00,-26.962
2018-06-25 20:45:00,-24.027
2018-06-25 20:30:00,-26.791
2018-06-25 20:15:00,-26.204
2018-06-25 20:00:00,-27.74
2018-06-25 19:45:00,-25.768
2018-06-25 19:30:00,-33.367
2018-06-25 19:15:00,-33.201
2018-06-25 19:00:00,-40.674
2018-06-25 18:45:00,-46.256
2018-06-25 18:30:00,-29.054
2018-06-25 18:15:00,-16.73
2018-06-25 18:00:00,-3.604
2018-06-25 17:45:00,-0.936
2018-06-25 17:30:00,-0.933
2018-06-25 17:15:00,-0.939
2018-06-25 17:00:00,-0.945
2018-06-25 16:45:00,-0.944
2018-06-25 16:30:00,-0.942
2018-06-25 16:15:00,-0.942
2018-06-25 16:00:00,-0.94
2018-06-25 15:45:00,-0.943
2018-06-25 15:30:00,-0.942
2018-06-25 15:15:00,-0.941
2018-06-25 15:00:00,-0.94
2018-06-25 14:45:00,-0.942
2018-06-25 14:30:00,-0.942
2018-06-25 14:15:00,-0.94
2018-06-25 14:00:00,-0.94
2018-06-25 13:45:00,-0.942
2018-06-25 13:30:00,-0.941
2018-06-25 13:15:00,-0.94
2018-06-25 13:00:00,-0.936
2018-06-25 12:45:00,46.297
2018-06-25 12:30:00,127.94
2018-06-25 12:15:00,126.833
2018-06-25 12:00:00,122.091
2018-06-25 11:45:00,125.79
2018-06-25 11:30:00,122.378
2018-06-25 11:15:00,112.977
2018-06-25 11:00:00,125.068
2018-06-25 10:45:00,121.519
2018-06-25 10:30:00,111.346
2018-06-25 10:15:00,102.317
2018-06-25 10:00:00,96.34
2018-06-25 09:45:00,91.993
2018-06-25 09:30:00,79.904
2018-06-25 09:15:00,65.522
2018-06-25 09:00:00,59.225
2018-06-25 08:45:00,42.835
2018-06-25 08:30:00,19.905
2018-06-25 08:15:00,-2.172
2018-06-25 08:00:00,-8.584
2018-06-25 07:45:00,-17.864
2018-06-25 07:30:00,-18.162
2018-06-25 07:15:00,-24.385
2018-06-25 07:00:00,-28.281
2018-06-25 06:45:00,-16.263
2018-06-25 06:30:00,-19.618
2018-06-25 06:15:00,-24.195
2018-06-25 06:00:00,-24.886
2018-06-25 05:45:00,-27.327
2018-06-25 05:30:00,-25.753
2018-06-25 05:15:00,-34.292
2018-06-25 05:00:00,-22.142
2018-06-25 04:45:00,-20.14
2018-06-25 04:30:00,-19.451
2018-06-25 04:15:00,-21.053
2018-06-25 04:00:00,-19.687
2018-06-25 03:45:00,-21.217
2018-06-25 03:30:00,-19.371
2018-06-25 03:15:00,-20.673
2018-06-25 03:00:00,-20.208
2018-06-25 02:45:00,-21.372
2018-06-25 02:30:00,-21.172
2018-06-25 02:15:00,-20.744
2018-06-25 02:00:00,-21.775
2018-06-25 01:45:00,-22.09
2018-06-25 01:30:00,-23.351
2018-06-25 01:15:00,-26.085
2018-06-25 01:00:00,-27.513
2018-06-25 00:45:00,-27.95
2018-06-25 00:30:00,-29.212
2018-06-25 00:15:00,-29.541
2018-06-25 00:00:00,-29.04
2018-06-24 23:45:00,-28.862
2018-06-24 23:30:00,-28.98
2018-06-24 23:15:00,-30.033
2018-06-24 23:00:00,-30.908
2018-06-24 22:45:00,-31.977
2018-06-24 22:30:00,-31.937
2018-06-24 22:15:00,-32.565
2018-06-24 22:00:00,-31.28
2018-06-24 21:45:00,-31.433
2018-06-24 21:30:00,-32.376
2018-06-24 21:15:00,-34.517
2018-06-24 21:00:00,-34.709
2018-06-24 20:45:00,-36.267
2018-06-24 20:30:00,-35.7
2018-06-24 20:15:00,-37.652
2018-06-24 20:00:00,-35.478
2018-06-24 19:45:00,-34.465
2018-06-24 19:30:00,-33.66
2018-06-24 19:15:00,-28.49
2018-06-24 19:00:00,-27.514
2018-06-24 18:45:00,-18.038
2018-06-24 18:30:00,-3.716
2018-06-24 18:15:00,-0.928
2018-06-24 18:00:00,-0.924
2018-06-24 17:45:00,-0.923
2018-06-24 17:30:00,-0.923
2018-06-24 17:15:00,-0.924
2018-06-24 17:00:00,-0.923
2018-06-24 16:45:00,-0.924
2018-06-24 16:30:00,-0.928
2018-06-24 16:15:00,-0.929
2018-06-24 16:00:00,-0.928
2018-06-24 15:45:00,-0.928
2018-06-24 15:30:00,-0.924
2018-06-24 15:15:00,-0.921
2018-06-24 15:00:00,-0.922
2018-06-24 14:45:00,-0.922
2018-06-24 14:30:00,-0.923
2018-06-24 14:15:00,-0.924
2018-06-24 14:00:00,-0.924
2018-06-24 13:45:00,-0.925
2018-06-24 13:30:00,-0.926
2018-06-24 13:15:00,-0.926
2018-06-24 13:00:00,-0.927
2018-06-24 12:45:00,-0.927
2018-06-24 12:30:00,-0.928
2018-06-24 12:15:00,-0.929
2018-06-24 12:00:00,-0.924
2018-06-24 11:45:00,4.64
2018-06-24 11:30:00,166.048
2018-06-24 11:15:00,173.691
2018-06-24 11:00:00,165.222
2018-06-24 10:45:00,161.968
2018-06-24 10:30:00,153.075
2018-06-24 10:15:00,141.868
2018-06-24 10:00:00,141.606
2018-06-24 09:45:00,86.342
2018-06-24 09:30:00,54.353
2018-06-24 09:15:00,29.954
2018-06-24 09:00:00,7.853
2018-06-24 08:45:00,7.193
2018-06-24 08:30:00,-1.524
2018-06-24 08:15:00,-0.76
2018-06-24 08:00:00,-1.583
2018-06-24 07:45:00,-6.543
2018-06-24 07:30:00,-4.22
2018-06-24 07:15:00,-1.567
2018-06-24 07:00:00,-3.751
2018-06-24 06:45:00,-9.024
2018-06-24 06:30:00,-11.423
2018-06-24 06:15:00,-13.198
2018-06-24 06:00:00,-15.751
2018-06-24 05:45:00,-13.737
2018-06-24 05:30:00,-15.399
2018-06-24 05:15:00,-14.363
2018-06-24 05:00:00,-16.637
2018-06-24 04:45:00,-13.581
2018-06-24 04:30:00,-14.94
2018-06-24 04:15:00,-13.05
2018-06-24 04:00:00,-17.087
2018-06-24 03:45:00,-13.35
2018-06-24 03:30:00,-16.397
2018-06-24 03:15:00,-13.272
2018-06-24 03:00:00,-16.85
2018-06-24 02:45:00,-14.966
2018-06-24 02:30:00,-16.441
2018-06-24 02:15:00,-14.162
2018-06-24 02:00:00,-15.717
2018-06-24 01:45:00,-13.992
2018-06-24 01:30:00,-16.979
2018-06-24 01:15:00,-15.853
2018-06-24 01:00:00,-16.844
2018-06-24 00:45:00,-16.016
2018-06-24 00:30:00,-16.26
2018-06-24 00:15:00,-16.536
2018-06-24 00:00:00,-16.484
2018-06-23 23:45:00,-16.306
2018-06-23 23:30:00,-16.827
2018-06-23 23:15:00,-16.468
2018-06-23 23:00:00,-18.506
2018-06-23 22:45:00,-17.407
2018-06-23 22:30:00,-24.676
2018-06-23 22:15:00,-29.539
2018-06-23 22:00:00,-41.322
2018-06-23 21:45:00,-43.036
2018-06-23 21:30:00,-51.871
2018-06-23 21:15:00,-43.641
2018-06-23 21:00:00,-35.228
2018-06-23 20:45:00,-34.285
2018-06-23 20:30:00,-36.257
2018-06-23 20:15:00,-35.285
2018-06-23 20:00:00,-36.744
2018-06-23 19:45:00,-33.69
2018-06-23 19:30:00,-34.259
2018-06-23 19:15:00,-27.062
2018-06-23 19:00:00,-21.0
2018-06-23 18:45:00,-15.029
2018-06-23 18:30:00,-8.561
2018-06-23 18:15:00,-1.465
2018-06-23 18:00:00,-0.943
2018-06-23 17:45:00,-0.943
2018-06-23 17:30:00,-0.943
2018-06-23 17:15:00,-0.941
2018-06-23 17:00:00,-0.938
2018-06-23 16:45:00,-0.927
2018-06-23 16:30:00,-0.927
2018-06-23 16:15:00,-0.926
2018-06-23 16:00:00,-0.924
2018-06-23 15:45:00,-0.906
2018-06-23 15:30:00,68.668
2018-06-23 15:15:00,116.129
2018-06-23 15:00:00,113.827
2018-06-23 14:45:00,90.345
2018-06-23 14:30:00,100.193
2018-06-23 14:15:00,104.165
2018-06-23 14:00:00,79.198
2018-06-23 13:45:00,103.59
2018-06-23 13:30:00,102.859
2018-06-23 13:15:00,104.323
2018-06-23 13:00:00,99.05
2018-06-23 12:45:00,78.01
2018-06-23 12:30:00,64.571
2018-06-23 12:15:00,70.16
2018-06-23 12:00:00,84.726
2018-06-23 11:45:00,64.296
2018-06-23 11:30:00,49.236
2018-06-23 11:15:00,44.543
2018-06-23 11:00:00,38.822
2018-06-23 10:45:00,25.071
2018-06-23 10:30:00,22.111
2018-06-23 10:15:00,10.914
2018-06-23 10:00:00,8.307
2018-06-23 09:45:00,5.42
2018-06-23 09:30:00,-0.878
2018-06-23 09:15:00,-1.024
2018-06-23 09:00:00,-0.926
2018-06-23 08:45:00,-1.24
2018-06-23 08:30:00,-1.09
2018-06-23 08:15:00,-1.25
2018-06-23 08:00:00,-1.921
2018-06-23 07:45:00,-2.835
2018-06-23 07:30:00,-1.27
2018-06-23 07:15:00,-2.489
2018-06-23 07:00:00,-8.762
2018-06-23 06:45:00,-8.654
2018-06-23 06:30:00,-11.856
2018-06-23 06:15:00,-11.309
2018-06-23 06:00:00,-14.335
2018-06-23 05:45:00,-13.014
2018-06-23 05:30:00,-17.368
2018-06-23 05:15:00,-19.354
2018-06-23 05:00:00,-20.536
2018-06-23 04:45:00,-22.17
2018-06-23 04:30:00,-22.475
2018-06-23 04:15:00,-22.51
2018-06-23 04:00:00,-23.59
2018-06-23 03:45:00,-24.654
2018-06-23 03:30:00,-24.874
2018-06-23 03:15:00,-27.271
2018-06-23 03:00:00,-25.501
2018-06-23 02:45:00,-27.833
2018-06-23 02:30:00,-26.944
2018-06-23 02:15:00,-26.762
2018-06-23 02:00:00,-27.62
2018-06-23 01:45:00,-28.411
2018-06-23 01:30:00,-28.274
2018-06-23 01:15:00,-31.205
2018-06-23 01:00:00,-30.926
2018-06-23 00:45:00,-31.228
2018-06-23 00:30:00,-31.894
2018-06-23 00:15:00,-32.087
2018-06-23 00:00:00,-32.806
2018-06-22 23:45:00,-32.505
2018-06-22 23:30:00,-34.082
2018-06-22 23:15:00,-33.834
2018-06-22 23:00:00,-34.447
2018-06-22 22:45:00,-34.928
2018-06-22 22:30:00,-35.192
2018-06-22 22:15:00,-35.507
2018-06-22 22:00:00,-35.564
2018-06-22 21:45:00,-36.452
2018-06-22 21:30:00,-36.493
2018-06-22 21:15:00,-36.643
2018-06-22 21:00:00,-36.057
2018-06-22 20:45:00,-36.58
2018-06-22 20:30:00,-35.588
2018-06-22 20:15:00,-37.875
2018-06-22 20:00:00,-37.887
2018-06-22 19:45:00,-41.886
2018-06-22 19:30:00,-35.25
2018-06-22 19:15:00,-29.137
2018-06-22 19:00:00,-23.031
2018-06-22 18:45:00,-24.225
2018-06-22 18:30:00,-4.226
2018-06-22 18:15:00,-2.797
2018-06-22 18:00:00,-2.106
2018-06-22 17:45:00,-0.937
2018-06-22 17:30:00,-0.935
2018-06-22 17:15:00,-0.942
2018-06-22 17:00:00,-0.948
2018-06-22 16:45:00,-0.947
2018-06-22 16:30:00,-0.945
2018-06-22 16:15:00,-0.947
2018-06-22 16:00:00,-0.948
2018-06-22 15:45:00,-0.947
2018-06-22 15:30:00,-0.947
2018-06-22 15:15:00,-0.946
2018-06-22 15:00:00,-0.943
2018-06-22 14:45:00,-0.943
2018-06-22 14:30:00,-0.942
2018-06-22 14:15:00,-0.94
2018-06-22 14:00:00,-0.939
2018-06-22 13:45:00,-0.939
2018-06-22 13:30:00,-0.94
2018-06-22 13:15:00,-0.941
2018-06-22 13:00:00,-0.942
2018-06-22 12:45:00,-0.94
2018-06-22 12:30:00,-0.896
2018-06-22 12:15:00,87.906
2018-06-22 12:00:00,139.917
2018-06-22 11:45:00,134.607
2018-06-22 11:30:00,127.737
2018-06-22 11:15:00,121.555
2018-06-22 11:00:00,134.095
2018-06-22 10:45:00,126.112
2018-06-22 10:30:00,123.904
2018-06-22 10:15:00,114.774
2018-06-22 10:00:00,111.47
2018-06-22 09:45:00,102.76
2018-06-22 09:30:00,92.946
2018-06-22 09:15:00,85.379
2018-06-22 09:00:00,80.861
2018-06-22 08:45:00,29.344
2018-06-22 08:30:00,2.661
2018-06-22 08:15:00,-1.456
2018-06-22 08:00:00,-1.324
2018-06-22 07:45:00,-0.563
2018-06-22 07:30:00,-0.875
2018-06-22 07:15:00,-6.305
2018-06-22 07:00:00,-4.316
2018-06-22 06:45:00,-5.699
2018-06-22 06:30:00,-4.155
2018-06-22 06:15:00,-8.244
2018-06-22 06:00:00,-8.463
2018-06-22 05:45:00,-13.559
2018-06-22 05:30:00,-9.883
2018-06-22 05:15:00,-27.988
2018-06-22 05:00:00,-18.781
2018-06-22 04:45:00,-20.594
2018-06-22 04:30:00,-18.57
2018-06-22 04:15:00,-24.924
2018-06-22 04:00:00,-20.995
2018-06-22 03:45:00,-23.738
2018-06-22 03:30:00,-22.422
2018-06-22 03:15:00,-24.103
2018-06-22 03:00:00,-24.068
2018-06-22 02:45:00,-25.733
2018-06-22 02:30:00,-24.723
2018-06-22 02:15:00,-26.056
2018-06-22 02:00:00,-25.676
2018-06-22 01:45:00,-26.153
2018-06-22 01:30:00,-26.21
2018-06-22 01:15:00,-27.763
2018-06-22 01:00:00,-27.606
2018-06-22 00:45:00,-28.095
2018-06-22 00:30:00,-28.579
2018-06-22 00:15:00,-29.49
2018-06-22 00:00:00,-29.192
2018-06-21 23:45:00,-28.016
2018-06-21 23:30:00,-29.591
2018-06-21 23:15:00,-29.153
2018-06-21 23:00:00,-30.679
2018-06-21 22:45:00,-31.125
2018-06-21 22:30:00,-32.573
2018-06-21 22:15:00,-33.023
2018-06-21 22:00:00,-33.331
2018-06-21 21:45:00,-33.329
2018-06-21 21:30:00,-34.029
2018-06-21 21:15:00,-34.039
2018-06-21 21:00:00,-34.484
2018-06-21 20:45:00,-33.813
2018-06-21 20:30:00,-34.497
2018-06-21 20:15:00,-36.178
2018-06-21 20:00:00,-35.162
2018-06-21 19:45:00,-38.197
2018-06-21 19:30:00,-39.366
2018-06-21 19:15:00,-34.398
2018-06-21 19:00:00,-30.446
2018-06-21 18:45:00,-31.529
2018-06-21 18:30:00,-22.28
2018-06-21 18:15:00,-13.024
2018-06-21 18:00:00,-3.814
2018-06-21 17:45:00,-5.1
2018-06-21 17:30:00,-0.939
2018-06-21 17:15:00,-0.939
2018-06-21 17:00:00,-0.935
2018-06-21 16:45:00,-0.949
2018-06-21 16:30:00,-0.947
2018-06-21 16:15:00,-0.944
2018-06-21 16:00:00,-0.945
2018-06-21 15:45:00,-0.949
2018-06-21 15:30:00,-0.948
2018-06-21 15:15:00,-0.947
2018-06-21 15:00:00,-0.946
2018-06-21 14:45:00,-0.947
2018-06-21 14:30:00,-0.947
2018-06-21 14:15:00,-0.946
2018-06-21 14:00:00,-0.945
2018-06-21 13:45:00,-0.945
2018-06-21 13:30:00,-0.915
2018-06-21 13:15:00,72.062
2018-06-21 13:00:00,137.913
2018-06-21 12:45:00,137.465
2018-06-21 12:30:00,128.875
2018-06-21 12:15:00,124.258
2018-06-21 12:00:00,126.932
2018-06-21 11:45:00,122.599
2018-06-21 11:30:00,118.227
2018-06-21 11:15:00,115.455
2018-06-21 11:00:00,129.172
2018-06-21 10:45:00,124.796
2018-06-21 10:30:00,111.884
2018-06-21 10:15:00,92.948
2018-06-21 10:00:00,90.928
2018-06-21 09:45:00,72.785
2018-06-21 09:30:00,11.57
2018-06-21 09:15:00,-0.96
2018-06-21 09:00:00,-3.979
2018-06-21 08:45:00,-12.146
2018-06-21 08:30:00,-20.772
2018-06-21 08:15:00,-24.362
2018-06-21 08:00:00,-20.533
2018-06-21 07:45:00,-15.02
2018-06-21 07:30:00,-11.413
2018-06-21 07:15:00,-1.193
2018-06-21 07:00:00,-7.711
2018-06-21 06:45:00,-18.462
2018-06-21 06:30:00,-18.641
2018-06-21 06:15:00,-21.196
2018-06-21 06:00:00,-23.893
2018-06-21 05:45:00,-24.552
2018-06-21 05:30:00,-27.454
2018-06-21 05:15:00,-29.622
2018-06-21 05:00:00,-28.658
2018-06-21 04:45:00,-18.01
2018-06-21 04:30:00,-22.711
2018-06-21 04:15:00,-20.605
2018-06-21 04:00:00,-21.865
2018-06-21 03:45:00,-21.28
2018-06-21 03:30:00,-23.094
2018-06-21 03:15:00,-22.618
2018-06-21 03:00:00,-23.282
2018-06-21 02:45:00,-23.21
2018-06-21 02:30:00,-24.531
2018-06-21 02:15:00,-22.526
2018-06-21 02:00:00,-23.695
2018-06-21 01:45:00,-23.21
2018-06-21 01:30:00,-26.69
2018-06-21 01:15:00,-25.261
2018-06-21 01:00:00,-27.534
2018-06-21 00:45:00,-26.017
2018-06-21 00:30:00,-28.145
2018-06-21 00:15:00,-27.26
2018-06-21 00:00:00,-27.383
2018-06-20 23:45:00,-26.389
2018-06-20 23:30:00,-27.588
2018-06-20 23:15:00,-28.138
2018-06-20 23:00:00,-27.558
2018-06-20 22:45:00,-27.786
2018-06-20 22:30:00,-29.182
2018-06-20 22:15:00,-28.26
2018-06-20 22:00:00,-29.525
2018-06-20 21:45:00,-28.267
2018-06-20 21:30:00,-29.937
2018-06-20 21:15:00,-28.484
2018-06-20 21:00:00,-29.728
2018-06-20 20:45:00,-30.332
2018-06-20 20:30:00,-32.641
2018-06-20 20:15:00,-35.347
2018-06-20 20:00:00,-35.672
2018-06-20 19:45:00,-34.656
2018-06-20 19:30:00,-30.982
2018-06-20 19:15:00,-25.829
2018-06-20 19:00:00,-21.264
2018-06-20 18:45:00,-16.557
2018-06-20 18:30:00,-25.557
2018-06-20 18:15:00,-26.161
2018-06-20 18:00:00,-9.174
2018-06-20 17:45:00,-3.164
2018-06-20 17:30:00,-1.651
2018-06-20 17:15:00,-0.941
2018-06-20 17:00:00,-0.942
2018-06-20 16:45:00,-0.939
2018-06-20 16:30:00,-0.937
2018-06-20 16:15:00,-0.943
2018-06-20 16:00:00,-0.939
2018-06-20 15:45:00,-0.937
2018-06-20 15:30:00,-0.935
2018-06-20 15:15:00,-0.931
2018-06-20 15:00:00,31.556
2018-06-20 14:45:00,131.643
2018-06-20 14:30:00,121.155
2018-06-20 14:15:00,112.811
2018-06-20 14:00:00,116.057
2018-06-20 13:45:00,125.291
2018-06-20 13:30:00,124.859
2018-06-20 13:15:00,129.425
2018-06-20 13:00:00,135.966
2018-06-20 12:45:00,136.932
2018-06-20 12:30:00,133.989
2018-06-20 12:15:00,131.481
2018-06-20 12:00:00,130.837
2018-06-20 11:45:00,86.015
2018-06-20 11:30:00,46.192
2018-06-20 11:15:00,18.126
2018-06-20 11:00:00,21.038
2018-06-20 10:45:00,13.827
2018-06-20 10:30:00,4.442
2018-06-20 10:15:00,-0.946
2018-06-20 10:00:00,-0.945
2018-06-20 09:45:00,-0.944
2018-06-20 09:30:00,-0.939
2018-06-20 09:15:00,-0.939
2018-06-20 09:00:00,-0.999
2018-06-20 08:45:00,-16.545
2018-06-20 08:30:00,-23.406
2018-06-20 08:15:00,-25.465
2018-06-20 08:00:00,-25.426
2018-06-20 07:45:00,-26.306
2018-06-20 07:30:00,-26.378
2018-06-20 07:15:00,-15.623
2018-06-20 07:00:00,-17.359
2018-06-20 06:45:00,-26.289
2018-06-20 06:30:00,-22.178
2018-06-20 06:15:00,-21.244
2018-06-20 06:00:00,-24.525
2018-06-20 05:45:00,-27.429
2018-06-20 05:30:00,-30.788
2018-06-20 05:15:00,-28.254
2018-06-20 05:00:00,-20.054
2018-06-20 04:45:00,-19.512
2018-06-20 04:30:00,-21.745
2018-06-20 04:15:00,-21.097
2018-06-20 04:00:00,-21.849
2018-06-20 03:45:00,-20.747
2018-06-20 03:30:00,-22.538
2018-06-20 03:15:00,-21.039
2018-06-20 03:00:00,-23.874
2018-06-20 02:45:00,-21.558
2018-06-20 02:30:00,-23.726
2018-06-20 02:15:00,-21.672
2018-06-20 02:00:00,-23.321
2018-06-20 01:45:00,-22.634
2018-06-20 01:30:00,-25.386
2018-06-20 01:15:00,-24.283
2018-06-20 01:00:00,-26.362
2018-06-20 00:45:00,-25.021
2018-06-20 00:30:00,-27.799
2018-06-20 00:15:00,-25.912
2018-06-20 00:00:00,-26.87
2018-06-19 23:45:00,-26.898
2018-06-19 23:30:00,-29.386
2018-06-19 23:15:00,-28.844
2018-06-19 23:00:00,-30.076
2018-06-19 22:45:00,-30.211
2018-06-19 22:30:00,-30.277
2018-06-19 22:15:00,-30.651
2018-06-19 22:00:00,-31.959
2018-06-19 21:45:00,-31.473
2018-06-19 21:30:00,-32.836
2018-06-19 21:15:00,-31.684
2018-06-19 21:00:00,-33.258
2018-06-19 20:45:00,-32.621
2018-06-19 20:30:00,-36.095
2018-06-19 20:15:00,-35.606
2018-06-19 20:00:00,-37.296
2018-06-19 19:45:00,-34.623
2018-06-19 19:30:00,-35.294
2018-06-19 19:15:00,-28.68
2018-06-19 19:00:00,-21.855
2018-06-19 18:45:00,-10.406
2018-06-19 18:30:00,-2.756
2018-06-19 18:15:00,-7.324
2018-06-19 18:00:00,-4.192
2018-06-19 17:45:00,-1.026
2018-06-19 17:30:00,-2.333
2018-06-19 17:15:00,-0.946
2018-06-19 17:00:00,-0.945
2018-06-19 16:45:00,-0.943
2018-06-19 16:30:00,-0.943
2018-06-19 16:15:00,-0.947
2018-06-19 16:00:00,-0.944
2018-06-19 15:45:00,-0.947
2018-06-19 15:30:00,-0.947
2018-06-19 15:15:00,-0.946
2018-06-19 15:00:00,-0.946
2018-06-19 14:45:00,-0.945
2018-06-19 14:30:00,-0.943
2018-06-19 14:15:00,-0.942
2018-06-19 14:00:00,-0.934
2018-06-19 13:45:00,18.096
2018-06-19 13:30:00,150.336
2018-06-19 13:15:00,142.83
2018-06-19 13:00:00,136.714
2018-06-19 12:45:00,138.001
2018-06-19 12:30:00,137.503
2018-06-19 12:15:00,139.61
2018-06-19 12:00:00,147.0
2018-06-19 11:45:00,145.385
2018-06-19 11:30:00,144.708
2018-06-19 11:15:00,109.755
2018-06-19 11:00:00,90.784
2018-06-19 10:45:00,75.151
2018-06-19 10:30:00,38.626
2018-06-19 10:15:00,34.554
2018-06-19 10:00:00,23.192
2018-06-19 09:45:00,7.153
2018-06-19 09:30:00,1.85
2018-06-19 09:15:00,-1.067
2018-06-19 09:00:00,-3.254
2018-06-19 08:45:00,-12.297
2018-06-19 08:30:00,-20.112
2018-06-19 08:15:00,-13.678
2018-06-19 08:00:00,-1.601
2018-06-19 07:45:00,0.543
2018-06-19 07:30:00,1.03
2018-06-19 07:15:00,-1.181
2018-06-19 07:00:00,-1.641
2018-06-19 06:45:00,-2.367
2018-06-19 06:30:00,-5.95
2018-06-19 06:15:00,-4.717
2018-06-19 06:00:00,-5.967
2018-06-19 05:45:00,-4.902
2018-06-19 05:30:00,-8.26
2018-06-19 05:15:00,-11.109
2018-06-19 05:00:00,-20.158
2018-06-19 04:45:00,-8.372
2018-06-19 04:30:00,-14.771
2018-06-19 04:15:00,-19.754
2018-06-19 04:00:00,-18.037
2018-06-19 03:45:00,-19.418
2018-06-19 03:30:00,-19.575
2018-06-19 03:15:00,-19.5
2018-06-19 03:00:00,-18.196
2018-06-19 02:45:00,-19.702
2018-06-19 02:30:00,-19.733
2018-06-19 02:15:00,-20.824
2018-06-19 02:00:00,-21.454
2018-06-19 01:45:00,-24.355
2018-06-19 01:30:00,-24.973
2018-06-19 01:15:00,-26.039
2018-06-19 01:00:00,-26.91
2018-06-19 00:45:00,-27.139
2018-06-19 00:30:00,-29.085
2018-06-19 00:15:00,-26.987
2018-06-19 00:00:00,-28.411
2018-06-18 23:45:00,-28.591
2018-06-18 23:30:00,-29.22
2018-06-18 23:15:00,-29.413
2018-06-18 23:00:00,-29.362
2018-06-18 22:45:00,-31.23
2018-06-18 22:30:00,-31.011
2018-06-18 22:15:00,-33.106
2018-06-18 22:00:00,-32.966
2018-06-18 21:45:00,-34.308
2018-06-18 21:30:00,-34.836
2018-06-18 21:15:00,-35.622
2018-06-18 21:00:00,-35.9
2018-06-18 20:45:00,-38.461
2018-06-18 20:30:00,-38.03
2018-06-18 20:15:00,-41.732
2018-06-18 20:00:00,-41.249
2018-06-18 19:45:00,-42.605
2018-06-18 19:30:00,-40.714
2018-06-18 19:15:00,-41.273
2018-06-18 19:00:00,-34.235
2018-06-18 18:45:00,-26.876
2018-06-18 18:30:00,-14.964
2018-06-18 18:15:00,-7.971
2018-06-18 18:00:00,-7.63
2018-06-18 17:45:00,-1.277
2018-06-18 17:30:00,-5.267
2018-06-18 17:15:00,1.401
2018-06-18 17:00:00,-0.79
2018-06-18 16:45:00,-1.313
2018-06-18 16:30:00,3.537
2018-06-18 16:15:00,2.253
2018-06-18 16:00:00,-1.099
2018-06-18 15:45:00,2.166
2018-06-18 15:30:00,-1.638
2018-06-18 15:15:00,1.014
2018-06-18 15:00:00,0.238
2018-06-18 14:45:00,-0.93
2018-06-18 14:30:00,0.442
2018-06-18 14:15:00,0.089
2018-06-18 14:00:00,0.315
2018-06-18 13:45:00,1.345
2018-06-18 13:30:00,1.892
2018-06-18 13:15:00,6.546
2018-06-18 13:00:00,33.524
2018-06-18 12:45:00,132.269
2018-06-18 12:30:00,129.151
2018-06-18 12:15:00,125.04
2018-06-18 12:00:00,130.678
2018-06-18 11:45:00,128.83
2018-06-18 11:30:00,125.296
2018-06-18 11:15:00,101.736
2018-06-18 11:00:00,77.958
2018-06-18 10:45:00,143.182
2018-06-18 10:30:00,110.04
2018-06-18 10:15:00,109.839
2018-06-18 10:00:00,114.48
2018-06-18 09:45:00,55.337
2018-06-18 09:30:00,39.785
2018-06-18 09:15:00,19.086
2018-06-18 09:00:00,13.48
2018-06-18 08:45:00,-2.4
2018-06-18 08:30:00,-11.548
2018-06-18 08:15:00,-4.898
2018-06-18 08:00:00,-4.928
2018-06-18 07:45:00,-6.329
2018-06-18 07:30:00,-2.544
2018-06-18 07:15:00,-19.512
2018-06-18 07:00:00,-12.364
2018-06-18 06:45:00,-10.838
2018-06-18 06:30:00,-17.984
2018-06-18 06:15:00,-26.174
2018-06-18 06:00:00,-31.035
2018-06-18 05:45:00,-36.958
2018-06-18 05:30:00,-37.93
2018-06-18 05:15:00,-38.48
2018-06-18 05:00:00,-29.812
2018-06-18 04:45:00,-21.378
2018-06-18 04:30:00,-21.853
2018-06-18 04:15:00,-21.983
2018-06-18 04:00:00,-22.09
2018-06-18 03:45:00,-21.504
2018-06-18 03:30:00,-22.931
2018-06-18 03:15:00,-22.259
2018-06-18 03:00:00,-20.495
2018-06-18 02:45:00,-21.772
2018-06-18 02:30:00,-21.529
2018-06-18 02:15:00,-23.246
2018-06-18 02:00:00,-21.971
2018-06-18 01:45:00,-22.416
2018-06-18 01:30:00,-22.543
2018-06-18 01:15:00,-23.306
2018-06-18 01:00:00,-22.367
2018-06-18 00:45:00,-22.894
2018-06-18 00:30:00,-21.286
2018-06-18 00:15:00,-22.724
2018-06-18 00:00:00,-23.614
2018-06-17 23:45:00,-22.272
2018-06-17 23:30:00,-23.881
2018-06-17 23:15:00,-23.008
2018-06-17 23:00:00,-26.249
2018-06-17 22:45:00,-40.818
2018-06-17 22:30:00,-42.867
2018-06-17 22:15:00,-25.968
2018-06-17 22:00:00,-26.68
2018-06-17 21:45:00,-27.834
2018-06-17 21:30:00,-28.308
2018-06-17 21:15:00,-28.756
2018-06-17 21:00:00,-28.289
2018-06-17 20:45:00,-28.278
2018-06-17 20:30:00,-28.494
2018-06-17 20:15:00,-29.235
2018-06-17 20:00:00,-29.847
2018-06-17 19:45:00,-28.165
2018-06-17 19:30:00,-28.416
2018-06-17 19:15:00,-26.039
2018-06-17 19:00:00,-22.304
2018-06-17 18:45:00,-21.682
2018-06-17 18:30:00,-21.95
2018-06-17 18:15:00,-6.578
2018-06-17 18:00:00,-0.93
2018-06-17 17:45:00,-0.93
2018-06-17 17:30:00,-0.93
2018-06-17 17:15:00,-0.928
2018-06-17 17:00:00,-0.922
2018-06-17 16:45:00,-0.923
2018-06-17 16:30:00,-0.923
2018-06-17 16:15:00,-0.922
2018-06-17 16:00:00,-0.923
2018-06-17 15:45:00,-0.925
2018-06-17 15:30:00,-0.924
2018-06-17 15:15:00,-0.92
2018-06-17 15:00:00,-0.922
2018-06-17 14:45:00,-0.923
2018-06-17 14:30:00,-0.922
2018-06-17 14:15:00,-0.92
2018-06-17 14:00:00,-0.916
2018-06-17 13:45:00,-0.915
2018-06-17 13:30:00,35.656
2018-06-17 13:15:00,126.383
2018-06-17 13:00:00,138.927
2018-06-17 12:45:00,111.446
2018-06-17 12:30:00,91.509
2018-06-17 12:15:00,78.055
2018-06-17 12:00:00,66.028
2018-06-17 11:45:00,76.66
2018-06-17 11:30:00,75.111
2018-06-17 11:15:00,73.494
2018-06-17 11:00:00,77.013
2018-06-17 10:45:00,61.917
2018-06-17 10:30:00,40.867
2018-06-17 10:15:00,49.389
2018-06-17 10:00:00,42.985
2018-06-17 09:45:00,36.088
2018-06-17 09:30:00,35.358
2018-06-17 09:15:00,28.692
2018-06-17 09:00:00,42.897
2018-06-17 08:45:00,43.955
2018-06-17 08:30:00,41.727
2018-06-17 08:15:00,40.147
2018-06-17 08:00:00,28.754
2018-06-17 07:45:00,21.499
2018-06-17 07:30:00,15.244
2018-06-17 07:15:00,5.617
2018-06-17 07:00:00,-1.346
2018-06-17 06:45:00,-3.415
2018-06-17 06:30:00,-5.058
2018-06-17 06:15:00,-7.745
2018-06-17 06:00:00,-9.894
2018-06-17 05:45:00,-10.489
2018-06-17 05:30:00,-9.76
2018-06-17 05:15:00,-11.141
2018-06-17 05:00:00,-13.495
2018-06-17 04:45:00,-12.616
2018-06-17 04:30:00,-20.993
2018-06-17 04:15:00,-21.81
2018-06-17 04:00:00,-23.886
2018-06-17 03:45:00,-22.78
2018-06-17 03:30:00,-23.431
2018-06-17 03:15:00,-23.046
2018-06-17 03:00:00,-24.787
2018-06-17 02:45:00,-23.037
2018-06-17 02:30:00,-25.012
2018-06-17 02:15:00,-23.956
2018-06-17 02:00:00,-24.65
2018-06-17 01:45:00,-24.997
2018-06-17 01:30:00,-24.314
2018-06-17 01:15:00,-25.117
2018-06-17 01:00:00,-25.032
2018-06-17 00:45:00,-25.979
2018-06-17 00:30:00,-25.143
2018-06-17 00:15:00,-24.621
2018-06-17 00:00:00,-26.129
2018-06-16 23:45:00,-25.699
2018-06-16 23:30:00,-27.191
2018-06-16 23:15:00,-26.709
2018-06-16 23:00:00,-27.589
2018-06-16 22:45:00,-25.659
2018-06-16 22:30:00,-28.089
2018-06-16 22:15:00,-27.014
2018-06-16 22:00:00,-28.82
2018-06-16 21:45:00,-27.952
2018-06-16 21:30:00,-28.897
2018-06-16 21:15:00,-29.607
2018-06-16 21:00:00,-31.892
2018-06-16 20:45:00,-31.462
2018-06-16 20:30:00,-33.325
2018-06-16 20:15:00,-33.154
2018-06-16 20:00:00,-33.851
2018-06-16 19:45:00,-34.198
2018-06-16 19:30:00,-35.144
2018-06-16 19:15:00,-34.675
2018-06-16 19:00:00,-37.202
2018-06-16 18:45:00,-31.345
2018-06-16 18:30:00,-28.476
2018-06-16 18:15:00,-27.674
2018-06-16 18:00:00,-25.024
2018-06-16 17:45:00,-17.421
2018-06-16 17:30:00,-16.014
2018-06-16 17:15:00,-5.119
2018-06-16 17:00:00,-4.566
2018-06-16 16:45:00,-0.926
2018-06-16 16:30:00,-4.601
2018-06-16 16:15:00,-1.113
2018-06-16 16:00:00,-0.932
2018-06-16 15:45:00,-0.932
2018-06-16 15:30:00,-0.936
2018-06-16 15:15:00,-0.937
2018-06-16 15:00:00,-0.935
2018-06-16 14:45:00,-0.932
2018-06-16 14:30:00,-0.931
2018-06-16 14:15:00,0.666
2018-06-16 14:00:00,124.253
2018-06-16 13:45:00,148.878
2018-06-16 13:30:00,161.132
2018-06-16 13:15:00,155.769
2018-06-16 13:00:00,83.38
2018-06-16 12:45:00,79.973
2018-06-16 12:30:00,54.226
2018-06-16 12:15:00,52.251
2018-06-16 12:00:00,56.408
2018-06-16 11:45:00,58.933
2018-06-16 11:30:00,54.229
2018-06-16 11:15:00,71.505
2018-06-16 11:00:00,67.715
2018-06-16 10:45:00,74.314
2018-06-16 10:30:00,85.464
2018-06-16 10:15:00,47.708
2018-06-16 10:00:00,43.592
2018-06-16 09:45:00,52.914
2018-06-16 09:30:00,38.104
2018-06-16 09:15:00,61.004
2018-06-16 09:00:00,47.975
2018-06-16 08:45:00,12.723
2018-06-16 08:30:00,13.045
2018-06-16 08:15:00,11.68
2018-06-16 08:00:00,0.246
2018-06-16 07:45:00,-0.406
2018-06-16 07:30:00,-3.975
2018-06-16 07:15:00,-11.075
2018-06-16 07:00:00,-20.238
2018-06-16 06:45:00,-18.34
2018-06-16 06:30:00,-20.114
2018-06-16 06:15:00,-12.706
2018-06-16 06:00:00,-30.143
2018-06-16 05:45:00,-19.211
2018-06-16 05:30:00,-20.337
2018-06-16 05:15:00,-20.109
2018-06-16 05:00:00,-21.509
2018-06-16 04:45:00,-20.213
2018-06-16 04:30:00,-21.567
2018-06-16 04:15:00,-20.225
2018-06-16 04:00:00,-21.847
2018-06-16 03:45:00,-21.732
2018-06-16 03:30:00,-23.212
2018-06-16 03:15:00,-22.323
2018-06-16 03:00:00,-23.424
2018-06-16 02:45:00,-22.231
2018-06-16 02:30:00,-22.641
2018-06-16 02:15:00,-22.066
2018-06-16 02:00:00,-23.412
2018-06-16 01:45:00,-21.955
2018-06-16 01:30:00,-23.759
2018-06-16 01:15:00,-23.625
2018-06-16 01:00:00,-26.0
2018-06-16 00:45:00,-33.844
2018-06-16 00:30:00,-27.096
2018-06-16 00:15:00,-22.174
2018-06-16 00:00:00,-24.898
2018-06-15 23:45:00,-24.379
2018-06-15 23:30:00,-27.421
2018-06-15 23:15:00,-36.615
2018-06-15 23:00:00,-27.428
2018-06-15 22:45:00,-23.586
2018-06-15 22:30:00,-25.617
2018-06-15 22:15:00,-32.942
2018-06-15 22:00:00,-39.218
2018-06-15 21:45:00,-24.912
2018-06-15 21:30:00,-25.934
2018-06-15 21:15:00,-34.436
2018-06-15 21:00:00,-41.992
2018-06-15 20:45:00,-40.827
2018-06-15 20:30:00,-41.953
2018-06-15 20:15:00,-46.515
2018-06-15 20:00:00,-47.897
2018-06-15 19:45:00,-47.513
2018-06-15 19:30:00,-44.701
2018-06-15 19:15:00,-39.318
2018-06-15 19:00:00,-31.869
2018-06-15 18:45:00,-23.49
2018-06-15 18:30:00,-1.399
2018-06-15 18:15:00,-8.799
2018-06-15 18:00:00,-9.246
2018-06-15 17:45:00,-2.748
2018-06-15 17:30:00,-0.941
2018-06-15 17:15:00,-0.939
2018-06-15 17:00:00,-0.947
2018-06-15 16:45:00,-0.946
2018-06-15 16:30:00,-0.942
2018-06-15 16:15:00,-0.942
2018-06-15 16:00:00,-0.943
2018-06-15 15:45:00,-0.946
2018-06-15 15:30:00,-0.942
2018-06-15 15:15:00,-0.934
2018-06-15 15:00:00,-0.933
2018-06-15 14:45:00,-0.932
2018-06-15 14:30:00,-0.916
2018-06-15 14:15:00,66.196
2018-06-15 14:00:00,98.527
2018-06-15 13:45:00,-9.394
2018-06-15 13:30:00,99.493
2018-06-15 13:15:00,94.71
2018-06-15 13:00:00,24.198
2018-06-15 12:45:00,98.151
2018-06-15 12:30:00,93.193
2018-06-15 12:15:00,108.271
2018-06-15 12:00:00,112.524
2018-06-15 11:45:00,73.191
2018-06-15 11:30:00,97.541
2018-06-15 11:15:00,79.164
2018-06-15 11:00:00,92.264
2018-06-15 10:45:00,105.132
2018-06-15 10:30:00,93.973
2018-06-15 10:15:00,70.757
2018-06-15 10:00:00,64.691
2018-06-15 09:45:00,61.633
2018-06-15 09:30:00,63.929
2018-06-15 09:15:00,65.007
2018-06-15 09:00:00,44.937
2018-06-15 08:45:00,21.097
2018-06-15 08:30:00,-5.618
2018-06-15 08:15:00,-24.547
2018-06-15 08:00:00,-32.738
2018-06-15 07:45:00,-37.57
2018-06-15 07:30:00,-6.085
2018-06-15 07:15:00,-5.146
2018-06-15 07:00:00,-6.172
2018-06-15 06:45:00,-7.332
2018-06-15 06:30:00,-16.564
2018-06-15 06:15:00,-23.727
2018-06-15 06:00:00,-27.127
2018-06-15 05:45:00,-31.449
2018-06-15 05:30:00,-30.079
2018-06-15 05:15:00,-30.796
2018-06-15 05:00:00,-18.304
2018-06-15 04:45:00,-18.977
2018-06-15 04:30:00,-17.956
2018-06-15 04:15:00,-20.008
2018-06-15 04:00:00,-18.222
2018-06-15 03:45:00,-19.656
2018-06-15 03:30:00,-18.729
2018-06-15 03:15:00,-20.738
2018-06-15 03:00:00,-19.603
2018-06-15 02:45:00,-20.572
2018-06-15 02:30:00,-17.875
2018-06-15 02:15:00,-20.598
2018-06-15 02:00:00,-19.113
2018-06-15 01:45:00,-19.996
2018-06-15 01:30:00,-19.582
2018-06-15 01:15:00,-32.808
2018-06-15 01:00:00,-21.087
2018-06-15 00:45:00,-22.247
2018-06-15 00:30:00,-19.216
2018-06-15 00:15:00,-21.762
2018-06-15 00:00:00,-21.924
2018-06-14 23:45:00,-32.139
2018-06-14 23:30:00,-20.477
2018-06-14 23:15:00,-22.113
2018-06-14 23:00:00,-20.566
2018-06-14 22:45:00,-33.63
2018-06-14 22:30:00,-29.661
2018-06-14 22:15:00,-22.684
2018-06-14 22:00:00,-22.219
2018-06-14 21:45:00,-36.572
2018-06-14 21:30:00,-36.069
2018-06-14 21:15:00,-38.866
2018-06-14 21:00:00,-38.497
2018-06-14 20:45:00,-39.736
2018-06-14 20:30:00,-38.416
2018-06-14 20:15:00,-42.318
2018-06-14 20:00:00,-42.853
2018-06-14 19:45:00,-42.909
2018-06-14 19:30:00,-44.982
2018-06-14 19:15:00,-37.512
2018-06-14 19:00:00,-31.318
2018-06-14 18:45:00,-29.664
2018-06-14 18:30:00,-16.663
2018-06-14 18:15:00,-0.944
2018-06-14 18:00:00,-2.095
2018-06-14 17:45:00,-9.071
2018-06-14 17:30:00,-27.58
2018-06-14 17:15:00,-2.15
2018-06-14 17:00:00,-0.955
2018-06-14 16:45:00,-0.956
2018-06-14 16:30:00,-0.955
2018-06-14 16:15:00,-0.954
2018-06-14 16:00:00,-0.955
2018-06-14 15:45:00,-0.953
2018-06-14 15:30:00,-0.954
2018-06-14 15:15:00,-0.953
2018-06-14 15:00:00,-0.954
2018-06-14 14:45:00,-0.954
2018-06-14 14:30:00,-0.954
2018-06-14 14:15:00,-0.949
2018-06-14 14:00:00,-0.944
2018-06-14 13:45:00,-0.947
2018-06-14 13:30:00,-0.947
2018-06-14 13:15:00,-0.946
2018-06-14 13:00:00,-0.946
2018-06-14 12:45:00,-0.916
2018-06-14 12:30:00,70.989
2018-06-14 12:15:00,126.904
2018-06-14 12:00:00,122.79
2018-06-14 11:45:00,123.453
2018-06-14 11:30:00,117.568
2018-06-14 11:15:00,110.996
2018-06-14 11:00:00,121.898
2018-06-14 10:45:00,117.856
2018-06-14 10:30:00,112.768
2018-06-14 10:15:00,100.364
2018-06-14 10:00:00,97.687
2018-06-14 09:45:00,89.611
2018-06-14 09:30:00,78.429
2018-06-14 09:15:00,67.082
2018-06-14 09:00:00,54.392
2018-06-14 08:45:00,41.593
2018-06-14 08:30:00,29.095
2018-06-14 08:15:00,2.174
2018-06-14 08:00:00,-1.808
2018-06-14 07:45:00,-1.967
2018-06-14 07:30:00,-10.002
2018-06-14 07:15:00,-11.304
2018-06-14 07:00:00,-4.232
2018-06-14 06:45:00,-6.167
2018-06-14 06:30:00,-24.774
2018-06-14 06:15:00,-33.155
2018-06-14 06:00:00,-33.809
2018-06-14 05:45:00,-32.843
2018-06-14 05:30:00,-33.415
2018-06-14 05:15:00,-32.536
2018-06-14 05:00:00,-15.486
2018-06-14 04:45:00,-16.486
2018-06-14 04:30:00,-16.464
2018-06-14 04:15:00,-15.611
2018-06-14 04:00:00,-15.916
2018-06-14 03:45:00,-16.899
2018-06-14 03:30:00,-15.554
2018-06-14 03:15:00,-16.673
2018-06-14 03:00:00,-16.039
2018-06-14 02:45:00,-16.876
2018-06-14 02:30:00,-18.427
2018-06-14 02:15:00,-17.267
2018-06-14 02:00:00,-17.238
2018-06-14 01:45:00,-18.653
2018-06-14 01:30:00,-17.569
2018-06-14 01:15:00,-18.813
2018-06-14 01:00:00,-17.311
2018-06-14 00:45:00,-17.537
2018-06-14 00:30:00,-17.221
2018-06-14 00:15:00,-18.521
2018-06-14 00:00:00,-18.701
2018-06-13 23:45:00,-18.408
2018-06-13 23:30:00,-18.252
2018-06-13 23:15:00,-29.807
2018-06-13 23:00:00,-19.13
2018-06-13 22:45:00,-18.907
2018-06-13 22:30:00,-18.218
2018-06-13 22:15:00,-19.629
2018-06-13 22:00:00,-20.952
2018-06-13 21:45:00,-32.845
2018-06-13 21:30:00,-25.446
2018-06-13 21:15:00,-26.389
2018-06-13 21:00:00,-29.209
2018-06-13 20:45:00,-42.019
2018-06-13 20:30:00,-39.276
2018-06-13 20:15:00,-46.094
2018-06-13 20:00:00,-45.921
2018-06-13 19:45:00,-47.135
2018-06-13 19:30:00,-50.635
2018-06-13 19:15:00,-44.7
2018-06-13 19:00:00,-46.285
2018-06-13 18:45:00,-34.018
2018-06-13 18:30:00,-25.409
2018-06-13 18:15:00,-6.765
2018-06-13 18:00:00,-16.291
2018-06-13 17:45:00,-1.88
2018-06-13 17:30:00,-0.944
2018-06-13 17:15:00,-0.95
2018-06-13 17:00:00,-0.95
2018-06-13 16:45:00,-0.95
2018-06-13 16:30:00,-0.949
2018-06-13 16:15:00,-0.948
2018-06-13 16:00:00,-0.951
2018-06-13 15:45:00,-0.951
2018-06-13 15:30:00,-0.951
2018-06-13 15:15:00,-0.95
2018-06-13 15:00:00,-0.95
2018-06-13 14:45:00,-0.948
2018-06-13 14:30:00,-0.949
2018-06-13 14:15:00,-0.948
2018-06-13 14:00:00,-0.946
2018-06-13 13:45:00,-0.942
2018-06-13 13:30:00,-0.944
2018-06-13 13:15:00,-0.943
2018-06-13 13:00:00,-0.927
2018-06-13 12:45:00,59.781
2018-06-13 12:30:00,115.35
2018-06-13 12:15:00,112.991
2018-06-13 12:00:00,118.853
2018-06-13 11:45:00,114.419
2018-06-13 11:30:00,111.904
2018-06-13 11:15:00,104.289
2018-06-13 11:00:00,116.537
2018-06-13 10:45:00,107.502
2018-06-13 10:30:00,106.176
2018-06-13 10:15:00,109.149
2018-06-13 10:00:00,104.734
2018-06-13 09:45:00,91.758
2018-06-13 09:30:00,76.017
2018-06-13 09:15:00,63.962
2018-06-13 09:00:00,51.803
2018-06-13 08:45:00,44.728
2018-06-13 08:30:00,22.523
2018-06-13 08:15:00,2.828
2018-06-13 08:00:00,-6.611
2018-06-13 07:45:00,-7.148
2018-06-13 07:30:00,-5.63
2018-06-13 07:15:00,-6.051
2018-06-13 07:00:00,-1.431
2018-06-13 06:45:00,-3.539
2018-06-13 06:30:00,-8.094
2018-06-13 06:15:00,-17.083
2018-06-13 06:00:00,-24.244
2018-06-13 05:45:00,-27.445
2018-06-13 05:30:00,-30.475
2018-06-13 05:15:00,-37.393
2018-06-13 05:00:00,-21.584
2018-06-13 04:45:00,-21.72
2018-06-13 04:30:00,-21.716
2018-06-13 04:15:00,-20.92
2018-06-13 04:00:00,-22.517
2018-06-13 03:45:00,-23.076
2018-06-13 03:30:00,-22.728
2018-06-13 03:15:00,-22.918
2018-06-13 03:00:00,-22.374
2018-06-13 02:45:00,-22.013
2018-06-13 02:30:00,-23.246
2018-06-13 02:15:00,-23.146
2018-06-13 02:00:00,-23.146
2018-06-13 01:45:00,-24.703
2018-06-13 01:30:00,-23.225
2018-06-13 01:15:00,-23.526
2018-06-13 01:00:00,-24.072
2018-06-13 00:45:00,-24.49
2018-06-13 00:30:00,-22.935
2018-06-13 00:15:00,-25.719
2018-06-13 00:00:00,-24.587
2018-06-12 23:45:00,-25.57
2018-06-12 23:30:00,-24.457
2018-06-12 23:15:00,-26.272
2018-06-12 23:00:00,-25.081
2018-06-12 22:45:00,-25.942
2018-06-12 22:30:00,-25.681
2018-06-12 22:15:00,-34.486
2018-06-12 22:00:00,-31.102
2018-06-12 21:45:00,-27.303
2018-06-12 21:30:00,-27.162
2018-06-12 21:15:00,-27.187
2018-06-12 21:00:00,-39.544
2018-06-12 20:45:00,-31.237
2018-06-12 20:30:00,-28.809
2018-06-12 20:15:00,-34.938
2018-06-12 20:00:00,-45.007
2018-06-12 19:45:00,-43.129
2018-06-12 19:30:00,-43.124
2018-06-12 19:15:00,-40.205
2018-06-12 19:00:00,-37.675
2018-06-12 18:45:00,-32.569
2018-06-12 18:30:00,-17.669
2018-06-12 18:15:00,-5.039
2018-06-12 18:00:00,-2.536
2018-06-12 17:45:00,-1.043
2018-06-12 17:30:00,-0.949
2018-06-12 17:15:00,-1.555
2018-06-12 17:00:00,-1.892
2018-06-12 16:45:00,-0.953
2018-06-12 16:30:00,-0.953
2018-06-12 16:15:00,-0.953
2018-06-12 16:00:00,-0.949
2018-06-12 15:45:00,-0.947
2018-06-12 15:30:00,-0.948
2018-06-12 15:15:00,-0.952
2018-06-12 15:00:00,-0.951
2018-06-12 14:45:00,-0.948
2018-06-12 14:30:00,-0.948
2018-06-12 14:15:00,-0.946
2018-06-12 14:00:00,-0.943
2018-06-12 13:45:00,-0.945
2018-06-12 13:30:00,-0.948
2018-06-12 13:15:00,-0.942
2018-06-12 13:00:00,-0.938
2018-06-12 12:45:00,-0.934
2018-06-12 12:30:00,-0.936
2018-06-12 12:15:00,-0.933
2018-06-12 12:00:00,-0.932
2018-06-12 11:45:00,49.133
2018-06-12 11:30:00,95.818
2018-06-12 11:15:00,86.514
2018-06-12 11:00:00,100.643
2018-06-12 10:45:00,89.797
2018-06-12 10:30:00,86.252
2018-06-12 10:15:00,75.723
2018-06-12 10:00:00,66.889
2018-06-12 09:45:00,62.626
2018-06-12 09:30:00,49.47
2018-06-12 09:15:00,52.453
2018-06-12 09:00:00,42.295
2018-06-12 08:45:00,27.695
2018-06-12 08:30:00,10.744
2018-06-12 08:15:00,-6.426
2018-06-12 08:00:00,-4.528
2018-06-12 07:45:00,-1.747
2018-06-12 07:30:00,-1.676
2018-06-12 07:15:00,-2.012
2018-06-12 07:00:00,-8.243
2018-06-12 06:45:00,-13.604
2018-06-12 06:30:00,-18.283
2018-06-12 06:15:00,-21.087
2018-06-12 06:00:00,-23.052
2018-06-12 05:45:00,-21.685
2018-06-12 05:30:00,-20.057
2018-06-12 05:15:00,-18.786
2018-06-12 05:00:00,-1.679
2018-06-12 04:45:00,-2.456
2018-06-12 04:30:00,-1.835
2018-06-12 04:15:00,-2.308
2018-06-12 04:00:00,-1.859
2018-06-12 03:45:00,-2.522
2018-06-12 03:30:00,-2.349
2018-06-12 03:15:00,-2.348
2018-06-12 03:00:00,-2.264
2018-06-12 02:45:00,-2.34
2018-06-12 02:30:00,-2.648
2018-06-12 02:15:00,-2.48
2018-06-12 02:00:00,-3.917
2018-06-12 01:45:00,-3.791
2018-06-12 01:30:00,-4.728
2018-06-12 01:15:00,-5.872
2018-06-12 01:00:00,-7.634
2018-06-12 00:45:00,-4.668
2018-06-12 00:30:00,-6.98
2018-06-12 00:15:00,-7.277
2018-06-12 00:00:00,-7.295
2018-06-11 23:45:00,-7.578
2018-06-11 23:30:00,-6.676
2018-06-11 23:15:00,-6.761
2018-06-11 23:00:00,-7.114
2018-06-11 22:45:00,-7.776
2018-06-11 22:30:00,-18.654
2018-06-11 22:15:00,-11.049
2018-06-11 22:00:00,-6.967
2018-06-11 21:45:00,-7.672
2018-06-11 21:30:00,-7.301
2018-06-11 21:15:00,-24.444
2018-06-11 21:00:00,-16.337
2018-06-11 20:45:00,-8.598
2018-06-11 20:30:00,-9.127
2018-06-11 20:15:00,-26.143
2018-06-11 20:00:00,-25.126
2018-06-11 19:45:00,-26.78
2018-06-11 19:30:00,-30.315
2018-06-11 19:15:00,-43.374
2018-06-11 19:00:00,-53.399
2018-06-11 18:45:00,-47.425
2018-06-11 18:30:00,-39.509
2018-06-11 18:15:00,-31.35
2018-06-11 18:00:00,-11.457
2018-06-11 17:45:00,-0.95
2018-06-11 17:30:00,-0.956
2018-06-11 17:15:00,-0.957
2018-06-11 17:00:00,-0.955
2018-06-11 16:45:00,-0.955
2018-06-11 16:30:00,-0.953
2018-06-11 16:15:00,-0.95
2018-06-11 16:00:00,-0.945
2018-06-11 15:45:00,-0.944
2018-06-11 15:30:00,-0.947
2018-06-11 15:15:00,-0.956
2018-06-11 15:00:00,-0.954
2018-06-11 14:45:00,-0.954
2018-06-11 14:30:00,-0.953
2018-06-11 14:15:00,-0.951
2018-06-11 14:00:00,-0.947
2018-06-11 13:45:00,-0.948
2018-06-11 13:30:00,-0.948
2018-06-11 13:15:00,-0.951
2018-06-11 13:00:00,-0.944
2018-06-11 12:45:00,-0.926
2018-06-11 12:30:00,-0.92
2018-06-11 12:15:00,61.575
2018-06-11 12:00:00,117.815
2018-06-11 11:45:00,118.742
2018-06-11 11:30:00,116.372
2018-06-11 11:15:00,113.251
2018-06-11 11:00:00,123.914
2018-06-11 10:45:00,116.25
2018-06-11 10:30:00,106.676
2018-06-11 10:15:00,101.834
2018-06-11 10:00:00,93.774
2018-06-11 09:45:00,88.778
2018-06-11 09:30:00,89.63
2018-06-11 09:15:00,80.857
2018-06-11 09:00:00,66.999
2018-06-11 08:45:00,32.644
2018-06-11 08:30:00,66.129
2018-06-11 08:15:00,20.176
2018-06-11 08:00:00,-1.355
2018-06-11 07:45:00,-2.723
2018-06-11 07:30:00,-5.633
2018-06-11 07:15:00,-22.916
2018-06-11 07:00:00,-48.024
2018-06-11 06:45:00,-39.662
2018-06-11 06:30:00,-32.003
2018-06-11 06:15:00,-35.353
2018-06-11 06:00:00,-33.982
2018-06-11 05:45:00,-36.694
2018-06-11 05:30:00,-34.617
2018-06-11 05:15:00,-30.738
2018-06-11 05:00:00,-16.986
2018-06-11 04:45:00,-17.483
2018-06-11 04:30:00,-17.081
2018-06-11 04:15:00,-16.311
2018-06-11 04:00:00,-18.66
2018-06-11 03:45:00,-17.201
2018-06-11 03:30:00,-18.642
2018-06-11 03:15:00,-19.197
2018-06-11 03:00:00,-18.632
2018-06-11 02:45:00,-18.717
2018-06-11 02:30:00,-17.896
2018-06-11 02:15:00,-20.813
2018-06-11 02:00:00,-18.768
2018-06-11 01:45:00,-20.217
2018-06-11 01:30:00,-20.119
2018-06-11 01:15:00,-22.656
2018-06-11 01:00:00,-20.409
2018-06-11 00:45:00,-19.958
2018-06-11 00:30:00,-21.048
2018-06-11 00:15:00,-20.862
2018-06-11 00:00:00,-20.704
2018-06-10 23:45:00,-21.611
2018-06-10 23:30:00,-20.249
2018-06-10 23:15:00,-24.327
2018-06-10 23:00:00,-40.443
2018-06-10 22:45:00,-40.486
2018-06-10 22:30:00,-20.607
2018-06-10 22:15:00,-22.535
2018-06-10 22:00:00,-20.144
2018-06-10 21:45:00,-22.192
2018-06-10 21:30:00,-33.706
2018-06-10 21:15:00,-24.31
2018-06-10 21:00:00,-21.261
2018-06-10 20:45:00,-23.17
2018-06-10 20:30:00,-30.903
2018-06-10 20:15:00,-32.383
2018-06-10 20:00:00,-21.793
2018-06-10 19:45:00,-23.428
2018-06-10 19:30:00,-33.76
2018-06-10 19:15:00,-37.081
2018-06-10 19:00:00,-32.257
2018-06-10 18:45:00,-32.627
2018-06-10 18:30:00,-11.253
2018-06-10 18:15:00,-7.715
2018-06-10 18:00:00,-0.944
2018-06-10 17:45:00,-0.944
2018-06-10 17:30:00,-0.944
2018-06-10 17:15:00,-0.945
2018-06-10 17:00:00,-0.945
2018-06-10 16:45:00,-0.946
2018-06-10 16:30:00,-0.947
2018-06-10 16:15:00,-0.949
2018-06-10 16:00:00,-0.947
2018-06-10 15:45:00,-0.948
2018-06-10 15:30:00,-0.951
2018-06-10 15:15:00,-0.951
2018-06-10 15:00:00,-0.947
2018-06-10 14:45:00,-0.947
2018-06-10 14:30:00,-0.948
2018-06-10 14:15:00,-0.949
2018-06-10 14:00:00,-0.944
2018-06-10 13:45:00,-0.943
2018-06-10 13:30:00,-0.943
2018-06-10 13:15:00,-0.939
2018-06-10 13:00:00,-0.94
2018-06-10 12:45:00,-0.942
2018-06-10 12:30:00,-0.945
2018-06-10 12:15:00,-0.943
2018-06-10 12:00:00,-0.937
2018-06-10 11:45:00,-0.937
2018-06-10 11:30:00,-0.937
2018-06-10 11:15:00,-0.807
2018-06-10 11:00:00,130.605
2018-06-10 10:45:00,143.688
2018-06-10 10:30:00,138.953
2018-06-10 10:15:00,130.458
2018-06-10 10:00:00,136.761
2018-06-10 09:45:00,126.359
2018-06-10 09:30:00,118.727
2018-06-10 09:15:00,107.394
2018-06-10 09:00:00,97.241
2018-06-10 08:45:00,83.397
2018-06-10 08:30:00,71.689
2018-06-10 08:15:00,56.997
2018-06-10 08:00:00,41.304
2018-06-10 07:45:00,42.986
2018-06-10 07:30:00,17.063
2018-06-10 07:15:00,-1.467
2018-06-10 07:00:00,-4.514
2018-06-10 06:45:00,-8.376
2018-06-10 06:30:00,-14.623
2018-06-10 06:15:00,-18.617
2018-06-10 06:00:00,-18.209
2018-06-10 05:45:00,-20.756
2018-06-10 05:30:00,-19.21
2018-06-10 05:15:00,-20.674
2018-06-10 05:00:00,-18.898
2018-06-10 04:45:00,-21.193
2018-06-10 04:30:00,-21.384
2018-06-10 04:15:00,-21.969
2018-06-10 04:00:00,-20.572
2018-06-10 03:45:00,-21.758
2018-06-10 03:30:00,-20.827
2018-06-10 03:15:00,-21.984
2018-06-10 03:00:00,-20.646
2018-06-10 02:45:00,-21.45
2018-06-10 02:30:00,-21.595
2018-06-10 02:15:00,-22.938
2018-06-10 02:00:00,-20.466
2018-06-10 01:45:00,-23.36
2018-06-10 01:30:00,-20.965
2018-06-10 01:15:00,-23.094
2018-06-10 01:00:00,-19.816
2018-06-10 00:45:00,-21.98
2018-06-10 00:30:00,-23.054
2018-06-10 00:15:00,-22.358
2018-06-10 00:00:00,-22.271
2018-06-09 23:45:00,-22.525
2018-06-09 23:30:00,-23.036
2018-06-09 23:15:00,-22.98
2018-06-09 23:00:00,-23.092
2018-06-09 22:45:00,-23.275
2018-06-09 22:30:00,-22.236
2018-06-09 22:15:00,-24.703
2018-06-09 22:00:00,-32.412
2018-06-09 21:45:00,-27.803
2018-06-09 21:30:00,-22.889
2018-06-09 21:15:00,-24.969
2018-06-09 21:00:00,-31.067
2018-06-09 20:45:00,-34.631
2018-06-09 20:30:00,-23.466
2018-06-09 20:15:00,-25.687
2018-06-09 20:00:00,-37.119
2018-06-09 19:45:00,-38.539
2018-06-09 19:30:00,-36.372
2018-06-09 19:15:00,-38.793
2018-06-09 19:00:00,-32.285
2018-06-09 18:45:00,-33.747
2018-06-09 18:30:00,-15.308
2018-06-09 18:15:00,-4.012
2018-06-09 18:00:00,-0.937
2018-06-09 17:45:00,-0.937
2018-06-09 17:30:00,-0.936
2018-06-09 17:15:00,-0.936
2018-06-09 17:00:00,-0.933
2018-06-09 16:45:00,-0.932
2018-06-09 16:30:00,-0.933
2018-06-09 16:15:00,-0.934
2018-06-09 16:00:00,-0.934
2018-06-09 15:45:00,-0.936
2018-06-09 15:30:00,-0.933
2018-06-09 15:15:00,-0.934
2018-06-09 15:00:00,-0.934
2018-06-09 14:45:00,-0.936
2018-06-09 14:30:00,-0.937
2018-06-09 14:15:00,-0.937
2018-06-09 14:00:00,-0.933
2018-06-09 13:45:00,-0.933
2018-06-09 13:30:00,-0.937
2018-06-09 13:15:00,-0.937
2018-06-09 13:00:00,-0.932
2018-06-09 12:45:00,-0.927
2018-06-09 12:30:00,-0.923
2018-06-09 12:15:00,-0.923
2018-06-09 12:00:00,-0.922
2018-06-09 11:45:00,-0.923
2018-06-09 11:30:00,-0.923
2018-06-09 11:15:00,-0.764
2018-06-09 11:00:00,130.038
2018-06-09 10:45:00,154.231
2018-06-09 10:30:00,152.322
2018-06-09 10:15:00,155.742
2018-06-09 10:00:00,146.898
2018-06-09 09:45:00,136.986
2018-06-09 09:30:00,128.294
2018-06-09 09:15:00,117.497
2018-06-09 09:00:00,108.403
2018-06-09 08:45:00,95.3
2018-06-09 08:30:00,80.149
2018-06-09 08:15:00,67.439
2018-06-09 08:00:00,50.026
2018-06-09 07:45:00,37.944
2018-06-09 07:30:00,24.628
2018-06-09 07:15:00,20.723
2018-06-09 07:00:00,1.713
2018-06-09 06:45:00,-1.141
2018-06-09 06:30:00,-3.859
2018-06-09 06:15:00,-8.397
2018-06-09 06:00:00,-20.218
2018-06-09 05:45:00,-23.502
2018-06-09 05:30:00,-25.141
2018-06-09 05:15:00,-23.277
2018-06-09 05:00:00,-24.984
2018-06-09 04:45:00,-24.075
2018-06-09 04:30:00,-25.499
2018-06-09 04:15:00,-22.518
2018-06-09 04:00:00,-25.633
2018-06-09 03:45:00,-23.111
2018-06-09 03:30:00,-24.493
2018-06-09 03:15:00,-25.122
2018-06-09 03:00:00,-25.937
2018-06-09 02:45:00,-24.45
2018-06-09 02:30:00,-24.809
2018-06-09 02:15:00,-26.002
2018-06-09 02:00:00,-25.654
2018-06-09 01:45:00,-26.162
2018-06-09 01:30:00,-26.502
2018-06-09 01:15:00,-27.886
2018-06-09 01:00:00,-26.363
2018-06-09 00:45:00,-26.707
2018-06-09 00:30:00,-27.83
2018-06-09 00:15:00,-27.394
2018-06-09 00:00:00,-28.055
2018-06-08 23:45:00,-27.284
2018-06-08 23:30:00,-28.934
2018-06-08 23:15:00,-26.968
2018-06-08 23:00:00,-30.154
2018-06-08 22:45:00,-27.474
2018-06-08 22:30:00,-28.531
2018-06-08 22:15:00,-28.479
2018-06-08 22:00:00,-29.514
2018-06-08 21:45:00,-34.422
2018-06-08 21:30:00,-34.799
2018-06-08 21:15:00,-29.613
2018-06-08 21:00:00,-30.348
2018-06-08 20:45:00,-29.277
2018-06-08 20:30:00,-42.238
2018-06-08 20:15:00,-39.419
2018-06-08 20:00:00,-31.247
2018-06-08 19:45:00,-28.843
2018-06-08 19:30:00,-39.636
2018-06-08 19:15:00,-41.899
2018-06-08 19:00:00,-39.055
2018-06-08 18:45:00,-34.778
2018-06-08 18:30:00,-24.709
2018-06-08 18:15:00,-10.671
2018-06-08 18:00:00,-0.939
2018-06-08 17:45:00,-0.937
2018-06-08 17:30:00,-0.935
2018-06-08 17:15:00,-0.936
2018-06-08 17:00:00,-0.945
2018-06-08 16:45:00,-0.944
2018-06-08 16:30:00,-0.944
2018-06-08 16:15:00,-0.945
2018-06-08 16:00:00,-0.944
2018-06-08 15:45:00,-0.944
2018-06-08 15:30:00,-0.941
2018-06-08 15:15:00,-0.941
2018-06-08 15:00:00,-0.936
2018-06-08 14:45:00,-0.936
2018-06-08 14:30:00,-0.934
2018-06-08 14:15:00,-0.933
2018-06-08 14:00:00,-0.933
2018-06-08 13:45:00,-0.932
2018-06-08 13:30:00,-0.932
2018-06-08 13:15:00,-0.934
2018-06-08 13:00:00,-0.934
2018-06-08 12:45:00,-0.935
2018-06-08 12:30:00,-0.916
2018-06-08 12:15:00,75.91
2018-06-08 12:00:00,124.309
2018-06-08 11:45:00,124.766
2018-06-08 11:30:00,114.771
2018-06-08 11:15:00,108.031
2018-06-08 11:00:00,139.601
2018-06-08 10:45:00,133.284
2018-06-08 10:30:00,120.379
2018-06-08 10:15:00,117.924
2018-06-08 10:00:00,109.18
2018-06-08 09:45:00,105.52
2018-06-08 09:30:00,93.005
2018-06-08 09:15:00,74.517
2018-06-08 09:00:00,63.587
2018-06-08 08:45:00,49.848
2018-06-08 08:30:00,36.657
2018-06-08 08:15:00,19.096
2018-06-08 08:00:00,10.656
2018-06-08 07:45:00,1.328
2018-06-08 07:30:00,-1.47
2018-06-08 07:15:00,-0.735
2018-06-08 07:00:00,-1.822
2018-06-08 06:45:00,-3.436
2018-06-08 06:30:00,-8.465
2018-06-08 06:15:00,-13.139
2018-06-08 06:00:00,-26.49
2018-06-08 05:45:00,-33.416
2018-06-08 05:30:00,-36.795
2018-06-08 05:15:00,-39.528
2018-06-08 05:00:00,-29.21
2018-06-08 04:45:00,-25.025
2018-06-08 04:30:00,-23.17
2018-06-08 04:15:00,-24.558
2018-06-08 04:00:00,-24.456
2018-06-08 03:45:00,-25.408
2018-06-08 03:30:00,-23.622
2018-06-08 03:15:00,-25.87
2018-06-08 03:00:00,-24.553
2018-06-08 02:45:00,-25.524
2018-06-08 02:30:00,-24.156
2018-06-08 02:15:00,-24.193
2018-06-08 02:00:00,-26.443
2018-06-08 01:45:00,-25.648
2018-06-08 01:30:00,-26.96
2018-06-08 01:15:00,-25.38
2018-06-08 01:00:00,-26.905
2018-06-08 00:45:00,-25.775
2018-06-08 00:30:00,-27.319
2018-06-08 00:15:00,-26.689
2018-06-08 00:00:00,-27.142
2018-06-07 23:45:00,-26.663
2018-06-07 23:30:00,-28.128
2018-06-07 23:15:00,-27.043
2018-06-07 23:00:00,-26.936
2018-06-07 22:45:00,-28.321
2018-06-07 22:30:00,-30.285
2018-06-07 22:15:00,-29.826
2018-06-07 22:00:00,-31.111
2018-06-07 21:45:00,-31.84
2018-06-07 21:30:00,-30.513
2018-06-07 21:15:00,-31.775
2018-06-07 21:00:00,-31.612
2018-06-07 20:45:00,-31.21
2018-06-07 20:30:00,-39.112
2018-06-07 20:15:00,-40.586
2018-06-07 20:00:00,-35.614
2018-06-07 19:45:00,-36.313
2018-06-07 19:30:00,-32.636
2018-06-07 19:15:00,-38.02
2018-06-07 19:00:00,-37.289
2018-06-07 18:45:00,-20.826
2018-06-07 18:30:00,-5.681
2018-06-07 18:15:00,-5.837
2018-06-07 18:00:00,-3.056
2018-06-07 17:45:00,-0.939
2018-06-07 17:30:00,-0.937
2018-06-07 17:15:00,-0.938
2018-06-07 17:00:00,-0.936
2018-06-07 16:45:00,-0.935
2018-06-07 16:30:00,-0.934
2018-06-07 16:15:00,-0.932
2018-06-07 16:00:00,-0.93
2018-06-07 15:45:00,-0.93
2018-06-07 15:30:00,-0.93
2018-06-07 15:15:00,-0.929
2018-06-07 15:00:00,-0.928
2018-06-07 14:45:00,-0.929
2018-06-07 14:30:00,-0.935
2018-06-07 14:15:00,-0.935
2018-06-07 14:00:00,-0.932
2018-06-07 13:45:00,-0.934
2018-06-07 13:30:00,-0.933
2018-06-07 13:15:00,-0.933
2018-06-07 13:00:00,-0.922
2018-06-07 12:45:00,18.415
2018-06-07 12:30:00,117.536
2018-06-07 12:15:00,114.692
2018-06-07 12:00:00,111.346
2018-06-07 11:45:00,109.512
2018-06-07 11:30:00,102.709
2018-06-07 11:15:00,99.365
2018-06-07 11:00:00,114.024
2018-06-07 10:45:00,106.76
2018-06-07 10:30:00,105.026
2018-06-07 10:15:00,97.122
2018-06-07 10:00:00,89.89
2018-06-07 09:45:00,94.231
2018-06-07 09:30:00,83.179
2018-06-07 09:15:00,75.226
2018-06-07 09:00:00,60.362
2018-06-07 08:45:00,47.692
2018-06-07 08:30:00,34.715
2018-06-07 08:15:00,21.885
2018-06-07 08:00:00,6.125
2018-06-07 07:45:00,-0.221
2018-06-07 07:30:00,3.841
2018-06-07 07:15:00,-1.235
2018-06-07 07:00:00,-3.675
2018-06-07 06:45:00,-10.021
2018-06-07 06:30:00,-10.812
2018-06-07 06:15:00,-23.342
2018-06-07 06:00:00,-34.517
2018-06-07 05:45:00,-35.206
2018-06-07 05:30:00,-42.043
2018-06-07 05:15:00,-41.253
2018-06-07 05:00:00,-33.762
2018-06-07 04:45:00,-23.702
2018-06-07 04:30:00,-25.069
2018-06-07 04:15:00,-24.42
2018-06-07 04:00:00,-24.327
2018-06-07 03:45:00,-25.435
2018-06-07 03:30:00,-24.682
2018-06-07 03:15:00,-25.331
2018-06-07 03:00:00,-24.23
2018-06-07 02:45:00,-25.789
2018-06-07 02:30:00,-23.142
2018-06-07 02:15:00,-25.896
2018-06-07 02:00:00,-24.734
2018-06-07 01:45:00,-25.251
2018-06-07 01:30:00,-26.247
2018-06-07 01:15:00,-24.698
2018-06-07 01:00:00,-25.664
2018-06-07 00:45:00,-24.559
2018-06-07 00:30:00,-26.511
2018-06-07 00:15:00,-25.28
2018-06-07 00:00:00,-25.799
2018-06-06 23:45:00,-26.411
2018-06-06 23:30:00,-26.734
2018-06-06 23:15:00,-27.591
2018-06-06 23:00:00,-27.747
2018-06-06 22:45:00,-28.674
2018-06-06 22:30:00,-27.536
2018-06-06 22:15:00,-30.108
2018-06-06 22:00:00,-29.557
2018-06-06 21:45:00,-29.359
2018-06-06 21:30:00,-29.591
2018-06-06 21:15:00,-30.823
2018-06-06 21:00:00,-30.669
2018-06-06 20:45:00,-30.926
2018-06-06 20:30:00,-29.992
2018-06-06 20:15:00,-31.485
2018-06-06 20:00:00,-29.798
2018-06-06 19:45:00,-31.722
2018-06-06 19:30:00,-29.717
2018-06-06 19:15:00,-41.898
2018-06-06 19:00:00,-30.78
2018-06-06 18:45:00,-14.357
2018-06-06 18:30:00,-2.487
2018-06-06 18:15:00,-11.968
2018-06-06 18:00:00,-2.828
2018-06-06 17:45:00,-0.939
2018-06-06 17:30:00,-0.95
2018-06-06 17:15:00,-0.949
2018-06-06 17:00:00,-0.949
2018-06-06 16:45:00,-0.951
2018-06-06 16:30:00,-0.952
2018-06-06 16:15:00,-0.951
2018-06-06 16:00:00,-0.949
2018-06-06 15:45:00,-0.947
2018-06-06 15:30:00,-0.945
2018-06-06 15:15:00,-0.945
2018-06-06 15:00:00,-0.943
2018-06-06 14:45:00,-0.942
2018-06-06 14:30:00,-0.94
2018-06-06 14:15:00,-0.939
2018-06-06 14:00:00,-0.939
2018-06-06 13:45:00,-0.94
2018-06-06 13:30:00,-0.939
2018-06-06 13:15:00,-0.938
2018-06-06 13:00:00,-0.883
2018-06-06 12:45:00,96.408
2018-06-06 12:30:00,122.14
2018-06-06 12:15:00,117.315
2018-06-06 12:00:00,118.031
2018-06-06 11:45:00,113.196
2018-06-06 11:30:00,105.775
2018-06-06 11:15:00,101.064
2018-06-06 11:00:00,125.798
2018-06-06 10:45:00,128.637
2018-06-06 10:30:00,119.267
2018-06-06 10:15:00,104.118
2018-06-06 10:00:00,90.187
2018-06-06 09:45:00,87.212
2018-06-06 09:30:00,87.023
2018-06-06 09:15:00,38.606
2018-06-06 09:00:00,30.703
2018-06-06 08:45:00,2.877
2018-06-06 08:30:00,-0.189
2018-06-06 08:15:00,-1.754
2018-06-06 08:00:00,-4.522
2018-06-06 07:45:00,-7.606
2018-06-06 07:30:00,-3.872
2018-06-06 07:15:00,-4.623
2018-06-06 07:00:00,-24.783
2018-06-06 06:45:00,-32.197
2018-06-06 06:30:00,-32.881
2018-06-06 06:15:00,-37.85
2018-06-06 06:00:00,-37.051
2018-06-06 05:45:00,-38.899
2018-06-06 05:30:00,-35.846
2018-06-06 05:15:00,-36.989
2018-06-06 05:00:00,-19.744
2018-06-06 04:45:00,-19.853
2018-06-06 04:30:00,-18.282
2018-06-06 04:15:00,-19.364
2018-06-06 04:00:00,-21.149
2018-06-06 03:45:00,-19.507
2018-06-06 03:30:00,-19.263
2018-06-06 03:15:00,-19.754
2018-06-06 03:00:00,-19.737
2018-06-06 02:45:00,-19.445
2018-06-06 02:30:00,-18.909
2018-06-06 02:15:00,-20.497
2018-06-06 02:00:00,-19.492
2018-06-06 01:45:00,-20.374
2018-06-06 01:30:00,-19.967
2018-06-06 01:15:00,-19.885
2018-06-06 01:00:00,-20.349
2018-06-06 00:45:00,-22.999
2018-06-06 00:30:00,-24.8
2018-06-06 00:15:00,-24.343
2018-06-06 00:00:00,-24.659
2018-06-05 23:45:00,-25.933
2018-06-05 23:30:00,-25.094
2018-06-05 23:15:00,-25.666
2018-06-05 23:00:00,-26.137
2018-06-05 22:45:00,-25.66
2018-06-05 22:30:00,-26.525
2018-06-05 22:15:00,-25.613
2018-06-05 22:00:00,-27.263
2018-06-05 21:45:00,-26.767
2018-06-05 21:30:00,-28.036
2018-06-05 21:15:00,-27.223
2018-06-05 21:00:00,-28.033
2018-06-05 20:45:00,-28.789
2018-06-05 20:30:00,-29.092
2018-06-05 20:15:00,-28.947
2018-06-05 20:00:00,-28.941
2018-06-05 19:45:00,-40.085
2018-06-05 19:30:00,-47.815
2018-06-05 19:15:00,-36.804
2018-06-05 19:00:00,-26.002
2018-06-05 18:45:00,-19.349
2018-06-05 18:30:00,-8.497
2018-06-05 18:15:00,-7.213
2018-06-05 18:00:00,-1.28
2018-06-05 17:45:00,-0.939
2018-06-05 17:30:00,-0.937
2018-06-05 17:15:00,-0.937
2018-06-05 17:00:00,-0.938
2018-06-05 16:45:00,-0.938
2018-06-05 16:30:00,-0.936
2018-06-05 16:15:00,-0.936
2018-06-05 16:00:00,-0.935
2018-06-05 15:45:00,-0.936
2018-06-05 15:30:00,-0.935
2018-06-05 15:15:00,-0.933
2018-06-05 15:00:00,-0.931
2018-06-05 14:45:00,-0.884
2018-06-05 14:30:00,83.853
2018-06-05 14:15:00,160.599
2018-06-05 14:00:00,161.24
2018-06-05 13:45:00,156.186
2018-06-05 13:30:00,155.387
2018-06-05 13:15:00,145.921
2018-06-05 13:00:00,140.542
2018-06-05 12:45:00,142.903
2018-06-05 12:30:00,132.763
2018-06-05 12:15:00,99.976
2018-06-05 12:00:00,148.934
2018-06-05 11:45:00,97.527
2018-06-05 11:30:00,43.501
2018-06-05 11:15:00,3.481
2018-06-05 11:00:00,4.096
2018-06-05 10:45:00,0.144
2018-06-05 10:30:00,-1.143
2018-06-05 10:15:00,-0.222
2018-06-05 10:00:00,-0.964
2018-06-05 09:45:00,-6.807
2018-06-05 09:30:00,-14.761
2018-06-05 09:15:00,-9.311
2018-06-05 09:00:00,-7.143
2018-06-05 08:45:00,-8.206
2018-06-05 08:30:00,-5.239
2018-06-05 08:15:00,-6.096
2018-06-05 08:00:00,-4.049
2018-06-05 07:45:00,-7.526
2018-06-05 07:30:00,-6.32
2018-06-05 07:15:00,-6.82
2018-06-05 07:00:00,-27.014
2018-06-05 06:45:00,-22.848
2018-06-05 06:30:00,-29.003
2018-06-05 06:15:00,-32.209
2018-06-05 06:00:00,-37.128
2018-06-05 05:45:00,-36.01
2018-06-05 05:30:00,-36.047
2018-06-05 05:15:00,-34.917
2018-06-05 05:00:00,-17.113
2018-06-05 04:45:00,-18.079
2018-06-05 04:30:00,-17.543
2018-06-05 04:15:00,-19.065
2018-06-05 04:00:00,-17.104
2018-06-05 03:45:00,-17.962
2018-06-05 03:30:00,-19.492
2018-06-05 03:15:00,-17.276
2018-06-05 03:00:00,-18.967
2018-06-05 02:45:00,-18.125
2018-06-05 02:30:00,-19.793
2018-06-05 02:15:00,-18.935
2018-06-05 02:00:00,-19.674
2018-06-05 01:45:00,-19.879
2018-06-05 01:30:00,-19.606
2018-06-05 01:15:00,-19.822
2018-06-05 01:00:00,-20.928
2018-06-05 00:45:00,-19.799
2018-06-05 00:30:00,-21.798
2018-06-05 00:15:00,-20.743
2018-06-05 00:00:00,-21.589
2018-06-04 23:45:00,-20.879
2018-06-04 23:30:00,-23.531
2018-06-04 23:15:00,-21.315
2018-06-04 23:00:00,-23.162
2018-06-04 22:45:00,-21.005
2018-06-04 22:30:00,-23.072
2018-06-04 22:15:00,-21.897
2018-06-04 22:00:00,-23.021
2018-06-04 21:45:00,-21.785
2018-06-04 21:30:00,-23.023
2018-06-04 21:15:00,-35.032
2018-06-04 21:00:00,-32.099
2018-06-04 20:45:00,-27.047
2018-06-04 20:30:00,-27.158
2018-06-04 20:15:00,-28.281
2018-06-04 20:00:00,-29.232
2018-06-04 19:45:00,-39.791
2018-06-04 19:30:00,-35.544
2018-06-04 19:15:00,-20.781
2018-06-04 19:00:00,-32.979
2018-06-04 18:45:00,-44.685
2018-06-04 18:30:00,-41.062
2018-06-04 18:15:00,-32.652
2018-06-04 18:00:00,-17.38
2018-06-04 17:45:00,-0.935
2018-06-04 17:30:00,-0.937
2018-06-04 17:15:00,-0.936
2018-06-04 17:00:00,-0.933
2018-06-04 16:45:00,-0.933
2018-06-04 16:30:00,-0.935
2018-06-04 16:15:00,-0.942
2018-06-04 16:00:00,-0.938
2018-06-04 15:45:00,-0.939
2018-06-04 15:30:00,-0.937
2018-06-04 15:15:00,-0.937
2018-06-04 15:00:00,-0.935
2018-06-04 14:45:00,-0.932
2018-06-04 14:30:00,-0.93
2018-06-04 14:15:00,-0.928
2018-06-04 14:00:00,-0.925
2018-06-04 13:45:00,-0.926
2018-06-04 13:30:00,-0.927
2018-06-04 13:15:00,3.21
2018-06-04 13:00:00,112.343
2018-06-04 12:45:00,106.899
2018-06-04 12:30:00,110.063
2018-06-04 12:15:00,110.766
2018-06-04 12:00:00,110.412
2018-06-04 11:45:00,101.178
2018-06-04 11:30:00,92.171
2018-06-04 11:15:00,86.847
2018-06-04 11:00:00,95.576
2018-06-04 10:45:00,92.263
2018-06-04 10:30:00,87.809
2018-06-04 10:15:00,81.779
2018-06-04 10:00:00,84.824
2018-06-04 09:45:00,79.87
2018-06-04 09:30:00,74.003
2018-06-04 09:15:00,47.088
2018-06-04 09:00:00,37.578
2018-06-04 08:45:00,36.236
2018-06-04 08:30:00,6.072
2018-06-04 08:15:00,-19.806
2018-06-04 08:00:00,9.756
2018-06-04 07:45:00,-1.462
2018-06-04 07:30:00,-22.776
2018-06-04 07:15:00,-26.095
2018-06-04 07:00:00,-23.862
2018-06-04 06:45:00,-30.697
2018-06-04 06:30:00,-34.528
2018-06-04 06:15:00,-36.519
2018-06-04 06:00:00,-35.444
2018-06-04 05:45:00,-37.236
2018-06-04 05:30:00,-35.596
2018-06-04 05:15:00,-36.214
2018-06-04 05:00:00,-23.144
2018-06-04 04:45:00,-18.358
2018-06-04 04:30:00,-18.039
2018-06-04 04:15:00,-18.229
2018-06-04 04:00:00,-17.823
2018-06-04 03:45:00,-18.329
2018-06-04 03:30:00,-18.613
2018-06-04 03:15:00,-16.915
2018-06-04 03:00:00,-18.758
2018-06-04 02:45:00,-17.002
2018-06-04 02:30:00,-20.053
2018-06-04 02:15:00,-17.131
2018-06-04 02:00:00,-20.331
2018-06-04 01:45:00,-17.747
2018-06-04 01:30:00,-18.846
2018-06-04 01:15:00,-17.658
2018-06-04 01:00:00,-19.377
2018-06-04 00:45:00,-18.257
2018-06-04 00:30:00,-21.094
2018-06-04 00:15:00,-20.318
2018-06-04 00:00:00,-23.207
2018-06-03 23:45:00,-22.482
2018-06-03 23:30:00,-24.49
2018-06-03 23:15:00,-23.257
2018-06-03 23:00:00,-25.795
2018-06-03 22:45:00,-24.732
2018-06-03 22:30:00,-26.05
2018-06-03 22:15:00,-25.484
2018-06-03 22:00:00,-26.009
2018-06-03 21:45:00,-25.959
2018-06-03 21:30:00,-26.535
2018-06-03 21:15:00,-26.874
2018-06-03 21:00:00,-26.996
2018-06-03 20:45:00,-27.322
2018-06-03 20:30:00,-27.32
2018-06-03 20:15:00,-41.098
2018-06-03 20:00:00,-34.797
2018-06-03 19:45:00,-26.996
2018-06-03 19:30:00,-24.943
2018-06-03 19:15:00,-24.263
2018-06-03 19:00:00,-16.723
2018-06-03 18:45:00,-27.271
2018-06-03 18:30:00,-8.252
2018-06-03 18:15:00,-0.933
2018-06-03 18:00:00,-0.934
2018-06-03 17:45:00,-0.932
2018-06-03 17:30:00,-0.934
2018-06-03 17:15:00,-0.935
2018-06-03 17:00:00,-0.934
2018-06-03 16:45:00,-0.934
2018-06-03 16:30:00,-0.925
2018-06-03 16:15:00,-0.924
2018-06-03 16:00:00,-0.925
2018-06-03 15:45:00,-0.926
2018-06-03 15:30:00,-0.926
2018-06-03 15:15:00,-0.928
2018-06-03 15:00:00,-0.928
2018-06-03 14:45:00,-0.928
2018-06-03 14:30:00,-0.93
2018-06-03 14:15:00,-0.929
2018-06-03 14:00:00,-0.93
2018-06-03 13:45:00,-0.926
2018-06-03 13:30:00,-0.926
2018-06-03 13:15:00,-0.924
2018-06-03 13:00:00,-0.918
2018-06-03 12:45:00,-0.919
2018-06-03 12:30:00,-0.919
2018-06-03 12:15:00,-0.924
2018-06-03 12:00:00,-0.934
2018-06-03 11:45:00,-0.93
2018-06-03 11:30:00,-0.93
2018-06-03 11:15:00,-0.926
2018-06-03 11:00:00,-1.471
2018-06-03 10:45:00,110.859
2018-06-03 10:30:00,155.688
2018-06-03 10:15:00,147.343
2018-06-03 10:00:00,141.522
2018-06-03 09:45:00,130.004
2018-06-03 09:30:00,123.334
2018-06-03 09:15:00,109.912
2018-06-03 09:00:00,101.287
2018-06-03 08:45:00,85.854
2018-06-03 08:30:00,72.412
2018-06-03 08:15:00,57.826
2018-06-03 08:00:00,44.24
2018-06-03 07:45:00,27.535
2018-06-03 07:30:00,14.79
2018-06-03 07:15:00,2.153
2018-06-03 07:00:00,-1.957
2018-06-03 06:45:00,-3.917
2018-06-03 06:30:00,-6.524
2018-06-03 06:15:00,-14.737
2018-06-03 06:00:00,-19.401
2018-06-03 05:45:00,-19.876
2018-06-03 05:30:00,-19.509
2018-06-03 05:15:00,-18.331
2018-06-03 05:00:00,-19.708
2018-06-03 04:45:00,-18.474
2018-06-03 04:30:00,-19.504
2018-06-03 04:15:00,-19.372
2018-06-03 04:00:00,-19.398
2018-06-03 03:45:00,-19.775
2018-06-03 03:30:00,-20.174
2018-06-03 03:15:00,-21.09
2018-06-03 03:00:00,-19.433
2018-06-03 02:45:00,-19.95
2018-06-03 02:30:00,-20.03
2018-06-03 02:15:00,-19.977
2018-06-03 02:00:00,-20.764
2018-06-03 01:45:00,-20.358
2018-06-03 01:30:00,-18.333
2018-06-03 01:15:00,-21.299
2018-06-03 01:00:00,-21.826
2018-06-03 00:45:00,-20.421
2018-06-03 00:30:00,-20.241
2018-06-03 00:15:00,-21.06
2018-06-03 00:00:00,-20.024
2018-06-02 23:45:00,-23.622
2018-06-02 23:30:00,-24.186
2018-06-02 23:15:00,-26.468
2018-06-02 23:00:00,-25.874
2018-06-02 22:45:00,-27.749
2018-06-02 22:30:00,-26.668
2018-06-02 22:15:00,-27.885
2018-06-02 22:00:00,-28.099
2018-06-02 21:45:00,-28.986
2018-06-02 21:30:00,-27.615
2018-06-02 21:15:00,-28.786
2018-06-02 21:00:00,-29.411
2018-06-02 20:45:00,-29.26
2018-06-02 20:30:00,-29.597
2018-06-02 20:15:00,-29.27
2018-06-02 20:00:00,-30.712
2018-06-02 19:45:00,-30.103
2018-06-02 19:30:00,-42.0
2018-06-02 19:15:00,-38.861
2018-06-02 19:00:00,-25.712
2018-06-02 18:45:00,-10.947
2018-06-02 18:30:00,-2.611
2018-06-02 18:15:00,-0.94
2018-06-02 18:00:00,-0.939
2018-06-02 17:45:00,-0.937
2018-06-02 17:30:00,-0.936
2018-06-02 17:15:00,-0.936
2018-06-02 17:00:00,-0.936
2018-06-02 16:45:00,-0.938
2018-06-02 16:30:00,-0.94
2018-06-02 16:15:00,-0.939
2018-06-02 16:00:00,-0.938
2018-06-02 15:45:00,-0.94
2018-06-02 15:30:00,-0.941
2018-06-02 15:15:00,-0.941
2018-06-02 15:00:00,-0.939
2018-06-02 14:45:00,-0.94
2018-06-02 14:30:00,-0.941
2018-06-02 14:15:00,-0.936
2018-06-02 14:00:00,-0.936
2018-06-02 13:45:00,-0.938
2018-06-02 13:30:00,-0.938
2018-06-02 13:15:00,-0.938
2018-06-02 13:00:00,-0.936
2018-06-02 12:45:00,-0.939
2018-06-02 12:30:00,-0.941
2018-06-02 12:15:00,-0.941
2018-06-02 12:00:00,-0.939
2018-06-02 11:45:00,-0.939
2018-06-02 11:30:00,-0.937
2018-06-02 11:15:00,-0.853
2018-06-02 11:00:00,114.952
2018-06-02 10:45:00,165.138
2018-06-02 10:30:00,157.992
2018-06-02 10:15:00,150.857
2018-06-02 10:00:00,139.664
2018-06-02 09:45:00,129.32
2018-06-02 09:30:00,119.874
2018-06-02 09:15:00,113.167
2018-06-02 09:00:00,100.633
2018-06-02 08:45:00,90.337
2018-06-02 08:30:00,73.442
2018-06-02 08:15:00,63.179
2018-06-02 08:00:00,37.952
2018-06-02 07:45:00,13.586
2018-06-02 07:30:00,4.035
2018-06-02 07:15:00,-0.925
2018-06-02 07:00:00,-3.752
2018-06-02 06:45:00,-8.63
2018-06-02 06:30:00,-16.121
2018-06-02 06:15:00,-20.183
2018-06-02 06:00:00,-17.611
2018-06-02 05:45:00,-18.975
2018-06-02 05:30:00,-17.157
2018-06-02 05:15:00,-18.54
2018-06-02 05:00:00,-20.308
2018-06-02 04:45:00,-19.003
2018-06-02 04:30:00,-18.782
2018-06-02 04:15:00,-19.912
2018-06-02 04:00:00,-18.977
2018-06-02 03:45:00,-19.324
2018-06-02 03:30:00,-19.141
2018-06-02 03:15:00,-20.116
2018-06-02 03:00:00,-19.085
2018-06-02 02:45:00,-21.98
2018-06-02 02:30:00,-18.532
2018-06-02 02:15:00,-21.827
2018-06-02 02:00:00,-18.858
2018-06-02 01:45:00,-19.651
2018-06-02 01:30:00,-19.864
2018-06-02 01:15:00,-20.673
2018-06-02 01:00:00,-20.324
2018-06-02 00:45:00,-21.731
2018-06-02 00:30:00,-21.392
2018-06-02 00:15:00,-21.527
2018-06-02 00:00:00,-19.315
2018-06-01 23:45:00,-22.087
2018-06-01 23:30:00,-20.889
2018-06-01 23:15:00,-21.593
2018-06-01 23:00:00,-22.518
2018-06-01 22:45:00,-25.691
2018-06-01 22:30:00,-26.062
2018-06-01 22:15:00,-27.65
2018-06-01 22:00:00,-26.536
2018-06-01 21:45:00,-29.048
2018-06-01 21:30:00,-27.554
2018-06-01 21:15:00,-29.344
2018-06-01 21:00:00,-28.725
2018-06-01 20:45:00,-30.444
2018-06-01 20:30:00,-29.252
2018-06-01 20:15:00,-30.301
2018-06-01 20:00:00,-34.317
2018-06-01 19:45:00,-43.204
2018-06-01 19:30:00,-32.421
2018-06-01 19:15:00,-27.483
2018-06-01 19:00:00,-21.082
2018-06-01 18:45:00,-28.233
2018-06-01 18:30:00,-19.641
2018-06-01 18:15:00,-5.94
2018-06-01 18:00:00,-1.783
2018-06-01 17:45:00,-0.94
2018-06-01 17:30:00,-0.939
2018-06-01 17:15:00,-0.938
2018-06-01 17:00:00,-0.937
2018-06-01 16:45:00,-0.941
2018-06-01 16:30:00,-0.94
2018-06-01 16:15:00,-0.939
2018-06-01 16:00:00,-0.936
2018-06-01 15:45:00,-0.936
2018-06-01 15:30:00,-0.94
2018-06-01 15:15:00,-0.943
2018-06-01 15:00:00,-0.941
2018-06-01 14:45:00,-0.94
2018-06-01 14:30:00,41.299
2018-06-01 14:15:00,113.314
2018-06-01 14:00:00,111.34
2018-06-01 13:45:00,109.916
2018-06-01 13:30:00,115.374
2018-06-01 13:15:00,117.281
2018-06-01 13:00:00,126.23
2018-06-01 12:45:00,126.03
2018-06-01 12:30:00,123.684
2018-06-01 12:15:00,63.071
2018-06-01 12:00:00,-1.733
2018-06-01 11:45:00,-0.942
2018-06-01 11:30:00,-0.939
2018-06-01 11:15:00,-0.935
2018-06-01 11:00:00,-0.94
2018-06-01 10:45:00,8.34
2018-06-01 10:30:00,-1.492
2018-06-01 10:15:00,19.112
2018-06-01 10:00:00,39.503
2018-06-01 09:45:00,38.405
2018-06-01 09:30:00,32.747
2018-06-01 09:15:00,25.847
2018-06-01 09:00:00,19.587
2018-06-01 08:45:00,13.349
2018-06-01 08:30:00,3.451
2018-06-01 08:15:00,-8.781
2018-06-01 08:00:00,-5.464
2018-06-01 07:45:00,-6.971
2018-06-01 07:30:00,-1.506
2018-06-01 07:15:00,-10.534
2018-06-01 07:00:00,-14.075
2018-06-01 06:45:00,-15.394
2018-06-01 06:30:00,-18.428
2018-06-01 06:15:00,-20.388
2018-06-01 06:00:00,-20.453
2018-06-01 05:45:00,-20.947
2018-06-01 05:30:00,-20.459
2018-06-01 05:15:00,-21.05
2018-06-01 05:00:00,-12.762
2018-06-01 04:45:00,-12.16
2018-06-01 04:30:00,-12.152
2018-06-01 04:15:00,-12.752
2018-06-01 04:00:00,-12.93
2018-06-01 03:45:00,-11.803
2018-06-01 03:30:00,-12.826
2018-06-01 03:15:00,-12.311
2018-06-01 03:00:00,-12.351
2018-06-01 02:45:00,-12.785
2018-06-01 02:30:00,-12.45
2018-06-01 02:15:00,-12.862
2018-06-01 02:00:00,-12.373
2018-06-01 01:45:00,-13.108
2018-06-01 01:30:00,-12.26
2018-06-01 01:15:00,-13.465
2018-06-01 01:00:00,-12.024
2018-06-01 00:45:00,-12.996
2018-06-01 00:30:00,-13.332
2018-06-01 00:15:00,-11.128
2018-06-01 00:00:00,-10.213
2018-05-31 23:45:00,-10.239
2018-05-31 23:30:00,-10.827
2018-05-31 23:15:00,-10.253
2018-05-31 23:00:00,-11.411
2018-05-31 22:45:00,-9.863
2018-05-31 22:30:00,-11.668
2018-05-31 22:15:00,-10.345
2018-05-31 22:00:00,-11.956
2018-05-31 21:45:00,-10.962
2018-05-31 21:30:00,-11.74
2018-05-31 21:15:00,-11.57
2018-05-31 21:00:00,-12.305
2018-05-31 20:45:00,-11.637
2018-05-31 20:30:00,-12.544
2018-05-31 20:15:00,-12.345
2018-05-31 20:00:00,-15.591
2018-05-31 19:45:00,-20.965
2018-05-31 19:30:00,-14.655
2018-05-31 19:15:00,-12.811
2018-05-31 19:00:00,-9.4
2018-05-31 18:45:00,-5.575
2018-05-31 18:30:00,-5.96
2018-05-31 18:15:00,-8.488
2018-05-31 18:00:00,-11.136
2018-05-31 17:45:00,-3.552
2018-05-31 17:30:00,4.963
2018-05-31 17:15:00,6.614
2018-05-31 17:00:00,20.98
2018-05-31 16:45:00,25.493
2018-05-31 16:30:00,34.649
2018-05-31 16:15:00,16.857
2018-05-31 16:00:00,43.143
2018-05-31 15:45:00,28.374
2018-05-31 15:30:00,24.367
2018-05-31 15:15:00,27.846
2018-05-31 15:00:00,47.931
2018-05-31 14:45:00,60.9
2018-05-31 14:30:00,59.016
2018-05-31 14:15:00,46.494
2018-05-31 14:00:00,62.337
2018-05-31 13:45:00,63.371
2018-05-31 13:30:00,42.777
2018-05-31 13:15:00,44.569
2018-05-31 13:00:00,15.915
2018-05-31 12:45:00,-3.405
2018-05-31 12:30:00,-14.037
2018-05-31 12:15:00,-12.28
2018-05-31 12:00:00,10.737
2018-05-31 11:45:00,25.961
2018-05-31 11:30:00,13.48
2018-05-31 11:15:00,-5.248
2018-05-31 11:00:00,-0.035
2018-05-31 10:45:00,1.577
2018-05-31 10:30:00,-1.012
2018-05-31 10:15:00,2.139
2018-05-31 10:00:00,3.744
2018-05-31 09:45:00,7.102
2018-05-31 09:30:00,-1.398
2018-05-31 09:15:00,-0.556
2018-05-31 09:00:00,-1.11
2018-05-31 08:45:00,-1.716
2018-05-31 08:30:00,-8.705
2018-05-31 08:15:00,-10.742
2018-05-31 08:00:00,-13.75
2018-05-31 07:45:00,-17.933
2018-05-31 07:30:00,-13.858
2018-05-31 07:15:00,-13.397
2018-05-31 07:00:00,-16.26
2018-05-31 06:45:00,-17.981
2018-05-31 06:30:00,-18.447
2018-05-31 06:15:00,-17.881
2018-05-31 06:00:00,-18.382
2018-05-31 05:45:00,-17.632
2018-05-31 05:30:00,-16.587
2018-05-31 05:15:00,-15.407
2018-05-31 05:00:00,-8.111
2018-05-31 04:45:00,-7.027
2018-05-31 04:30:00,-8.676
2018-05-31 04:15:00,-7.188
2018-05-31 04:00:00,-7.408
2018-05-31 03:45:00,-7.617
2018-05-31 03:30:00,-8.353
2018-05-31 03:15:00,-6.995
2018-05-31 03:00:00,-7.88
2018-05-31 02:45:00,-7.495
2018-05-31 02:30:00,-8.632
2018-05-31 02:15:00,-8.07
2018-05-31 02:00:00,-7.839
2018-05-31 01:45:00,-7.946
2018-05-31 01:30:00,-7.572
2018-05-31 01:15:00,-7.39
2018-05-31 01:00:00,-7.464
2018-05-31 00:45:00,-8.442
2018-05-31 00:30:00,-9.156
2018-05-31 00:15:00,-8.991
2018-05-31 00:00:00,-9.05
2018-05-30 23:45:00,-8.718
2018-05-30 23:30:00,-9.657
2018-05-30 23:15:00,-9.267
2018-05-30 23:00:00,-10.21
2018-05-30 22:45:00,-10.615
2018-05-30 22:30:00,-10.778
2018-05-30 22:15:00,-10.976
2018-05-30 22:00:00,-11.121
2018-05-30 21:45:00,-11.61
2018-05-30 21:30:00,-10.539
2018-05-30 21:15:00,-11.668
2018-05-30 21:00:00,-10.842
2018-05-30 20:45:00,-11.997
2018-05-30 20:30:00,-10.884
2018-05-30 20:15:00,-13.16
2018-05-30 20:00:00,-12.151
2018-05-30 19:45:00,-12.751
2018-05-30 19:30:00,-16.34
2018-05-30 19:15:00,-11.13
2018-05-30 19:00:00,-6.589
2018-05-30 18:45:00,-5.449
2018-05-30 18:30:00,-6.524
2018-05-30 18:15:00,-1.571
2018-05-30 18:00:00,1.941
2018-05-30 17:45:00,9.432
2018-05-30 17:30:00,15.951
2018-05-30 17:15:00,16.186
2018-05-30 17:00:00,25.426
2018-05-30 16:45:00,32.141
2018-05-30 16:30:00,24.499
2018-05-30 16:15:00,6.949
2018-05-30 16:00:00,12.382
2018-05-30 15:45:00,-0.336
2018-05-30 15:30:00,13.493
2018-05-30 15:15:00,30.608
2018-05-30 15:00:00,4.746
2018-05-30 14:45:00,3.422
2018-05-30 14:30:00,51.705
2018-05-30 14:15:00,39.699
2018-05-30 14:00:00,48.397
2018-05-30 13:45:00,56.753
2018-05-30 13:30:00,58.658
2018-05-30 13:15:00,47.674
2018-05-30 13:00:00,21.121
2018-05-30 12:45:00,72.755
2018-05-30 12:30:00,47.785
2018-05-30 12:15:00,28.307
2018-05-30 12:00:00,15.591
2018-05-30 11:45:00,9.563
2018-05-30 11:30:00,4.654
2018-05-30 11:15:00,-5.946
2018-05-30 11:00:00,-2.426
2018-05-30 10:45:00,-1.988
2018-05-30 10:30:00,-3.937
2018-05-30 10:15:00,-7.419
2018-05-30 10:00:00,-9.055
2018-05-30 09:45:00,-0.671
2018-05-30 09:30:00,-0.285
2018-05-30 09:15:00,0.21
2018-05-30 09:00:00,-0.574
2018-05-30 08:45:00,-5.626
2018-05-30 08:30:00,-10.488
2018-05-30 08:15:00,-12.25
2018-05-30 08:00:00,-9.083
2018-05-30 07:45:00,-12.022
2018-05-30 07:30:00,-11.298
2018-05-30 07:15:00,-13.676
2018-05-30 07:00:00,-17.068
2018-05-30 06:45:00,-17.992
2018-05-30 06:30:00,-17.826
2018-05-30 06:15:00,-18.552
2018-05-30 06:00:00,-17.998
2018-05-30 05:45:00,-17.841
2018-05-30 05:30:00,-16.64
2018-05-30 05:15:00,-15.919
2018-05-30 05:00:00,-7.977
2018-05-30 04:45:00,-8.019
2018-05-30 04:30:00,-7.688
2018-05-30 04:15:00,-8.24
2018-05-30 04:00:00,-7.858
2018-05-30 03:45:00,-8.54
2018-05-30 03:30:00,-8.116
2018-05-30 03:15:00,-7.59
2018-05-30 03:00:00,-8.348
2018-05-30 02:45:00,-7.829
2018-05-30 02:30:00,-8.027
2018-05-30 02:15:00,-8.976
2018-05-30 02:00:00,-7.138
2018-05-30 01:45:00,-8.7
2018-05-30 01:30:00,-7.694
2018-05-30 01:15:00,-8.936
2018-05-30 01:00:00,-7.642
2018-05-30 00:45:00,-9.256
2018-05-30 00:30:00,-8.319
2018-05-30 00:15:00,-8.159
2018-05-30 00:00:00,-8.652
2018-05-29 23:45:00,-8.976
2018-05-29 23:30:00,-8.5
2018-05-29 23:15:00,-8.056
2018-05-29 23:00:00,-8.543
2018-05-29 22:45:00,-9.088
2018-05-29 22:30:00,-7.872
2018-05-29 22:15:00,-10.211
2018-05-29 22:00:00,-9.087
2018-05-29 21:45:00,-10.66
2018-05-29 21:30:00,-10.809
2018-05-29 21:15:00,-12.012
2018-05-29 21:00:00,-11.004
2018-05-29 20:45:00,-12.137
2018-05-29 20:30:00,-12.272
2018-05-29 20:15:00,-13.598
2018-05-29 20:00:00,-13.464
2018-05-29 19:45:00,-14.234
2018-05-29 19:30:00,-13.758
2018-05-29 19:15:00,-13.585
2018-05-29 19:00:00,-13.058
2018-05-29 18:45:00,-12.594
2018-05-29 18:30:00,-9.9
2018-05-29 18:15:00,-16.722
2018-05-29 18:00:00,-12.924
2018-05-29 17:45:00,-11.872
2018-05-29 17:30:00,-8.52
2018-05-29 17:15:00,-6.515
2018-05-29 17:00:00,-13.774
2018-05-29 16:45:00,-17.952
2018-05-29 16:30:00,-8.411
2018-05-29 16:15:00,-2.645
2018-05-29 16:00:00,-3.068
2018-05-29 15:45:00,-1.062
2018-05-29 15:30:00,-4.041
2018-05-29 15:15:00,-0.891
2018-05-29 15:00:00,4.02
2018-05-29 14:45:00,0.492
2018-05-29 14:30:00,3.96
2018-05-29 14:15:00,-0.763
2018-05-29 14:00:00,-0.968
2018-05-29 13:45:00,-2.42
2018-05-29 13:30:00,-7.487
2018-05-29 13:15:00,19.574
2018-05-29 13:00:00,50.726
2018-05-29 12:45:00,49.418
2018-05-29 12:30:00,56.247
2018-05-29 12:15:00,60.413
2018-05-29 12:00:00,59.145
2018-05-29 11:45:00,62.115
2018-05-29 11:30:00,58.896
2018-05-29 11:15:00,48.402
2018-05-29 11:00:00,51.778
2018-05-29 10:45:00,54.97
2018-05-29 10:30:00,53.807
2018-05-29 10:15:00,48.7
2018-05-29 10:00:00,25.724
2018-05-29 09:45:00,12.841
2018-05-29 09:30:00,2.375
2018-05-29 09:15:00,-1.648
2018-05-29 09:00:00,-1.062
2018-05-29 08:45:00,-2.034
2018-05-29 08:30:00,-5.336
2018-05-29 08:15:00,-9.767
2018-05-29 08:00:00,-4.811
2018-05-29 07:45:00,-0.863
2018-05-29 07:30:00,-2.29
2018-05-29 07:15:00,-1.711
2018-05-29 07:00:00,-0.943
2018-05-29 06:45:00,-0.929
2018-05-29 06:30:00,-0.93
2018-05-29 06:15:00,-0.926
2018-05-29 06:00:00,-0.927
2018-05-29 05:45:00,-0.932
2018-05-29 05:30:00,-0.925
2018-05-29 05:15:00,-0.928
2018-05-29 05:00:00,-0.93
2018-05-29 04:45:00,-0.931
2018-05-29 04:30:00,-0.925
2018-05-29 04:15:00,-0.927
2018-05-29 04:00:00,-0.929
2018-05-29 03:45:00,-0.929
2018-05-29 03:30:00,-0.929
2018-05-29 03:15:00,-0.929
2018-05-29 03:00:00,-0.93
2018-05-29 02:45:00,-0.93
2018-05-29 02:30:00,-0.929
2018-05-29 02:15:00,-0.93
2018-05-29 02:00:00,-0.931
2018-05-29 01:45:00,-0.931
2018-05-29 01:30:00,-0.931
2018-05-29 01:15:00,-0.931
2018-05-29 01:00:00,-0.932
2018-05-29 00:45:00,-0.935
2018-05-29 00:30:00,-0.934
2018-05-29 00:15:00,-0.933
2018-05-29 00:00:00,-0.931
2018-05-28 23:45:00,-0.929
2018-05-28 23:30:00,-0.93
2018-05-28 23:15:00,-0.929
2018-05-28 23:00:00,-0.926
2018-05-28 22:45:00,-0.927
2018-05-28 22:30:00,-0.927
2018-05-28 22:15:00,-0.931
2018-05-28 22:00:00,-0.93
2018-05-28 21:45:00,-0.936
2018-05-28 21:30:00,-0.936
2018-05-28 21:15:00,-0.94
2018-05-28 21:00:00,-0.94
2018-05-28 20:45:00,-0.938
2018-05-28 20:30:00,-0.939
2018-05-28 20:15:00,-0.939
2018-05-28 20:00:00,-0.931
2018-05-28 19:45:00,-0.933
2018-05-28 19:30:00,-0.935
2018-05-28 19:15:00,-0.935
2018-05-28 19:00:00,-0.94
2018-05-28 18:45:00,-0.939
2018-05-28 18:30:00,-0.936
2018-05-28 18:15:00,-0.937
2018-05-28 18:00:00,-0.936
2018-05-28 17:45:00,-0.935
2018-05-28 17:30:00,-0.937
2018-05-28 17:15:00,-0.935
2018-05-28 17:00:00,-0.936
2018-05-28 16:45:00,-0.933
2018-05-28 16:30:00,-0.934
2018-05-28 16:15:00,-0.935
2018-05-28 16:00:00,-0.934
2018-05-28 15:45:00,-0.934
2018-05-28 15:30:00,-0.936
2018-05-28 15:15:00,-0.936
2018-05-28 15:00:00,-0.936
2018-05-28 14:45:00,-0.936
2018-05-28 14:30:00,-0.934
2018-05-28 14:15:00,-0.936
2018-05-28 14:00:00,-0.935
2018-05-28 13:45:00,-0.935
2018-05-28 13:30:00,-0.925
2018-05-28 13:15:00,-0.93
2018-05-28 13:00:00,-0.93
2018-05-28 12:45:00,-0.928
2018-05-28 12:30:00,-0.929
2018-05-28 12:15:00,-0.93
2018-05-28 12:00:00,-0.931
2018-05-28 11:45:00,-0.93
2018-05-28 11:30:00,-0.925
2018-05-28 11:15:00,-0.925
2018-05-28 11:00:00,-0.926
2018-05-28 10:45:00,-0.926
2018-05-28 10:30:00,-0.925
2018-05-28 10:15:00,-0.924
2018-05-28 10:00:00,-0.924
2018-05-28 09:45:00,-0.923
2018-05-28 09:30:00,-0.924
2018-05-28 09:15:00,-0.927
2018-05-28 09:00:00,-0.92
2018-05-28 08:45:00,-0.917
2018-05-28 08:30:00,-0.918
2018-05-28 08:15:00,-0.92
2018-05-28 08:00:00,-0.92
2018-05-28 07:45:00,-0.918
2018-05-28 07:30:00,-0.919
2018-05-28 07:15:00,-0.922
2018-05-28 07:00:00,-0.925
2018-05-28 06:45:00,-0.92
2018-05-28 06:30:00,-0.918
2018-05-28 06:15:00,-0.919
2018-05-28 06:00:00,-0.923
2018-05-28 05:45:00,-0.924
2018-05-28 05:30:00,-0.925
2018-05-28 05:15:00,-0.92
2018-05-28 05:00:00,-0.917
2018-05-28 04:45:00,-0.918
2018-05-28 04:30:00,-0.918
2018-05-28 04:15:00,-0.92
2018-05-28 04:00:00,-0.921
2018-05-28 03:45:00,-0.925
2018-05-28 03:30:00,-0.928
2018-05-28 03:15:00,-0.929
2018-05-28 03:00:00,-0.928
2018-05-28 02:45:00,-0.938
2018-05-28 02:30:00,-0.938
2018-05-28 02:15:00,-0.938
2018-05-28 02:00:00,-0.938
2018-05-28 01:45:00,-0.937
2018-05-28 01:30:00,-0.935
2018-05-28 01:15:00,-0.935
2018-05-28 01:00:00,-0.935
2018-05-28 00:45:00,-0.934
2018-05-28 00:30:00,-0.933
2018-05-28 00:15:00,-0.933
2018-05-28 00:00:00,-0.931
2018-05-27 23:45:00,-0.93
2018-05-27 23:30:00,-0.935
2018-05-27 23:15:00,-0.934
2018-05-27 23:00:00,-0.931
2018-05-27 22:45:00,-0.938
2018-05-27 22:30:00,-0.939
2018-05-27 22:15:00,-0.939
2018-05-27 22:00:00,-0.937
2018-05-27 21:45:00,-0.939
2018-05-27 21:30:00,-0.94
2018-05-27 21:15:00,-0.94
2018-05-27 21:00:00,-0.941
2018-05-27 20:45:00,-0.94
2018-05-27 20:30:00,-0.938
2018-05-27 20:15:00,-0.932
2018-05-27 20:00:00,-0.934
2018-05-27 19:45:00,-0.936
2018-05-27 19:30:00,-0.935
2018-05-27 19:15:00,-0.934
2018-05-27 19:00:00,-0.933
2018-05-27 18:45:00,-0.934
2018-05-27 18:30:00,-0.934
2018-05-27 18:15:00,-0.931
2018-05-27 18:00:00,-0.93
2018-05-27 17:45:00,-0.93
2018-05-27 17:30:00,-0.924
2018-05-27 17:15:00,-0.926
2018-05-27 17:00:00,-0.927
2018-05-27 16:45:00,-0.922
2018-05-27 16:30:00,-0.926
2018-05-27 16:15:00,-0.929
2018-05-27 16:00:00,-0.927
2018-05-27 15:45:00,-0.925
2018-05-27 15:30:00,-0.922
2018-05-27 15:15:00,-0.922
2018-05-27 15:00:00,-0.923
2018-05-27 14:45:00,-0.924
2018-05-27 14:30:00,-0.925
2018-05-27 14:15:00,-0.923
2018-05-27 14:00:00,-0.922
2018-05-27 13:45:00,-0.921
2018-05-27 13:30:00,-0.925
2018-05-27 13:15:00,-0.924
2018-05-27 13:00:00,-0.924
2018-05-27 12:45:00,-0.925
2018-05-27 12:30:00,-0.925
2018-05-27 12:15:00,-0.925
2018-05-27 12:00:00,-0.926
2018-05-27 11:45:00,-0.926
2018-05-27 11:30:00,-0.926
2018-05-27 11:15:00,-0.926
2018-05-27 11:00:00,-0.926
2018-05-27 10:45:00,-0.928
2018-05-27 10:30:00,-0.927
2018-05-27 10:15:00,-0.925
2018-05-27 10:00:00,-0.926
2018-05-27 09:45:00,-0.916
2018-05-27 09:30:00,-0.918
2018-05-27 09:15:00,-0.917
2018-05-27 09:00:00,-0.918
2018-05-27 08:45:00,-0.918
2018-05-27 08:30:00,-0.918
2018-05-27 08:15:00,-0.92
2018-05-27 08:00:00,-0.922
2018-05-27 07:45:00,-0.923
2018-05-27 07:30:00,-0.92
2018-05-27 07:15:00,-0.918
2018-05-27 07:00:00,-0.918
2018-05-27 06:45:00,-0.918
2018-05-27 06:30:00,-0.919
2018-05-27 06:15:00,-0.92
2018-05-27 06:00:00,-0.92
2018-05-27 05:45:00,-0.919
2018-05-27 05:30:00,-0.92
2018-05-27 05:15:00,-0.92
2018-05-27 05:00:00,-0.922
2018-05-27 04:45:00,-0.922
2018-05-27 04:30:00,-0.923
2018-05-27 04:15:00,-0.923
2018-05-27 04:00:00,-0.924
2018-05-27 03:45:00,-0.926
2018-05-27 03:30:00,-0.925
2018-05-27 03:15:00,-0.923
2018-05-27 03:00:00,-0.924
2018-05-27 02:45:00,-0.924
2018-05-27 02:30:00,-0.926
2018-05-27 02:15:00,-0.925
2018-05-27 02:00:00,-0.926
2018-05-27 01:45:00,-0.925
2018-05-27 01:30:00,-0.925
2018-05-27 01:15:00,-0.924
2018-05-27 01:00:00,-0.923
2018-05-27 00:45:00,-0.926
2018-05-27 00:30:00,-0.929
2018-05-27 00:15:00,-0.928
2018-05-27 00:00:00,-0.926
2018-05-26 23:45:00,-0.923
2018-05-26 23:30:00,-0.923
2018-05-26 23:15:00,-0.923
2018-05-26 23:00:00,-0.926
2018-05-26 22:45:00,-0.924
2018-05-26 22:30:00,-0.922
2018-05-26 22:15:00,-0.927
2018-05-26 22:00:00,-0.932
2018-05-26 21:45:00,-0.937
2018-05-26 21:30:00,-0.937
2018-05-26 21:15:00,-0.936
2018-05-26 21:00:00,-0.935
2018-05-26 20:45:00,-0.935
2018-05-26 20:30:00,-0.934
2018-05-26 20:15:00,-0.929
2018-05-26 20:00:00,-0.93
2018-05-26 19:45:00,-0.932
2018-05-26 19:30:00,-0.932
2018-05-26 19:15:00,-0.934
2018-05-26 19:00:00,-0.934
2018-05-26 18:45:00,-0.934
2018-05-26 18:30:00,-0.934
2018-05-26 18:15:00,-0.934
2018-05-26 18:00:00,-0.932
2018-05-26 17:45:00,-0.932
2018-05-26 17:30:00,-0.933
2018-05-26 17:15:00,-0.932
2018-05-26 17:00:00,-0.931
2018-05-26 16:45:00,-0.931
2018-05-26 16:30:00,-0.931
2018-05-26 16:15:00,-0.93
2018-05-26 16:00:00,-0.929
2018-05-26 15:45:00,-0.93
2018-05-26 15:30:00,-0.931
2018-05-26 15:15:00,-0.933
2018-05-26 15:00:00,-0.93
2018-05-26 14:45:00,-0.929
2018-05-26 14:30:00,-0.926
2018-05-26 14:15:00,-0.922
2018-05-26 14:00:00,-0.921
2018-05-26 13:45:00,-0.924
2018-05-26 13:30:00,-0.928
2018-05-26 13:15:00,-0.927
2018-05-26 13:00:00,-0.928
2018-05-26 12:45:00,-0.927
2018-05-26 12:30:00,-0.927
2018-05-26 12:15:00,-0.927
2018-05-26 12:00:00,-0.928
2018-05-26 11:45:00,-0.927
2018-05-26 11:30:00,-0.928
2018-05-26 11:15:00,-0.929
2018-05-26 11:00:00,-0.928
2018-05-26 10:45:00,-0.928
2018-05-26 10:30:00,-0.929
2018-05-26 10:15:00,-0.928
2018-05-26 10:00:00,-0.931
2018-05-26 09:45:00,-0.929
2018-05-26 09:30:00,-0.929
2018-05-26 09:15:00,-0.929
2018-05-26 09:00:00,-0.927
2018-05-26 08:45:00,-0.926
2018-05-26 08:30:00,-0.921
2018-05-26 08:15:00,-0.914
2018-05-26 08:00:00,-0.917
2018-05-26 07:45:00,-0.918
2018-05-26 07:30:00,-0.915
2018-05-26 07:15:00,-0.915
2018-05-26 07:00:00,-0.918
2018-05-26 06:45:00,-0.92
2018-05-26 06:30:00,-0.92
2018-05-26 06:15:00,-0.921
2018-05-26 06:00:00,-0.924
2018-05-26 05:45:00,-0.924
2018-05-26 05:30:00,-0.925
2018-05-26 05:15:00,-0.926
2018-05-26 05:00:00,-0.928
2018-05-26 04:45:00,-0.929
2018-05-26 04:30:00,-0.929
2018-05-26 04:15:00,-0.93
2018-05-26 04:00:00,-0.931
2018-05-26 03:45:00,-0.931
2018-05-26 03:30:00,-0.93
2018-05-26 03:15:00,-0.93
2018-05-26 03:00:00,-0.931
2018-05-26 02:45:00,-0.935
2018-05-26 02:30:00,-0.935
2018-05-26 02:15:00,-0.933
2018-05-26 02:00:00,-0.933
2018-05-26 01:45:00,-0.932
2018-05-26 01:30:00,-0.932
2018-05-26 01:15:00,-0.93
2018-05-26 01:00:00,-0.929
2018-05-26 00:45:00,-0.928
2018-05-26 00:30:00,-0.927
2018-05-26 00:15:00,-0.93
2018-05-26 00:00:00,-0.932
2018-05-25 23:45:00,-0.932
2018-05-25 23:30:00,-0.93
2018-05-25 23:15:00,-0.932
2018-05-25 23:00:00,-0.934
2018-05-25 22:45:00,-0.938
2018-05-25 22:30:00,-0.935
2018-05-25 22:15:00,-0.934
2018-05-25 22:00:00,-0.933
2018-05-25 21:45:00,-0.937
2018-05-25 21:30:00,-0.936
2018-05-25 21:15:00,-0.941
2018-05-25 21:00:00,-0.946
2018-05-25 20:45:00,-0.944
2018-05-25 20:30:00,-0.943
2018-05-25 20:15:00,-0.94
2018-05-25 20:00:00,-0.93
2018-05-25 19:45:00,-0.927
2018-05-25 19:30:00,-0.928
2018-05-25 19:15:00,-0.93
2018-05-25 19:00:00,-0.937
2018-05-25 18:45:00,-0.935
2018-05-25 18:30:00,-0.935
2018-05-25 18:15:00,-0.933
2018-05-25 18:00:00,-0.931
2018-05-25 17:45:00,-0.93
2018-05-25 17:30:00,-0.93
2018-05-25 17:15:00,-0.929
2018-05-25 17:00:00,-0.927
2018-05-25 16:45:00,-0.929
2018-05-25 16:30:00,-0.928
2018-05-25 16:15:00,-0.927
2018-05-25 16:00:00,-0.926
2018-05-25 15:45:00,-0.929
2018-05-25 15:30:00,-0.935
2018-05-25 15:15:00,-0.935
2018-05-25 15:00:00,-0.933
2018-05-25 14:45:00,-0.929
2018-05-25 14:30:00,-0.922
2018-05-25 14:15:00,-0.924
2018-05-25 14:00:00,-0.927
2018-05-25 13:45:00,-0.928
2018-05-25 13:30:00,-0.928
2018-05-25 13:15:00,-0.926
2018-05-25 13:00:00,-0.922
2018-05-25 12:45:00,-0.921
2018-05-25 12:30:00,-0.919
2018-05-25 12:15:00,-0.92
2018-05-25 12:00:00,-0.919
2018-05-25 11:45:00,-0.922
2018-05-25 11:30:00,-0.922
2018-05-25 11:15:00,-0.92
2018-05-25 11:00:00,-0.921
2018-05-25 10:45:00,-0.925
2018-05-25 10:30:00,-0.927
2018-05-25 10:15:00,-0.926
2018-05-25 10:00:00,-0.921
2018-05-25 09:45:00,-0.922
2018-05-25 09:30:00,-0.922
2018-05-25 09:15:00,-3.382
2018-05-25 09:00:00,-8.994
2018-05-25 08:45:00,-30.348
2018-05-25 08:30:00,-31.727
2018-05-25 08:15:00,6.487
2018-05-25 08:00:00,44.438
2018-05-25 07:45:00,-4.437
2018-05-25 07:30:00,-3.005
2018-05-25 07:15:00,-2.731
2018-05-25 07:00:00,-3.71
2018-05-25 06:45:00,-10.866
2018-05-25 06:30:00,-15.332
2018-05-25 06:15:00,-15.23
2018-05-25 06:00:00,-18.052
2018-05-25 05:45:00,-13.925
2018-05-25 05:30:00,-16.145
2018-05-25 05:15:00,-13.924
2018-05-25 05:00:00,-2.744
2018-05-25 04:45:00,-0.914
2018-05-25 04:30:00,-0.92
2018-05-25 04:15:00,-1.227
2018-05-25 04:00:00,-1.851
2018-05-25 03:45:00,-1.856
2018-05-25 03:30:00,-1.86
2018-05-25 03:15:00,-2.174
2018-05-25 03:00:00,-0.923
2018-05-25 02:45:00,-0.922
2018-05-25 02:30:00,-1.525
2018-05-25 02:15:00,-1.862
2018-05-25 02:00:00,-1.861
2018-05-25 01:45:00,-1.072
2018-05-25 01:30:00,-1.849
2018-05-25 01:15:00,-1.412
2018-05-25 01:00:00,-1.759
2018-05-25 00:45:00,-0.921
2018-05-25 00:30:00,-0.919
2018-05-25 00:15:00,-1.151
2018-05-25 00:00:00,-1.881
2018-05-24 23:45:00,-2.161
2018-05-24 23:30:00,-1.946
2018-05-24 23:15:00,-1.895
2018-05-24 23:00:00,-2.295
2018-05-24 22:45:00,-1.911
2018-05-24 22:30:00,-1.743
2018-05-24 22:15:00,-1.797
2018-05-24 22:00:00,-1.708
2018-05-24 21:45:00,-1.649
2018-05-24 21:30:00,-1.363
2018-05-24 21:15:00,-1.258
2018-05-24 21:00:00,-2.387
2018-05-24 20:45:00,-2.108
2018-05-24 20:30:00,-1.757
2018-05-24 20:15:00,-1.418
2018-05-24 20:00:00,-1.982
2018-05-24 19:45:00,-1.773
2018-05-24 19:30:00,-1.973
2018-05-24 19:15:00,-1.218
2018-05-24 19:00:00,-1.113
2018-05-24 18:45:00,6.065
2018-05-24 18:30:00,18.114
2018-05-24 18:15:00,18.773
2018-05-24 18:00:00,6.311
2018-05-24 17:45:00,27.579
2018-05-24 17:30:00,51.101
2018-05-24 17:15:00,21.174
2018-05-24 17:00:00,18.155
2018-05-24 16:45:00,8.549
2018-05-24 16:30:00,4.773
2018-05-24 16:15:00,22.421
2018-05-24 16:00:00,-0.83
2018-05-24 15:45:00,26.505
2018-05-24 15:30:00,63.602
2018-05-24 15:15:00,59.52
2018-05-24 15:00:00,53.96
2018-05-24 14:45:00,52.651
2018-05-24 14:30:00,58.631
2018-05-24 14:15:00,12.458
2018-05-24 14:00:00,-4.147
2018-05-24 13:45:00,-2.39
2018-05-24 13:30:00,35.4
2018-05-24 13:15:00,51.797
2018-05-24 13:00:00,35.687
2018-05-24 12:45:00,13.645
2018-05-24 12:30:00,11.068
2018-05-24 12:15:00,3.819
2018-05-24 12:00:00,-14.655
2018-05-24 11:45:00,-23.403
2018-05-24 11:30:00,-36.473
2018-05-24 11:15:00,-36.773
2018-05-24 11:00:00,-22.406
2018-05-24 10:45:00,-20.337
2018-05-24 10:30:00,-16.941
2018-05-24 10:15:00,-3.634
2018-05-24 10:00:00,-5.065
2018-05-24 09:45:00,-17.486
2018-05-24 09:30:00,-28.037
2018-05-24 09:15:00,-23.402
2018-05-24 09:00:00,-24.176
2018-05-24 08:45:00,-22.917
2018-05-24 08:30:00,-31.956
2018-05-24 08:15:00,-30.327
2018-05-24 08:00:00,-35.984
2018-05-24 07:45:00,-30.577
2018-05-24 07:30:00,-24.626
2018-05-24 07:15:00,-16.374
2018-05-24 07:00:00,-18.91
2018-05-24 06:45:00,-23.494
2018-05-24 06:30:00,-19.149
2018-05-24 06:15:00,-20.303
2018-05-24 06:00:00,-19.362
2018-05-24 05:45:00,-16.887
2018-05-24 05:30:00,-17.05
2018-05-24 05:15:00,-8.406
2018-05-24 05:00:00,-1.999
2018-05-24 04:45:00,-1.976
2018-05-24 04:30:00,-1.976
2018-05-24 04:15:00,-2.051
2018-05-24 04:00:00,-0.94
2018-05-24 03:45:00,-0.921
2018-05-24 03:30:00,-1.219
2018-05-24 03:15:00,-0.998
2018-05-24 03:00:00,-0.923
2018-05-24 02:45:00,-0.922
2018-05-24 02:30:00,-0.922
2018-05-24 02:15:00,-0.92
2018-05-24 02:00:00,-0.917
2018-05-24 01:45:00,-1.991
2018-05-24 01:30:00,-1.997
2018-05-24 01:15:00,-1.998
2018-05-24 01:00:00,-1.986
2018-05-24 00:45:00,-2.042
2018-05-24 00:30:00,-2.351
2018-05-24 00:15:00,-2.353
2018-05-24 00:00:00,-2.386
2018-05-23 23:45:00,-2.162
2018-05-23 23:30:00,-2.892
2018-05-23 23:15:00,-2.77
2018-05-23 23:00:00,-2.546
2018-05-23 22:45:00,-2.321
2018-05-23 22:30:00,-2.494
2018-05-23 22:15:00,-2.586
2018-05-23 22:00:00,-2.602
2018-05-23 21:45:00,-3.287
2018-05-23 21:30:00,-2.484
2018-05-23 21:15:00,-2.289
2018-05-23 21:00:00,-2.257
2018-05-23 20:45:00,-1.559
2018-05-23 20:30:00,-2.528
2018-05-23 20:15:00,-2.569
2018-05-23 20:00:00,-2.977
2018-05-23 19:45:00,-2.533
2018-05-23 19:30:00,-2.92
2018-05-23 19:15:00,-1.859
2018-05-23 19:00:00,-1.654
2018-05-23 18:45:00,2.356
2018-05-23 18:30:00,-0.268
2018-05-23 18:15:00,-7.175
2018-05-23 18:00:00,-7.835
2018-05-23 17:45:00,-2.911
2018-05-23 17:30:00,-3.905
2018-05-23 17:15:00,0.101
2018-05-23 17:00:00,16.553
2018-05-23 16:45:00,26.762
2018-05-23 16:30:00,7.225
2018-05-23 16:15:00,35.297
2018-05-23 16:00:00,73.825
2018-05-23 15:45:00,28.368
2018-05-23 15:30:00,38.71
2018-05-23 15:15:00,55.122
2018-05-23 15:00:00,64.989
2018-05-23 14:45:00,81.326
2018-05-23 14:30:00,41.336
2018-05-23 14:15:00,56.507
2018-05-23 14:00:00,115.039
2018-05-23 13:45:00,140.569
2018-05-23 13:30:00,119.918
2018-05-23 13:15:00,166.626
2018-05-23 13:00:00,6.049
2018-05-23 12:45:00,-1.369
2018-05-23 12:30:00,-3.659
2018-05-23 12:15:00,-17.309
2018-05-23 12:00:00,-17.774
2018-05-23 11:45:00,-8.324
2018-05-23 11:30:00,-13.173
2018-05-23 11:15:00,-13.17
2018-05-23 11:00:00,9.281
2018-05-23 10:45:00,18.743
2018-05-23 10:30:00,0.659
2018-05-23 10:15:00,-2.924
2018-05-23 10:00:00,6.814
2018-05-23 09:45:00,5.583
2018-05-23 09:30:00,1.762
2018-05-23 09:15:00,18.141
2018-05-23 09:00:00,4.578
2018-05-23 08:45:00,2.601
2018-05-23 08:30:00,2.452
2018-05-23 08:15:00,-5.05
2018-05-23 08:00:00,-25.446
2018-05-23 07:45:00,-16.768
2018-05-23 07:30:00,-21.148
2018-05-23 07:15:00,-8.768
2018-05-23 07:00:00,-9.271
2018-05-23 06:45:00,-17.195
2018-05-23 06:30:00,-22.686
2018-05-23 06:15:00,-21.313
2018-05-23 06:00:00,-24.409
2018-05-23 05:45:00,-23.701
2018-05-23 05:30:00,-28.005
2018-05-23 05:15:00,-19.808
2018-05-23 05:00:00,-12.844
2018-05-23 04:45:00,-13.837
2018-05-23 04:30:00,-11.659
2018-05-23 04:15:00,-13.833
2018-05-23 04:00:00,-13.698
2018-05-23 03:45:00,-13.905
2018-05-23 03:30:00,-15.51
2018-05-23 03:15:00,-16.221
2018-05-23 03:00:00,-17.593
2018-05-23 02:45:00,-16.844
2018-05-23 02:30:00,-17.221
2018-05-23 02:15:00,-18.231
2018-05-23 02:00:00,-17.593
2018-05-23 01:45:00,-18.601
2018-05-23 01:30:00,-18.642
2018-05-23 01:15:00,-18.483
2018-05-23 01:00:00,-19.362
2018-05-23 00:45:00,-18.482
2018-05-23 00:30:00,-19.156
2018-05-23 00:15:00,-19.317
2018-05-23 00:00:00,-20.692
2018-05-22 23:45:00,-18.899
2018-05-22 23:30:00,-22.51
2018-05-22 23:15:00,-21.694
2018-05-22 23:00:00,-22.249
2018-05-22 22:45:00,-22.53
2018-05-22 22:30:00,-22.549
2018-05-22 22:15:00,-23.786
2018-05-22 22:00:00,-22.158
2018-05-22 21:45:00,-24.792
2018-05-22 21:30:00,-25.705
2018-05-22 21:15:00,-26.299
2018-05-22 21:00:00,-26.688
2018-05-22 20:45:00,-28.42
2018-05-22 20:30:00,-27.949
2018-05-22 20:15:00,-28.221
2018-05-22 20:00:00,-29.873
2018-05-22 19:45:00,-29.938
2018-05-22 19:30:00,-30.561
2018-05-22 19:15:00,-26.844
2018-05-22 19:00:00,-23.309
2018-05-22 18:45:00,-11.336
2018-05-22 18:30:00,-2.893
2018-05-22 18:15:00,-1.86
2018-05-22 18:00:00,-0.918
2018-05-22 17:45:00,1.242
2018-05-22 17:30:00,-0.924
2018-05-22 17:15:00,0.612
2018-05-22 17:00:00,-0.928
2018-05-22 16:45:00,-0.929
2018-05-22 16:30:00,-0.928
2018-05-22 16:15:00,3.029
2018-05-22 16:00:00,0.444
2018-05-22 15:45:00,2.224
2018-05-22 15:30:00,1.466
2018-05-22 15:15:00,3.33
2018-05-22 15:00:00,2.294
2018-05-22 14:45:00,17.453
2018-05-22 14:30:00,63.155
2018-05-22 14:15:00,139.784
2018-05-22 14:00:00,68.874
2018-05-22 13:45:00,82.089
2018-05-22 13:30:00,85.45
2018-05-22 13:15:00,77.655
2018-05-22 13:00:00,53.557
2018-05-22 12:45:00,60.686
2018-05-22 12:30:00,64.11
2018-05-22 12:15:00,140.903
2018-05-22 12:00:00,90.793
2018-05-22 11:45:00,31.794
2018-05-22 11:30:00,-1.201
2018-05-22 11:15:00,33.482
2018-05-22 11:00:00,36.248
2018-05-22 10:45:00,53.42
2018-05-22 10:30:00,13.505
2018-05-22 10:15:00,23.864
2018-05-22 10:00:00,37.772
2018-05-22 09:45:00,58.972
2018-05-22 09:30:00,71.801
2018-05-22 09:15:00,34.677
2018-05-22 09:00:00,23.859
2018-05-22 08:45:00,31.946
2018-05-22 08:30:00,1.741
2018-05-22 08:15:00,3.63
2018-05-22 08:00:00,-1.624
2018-05-22 07:45:00,-3.595
2018-05-22 07:30:00,-9.472
2018-05-22 07:15:00,-8.212
2018-05-22 07:00:00,-5.989
2018-05-22 06:45:00,-13.26
2018-05-22 06:30:00,-17.963
2018-05-22 06:15:00,-19.884
2018-05-22 06:00:00,-22.317
2018-05-22 05:45:00,-23.142
2018-05-22 05:30:00,-25.175
2018-05-22 05:15:00,-15.181
2018-05-22 05:00:00,-5.156
2018-05-22 04:45:00,-7.027
2018-05-22 04:30:00,-5.713
2018-05-22 04:15:00,-6.257
2018-05-22 04:00:00,-7.283
2018-05-22 03:45:00,-5.904
2018-05-22 03:30:00,-7.457
2018-05-22 03:15:00,-10.109
2018-05-22 03:00:00,-16.213
2018-05-22 02:45:00,-12.662
2018-05-22 02:30:00,-14.614
2018-05-22 02:15:00,-14.316
2018-05-22 02:00:00,-15.851
2018-05-22 01:45:00,-14.919
2018-05-22 01:30:00,-15.035
2018-05-22 01:15:00,-17.046
2018-05-22 01:00:00,-16.562
2018-05-22 00:45:00,-16.792
2018-05-22 00:30:00,-15.865
2018-05-22 00:15:00,-17.279
2018-05-22 00:00:00,-15.945
2018-05-21 23:45:00,-17.369
2018-05-21 23:30:00,-16.111
2018-05-21 23:15:00,-17.426
2018-05-21 23:00:00,-16.61
2018-05-21 22:45:00,-18.679
2018-05-21 22:30:00,-15.581
2018-05-21 22:15:00,-17.801
2018-05-21 22:00:00,-17.041
2018-05-21 21:45:00,-17.781
2018-05-21 21:30:00,-17.28
2018-05-21 21:15:00,-18.415
2018-05-21 21:00:00,-17.777
2018-05-21 20:45:00,-17.625
2018-05-21 20:30:00,-19.361
2018-05-21 20:15:00,-18.544
2018-05-21 20:00:00,-18.569
2018-05-21 19:45:00,-18.487
2018-05-21 19:30:00,-36.497
2018-05-21 19:15:00,-41.293
2018-05-21 19:00:00,-41.101
2018-05-21 18:45:00,-45.721
2018-05-21 18:30:00,-30.439
2018-05-21 18:15:00,-14.121
2018-05-21 18:00:00,-5.112
2018-05-21 17:45:00,-2.436
2018-05-21 17:30:00,-1.701
2018-05-21 17:15:00,-12.612
2018-05-21 17:00:00,-4.698
2018-05-21 16:45:00,-20.862
2018-05-21 16:30:00,-28.576
2018-05-21 16:15:00,-9.152
2018-05-21 16:00:00,-9.933
2018-05-21 15:45:00,-16.913
2018-05-21 15:30:00,10.111
2018-05-21 15:15:00,23.279
2018-05-21 15:00:00,64.949
2018-05-21 14:45:00,67.885
2018-05-21 14:30:00,80.844
2018-05-21 14:15:00,50.854
2018-05-21 14:00:00,36.985
2018-05-21 13:45:00,59.388
2018-05-21 13:30:00,67.668
2018-05-21 13:15:00,133.25
2018-05-21 13:00:00,58.007
2018-05-21 12:45:00,58.322
2018-05-21 12:30:00,73.111
2018-05-21 12:15:00,64.12
2018-05-21 12:00:00,98.181
2018-05-21 11:45:00,60.41
2018-05-21 11:30:00,38.711
2018-05-21 11:15:00,7.833
2018-05-21 11:00:00,22.16
2018-05-21 10:45:00,18.333
2018-05-21 10:30:00,13.965
2018-05-21 10:15:00,-0.811
2018-05-21 10:00:00,13.103
2018-05-21 09:45:00,27.961
2018-05-21 09:30:00,9.792
2018-05-21 09:15:00,-5.231
2018-05-21 09:00:00,-7.846
2018-05-21 08:45:00,-22.772
2018-05-21 08:30:00,-25.503
2018-05-21 08:15:00,-2.325
2018-05-21 08:00:00,-0.504
2018-05-21 07:45:00,-1.032
2018-05-21 07:30:00,-0.915
2018-05-21 07:15:00,-4.647
2018-05-21 07:00:00,-8.256
2018-05-21 06:45:00,-10.486
2018-05-21 06:30:00,-7.794
2018-05-21 06:15:00,-14.311
2018-05-21 06:00:00,-11.1
2018-05-21 05:45:00,-15.55
2018-05-21 05:30:00,-15.182
2018-05-21 05:15:00,-1.906
2018-05-21 05:00:00,-1.578
2018-05-21 04:45:00,-1.682
2018-05-21 04:30:00,-1.578
2018-05-21 04:15:00,-1.804
2018-05-21 04:00:00,-1.717
2018-05-21 03:45:00,-1.637
2018-05-21 03:30:00,-1.975
2018-05-21 03:15:00,-5.324
2018-05-21 03:00:00,-3.974
2018-05-21 02:45:00,-6.802
2018-05-21 02:30:00,-5.936
2018-05-21 02:15:00,-7.359
2018-05-21 02:00:00,-5.197
2018-05-21 01:45:00,-7.575
2018-05-21 01:30:00,-6.623
2018-05-21 01:15:00,-7.573
2018-05-21 01:00:00,-7.516
2018-05-21 00:45:00,-7.612
2018-05-21 00:30:00,-8.267
2018-05-21 00:15:00,-8.316
2018-05-21 00:00:00,-7.615
2018-05-20 23:45:00,-9.183
2018-05-20 23:30:00,-13.386
2018-05-20 23:15:00,-33.918
2018-05-20 23:00:00,-32.46
2018-05-20 22:45:00,-17.984
2018-05-20 22:30:00,-15.836
2018-05-20 22:15:00,-18.667
2018-05-20 22:00:00,-19.012
2018-05-20 21:45:00,-18.228
2018-05-20 21:30:00,-18.034
2018-05-20 21:15:00,-18.277
2018-05-20 21:00:00,-19.684
2018-05-20 20:45:00,-17.143
2018-05-20 20:30:00,-18.977
2018-05-20 20:15:00,-18.606
2018-05-20 20:00:00,-18.681
2018-05-20 19:45:00,-20.559
2018-05-20 19:30:00,-20.162
2018-05-20 19:15:00,-19.074
2018-05-20 19:00:00,-16.11
2018-05-20 18:45:00,-16.665
2018-05-20 18:30:00,-9.19
2018-05-20 18:15:00,-2.001
2018-05-20 18:00:00,-0.917
2018-05-20 17:45:00,-0.916
2018-05-20 17:30:00,-0.917
2018-05-20 17:15:00,-1.779
2018-05-20 17:00:00,1.969
2018-05-20 16:45:00,8.047
2018-05-20 16:30:00,12.316
2018-05-20 16:15:00,17.852
2018-05-20 16:00:00,19.164
2018-05-20 15:45:00,20.272
2018-05-20 15:30:00,16.023
2018-05-20 15:15:00,27.291
2018-05-20 15:00:00,25.136
2018-05-20 14:45:00,31.231
2018-05-20 14:30:00,37.032
2018-05-20 14:15:00,52.954
2018-05-20 14:00:00,68.651
2018-05-20 13:45:00,83.589
2018-05-20 13:30:00,56.283
2018-05-20 13:15:00,62.806
2018-05-20 13:00:00,71.713
2018-05-20 12:45:00,79.757
2018-05-20 12:30:00,61.271
2018-05-20 12:15:00,57.021
2018-05-20 12:00:00,53.237
2018-05-20 11:45:00,53.257
2018-05-20 11:30:00,32.528
2018-05-20 11:15:00,23.333
2018-05-20 11:00:00,25.615
2018-05-20 10:45:00,21.32
2018-05-20 10:30:00,16.611
2018-05-20 10:15:00,16.988
2018-05-20 10:00:00,15.926
2018-05-20 09:45:00,20.958
2018-05-20 09:30:00,17.865
2018-05-20 09:15:00,12.617
2018-05-20 09:00:00,1.879
2018-05-20 08:45:00,-0.96
2018-05-20 08:30:00,-0.917
2018-05-20 08:15:00,-0.918
2018-05-20 08:00:00,-0.984
2018-05-20 07:45:00,-1.234
2018-05-20 07:30:00,-1.493
2018-05-20 07:15:00,-4.81
2018-05-20 07:00:00,-12.508
2018-05-20 06:45:00,-15.983
2018-05-20 06:30:00,-16.206
2018-05-20 06:15:00,-18.125
2018-05-20 06:00:00,-21.313
2018-05-20 05:45:00,-21.075
2018-05-20 05:30:00,-24.274
2018-05-20 05:15:00,-24.263
2018-05-20 05:00:00,-25.807
2018-05-20 04:45:00,-23.423
2018-05-20 04:30:00,-24.636
2018-05-20 04:15:00,-24.458
2018-05-20 04:00:00,-23.946
2018-05-20 03:45:00,-25.051
2018-05-20 03:30:00,-24.677
2018-05-20 03:15:00,-25.929
2018-05-20 03:00:00,-22.556
2018-05-20 02:45:00,-25.131
2018-05-20 02:30:00,-25.251
2018-05-20 02:15:00,-23.971
2018-05-20 02:00:00,-25.143
2018-05-20 01:45:00,-25.366
2018-05-20 01:30:00,-24.644
2018-05-20 01:15:00,-25.099
2018-05-20 01:00:00,-26.3
2018-05-20 00:45:00,-24.627
2018-05-20 00:30:00,-25.518
2018-05-20 00:15:00,-26.429
2018-05-20 00:00:00,-25.277
2018-05-19 23:45:00,-26.463
2018-05-19 23:30:00,-26.266
2018-05-19 23:15:00,-26.308
2018-05-19 23:00:00,-27.239
2018-05-19 22:45:00,-26.308
2018-05-19 22:30:00,-26.765
2018-05-19 22:15:00,-26.387
2018-05-19 22:00:00,-27.122
2018-05-19 21:45:00,-26.905
2018-05-19 21:30:00,-28.046
2018-05-19 21:15:00,-26.503
2018-05-19 21:00:00,-28.325
2018-05-19 20:45:00,-27.282
2018-05-19 20:30:00,-28.472
2018-05-19 20:15:00,-26.935
2018-05-19 20:00:00,-28.383
2018-05-19 19:45:00,-28.623
2018-05-19 19:30:00,-28.253
2018-05-19 19:15:00,-27.796
2018-05-19 19:00:00,-25.471
2018-05-19 18:45:00,-25.174
2018-05-19 18:30:00,-14.171
2018-05-19 18:15:00,-6.977
2018-05-19 18:00:00,-1.607
2018-05-19 17:45:00,-0.919
2018-05-19 17:30:00,-0.919
2018-05-19 17:15:00,-0.918
2018-05-19 17:00:00,-0.917
2018-05-19 16:45:00,-0.918
2018-05-19 16:30:00,-0.917
2018-05-19 16:15:00,-0.916
2018-05-19 16:00:00,-0.918
2018-05-19 15:45:00,-0.918
2018-05-19 15:30:00,-0.918
2018-05-19 15:15:00,1.738
2018-05-19 15:00:00,0.614
2018-05-19 14:45:00,-0.92
2018-05-19 14:30:00,-0.919
2018-05-19 14:15:00,-0.923
2018-05-19 14:00:00,-0.928
2018-05-19 13:45:00,-0.927
2018-05-19 13:30:00,-0.924
2018-05-19 13:15:00,-0.924
2018-05-19 13:00:00,-0.921
2018-05-19 12:45:00,-0.92
2018-05-19 12:30:00,-0.918
2018-05-19 12:15:00,-0.918
2018-05-19 12:00:00,1.034
2018-05-19 11:45:00,2.394
2018-05-19 11:30:00,-0.245
2018-05-19 11:15:00,-0.921
2018-05-19 11:00:00,-0.922
2018-05-19 10:45:00,-0.921
2018-05-19 10:30:00,-0.916
2018-05-19 10:15:00,-0.918
2018-05-19 10:00:00,-0.915
2018-05-19 09:45:00,-0.912
2018-05-19 09:30:00,-0.911
2018-05-19 09:15:00,-0.91
2018-05-19 09:00:00,-0.908
2018-05-19 08:45:00,-0.909
2018-05-19 08:30:00,-0.909
2018-05-19 08:15:00,-0.131
2018-05-19 08:00:00,2.573
2018-05-19 07:45:00,-0.911
2018-05-19 07:30:00,-0.91
2018-05-19 07:15:00,0.802
2018-05-19 07:00:00,2.327
2018-05-19 06:45:00,0.411
2018-05-19 06:30:00,2.4
2018-05-19 06:15:00,2.27
2018-05-19 06:00:00,0.556
2018-05-19 05:45:00,2.46
2018-05-19 05:30:00,1.776
2018-05-19 05:15:00,1.386
2018-05-19 05:00:00,2.354
2018-05-19 04:45:00,1.947
2018-05-19 04:30:00,2.979
2018-05-19 04:15:00,2.167
2018-05-19 04:00:00,3.114
2018-05-19 03:45:00,4.436
2018-05-19 03:30:00,9.363
2018-05-19 03:15:00,13.419
2018-05-19 03:00:00,14.073
2018-05-19 02:45:00,12.885
2018-05-19 02:30:00,11.574
2018-05-19 02:15:00,13.354
2018-05-19 02:00:00,12.248
2018-05-19 01:45:00,13.713
2018-05-19 01:30:00,12.637
2018-05-19 01:15:00,14.017
2018-05-19 01:00:00,12.624
2018-05-19 00:45:00,14.459
2018-05-19 00:30:00,12.008
2018-05-19 00:15:00,12.194
2018-05-19 00:00:00,13.334
2018-05-18 23:45:00,11.934
2018-05-18 23:30:00,13.295
2018-05-18 23:15:00,13.798
2018-05-18 23:00:00,12.494
2018-05-18 22:45:00,12.961
2018-05-18 22:30:00,13.093
2018-05-18 22:15:00,12.929
2018-05-18 22:00:00,11.273
2018-05-18 21:45:00,13.517
2018-05-18 21:30:00,11.183
2018-05-18 21:15:00,12.744
2018-05-18 21:00:00,12.624
2018-05-18 20:45:00,12.876
2018-05-18 20:30:00,12.589
2018-05-18 20:15:00,12.828
2018-05-18 20:00:00,11.397
2018-05-18 19:45:00,11.62
2018-05-18 19:30:00,13.211
2018-05-18 19:15:00,21.163
2018-05-18 19:00:00,23.256
2018-05-18 18:45:00,30.213
2018-05-18 18:30:00,39.806
2018-05-18 18:15:00,37.762
2018-05-18 18:00:00,37.264
2018-05-18 17:45:00,41.531
2018-05-18 17:30:00,33.113
2018-05-18 17:15:00,40.458
2018-05-18 17:00:00,55.145
2018-05-18 16:45:00,63.309
2018-05-18 16:30:00,59.635
2018-05-18 16:15:00,54.343
2018-05-18 16:00:00,63.663
2018-05-18 15:45:00,72.32
2018-05-18 15:30:00,76.698
2018-05-18 15:15:00,95.271
2018-05-18 15:00:00,88.335
2018-05-18 14:45:00,96.614
2018-05-18 14:30:00,82.837
2018-05-18 14:15:00,43.325
2018-05-18 14:00:00,40.761
2018-05-18 13:45:00,27.507
2018-05-18 13:30:00,29.087
2018-05-18 13:15:00,21.579
2018-05-18 13:00:00,8.561
2018-05-18 12:45:00,-0.927
2018-05-18 12:30:00,-0.863
2018-05-18 12:15:00,-0.926
2018-05-18 12:00:00,-0.925
2018-05-18 11:45:00,-0.924
2018-05-18 11:30:00,-0.999
2018-05-18 11:15:00,-1.031
2018-05-18 11:00:00,-16.8
2018-05-18 10:45:00,-12.546
2018-05-18 10:30:00,-3.735
2018-05-18 10:15:00,-1.237
2018-05-18 10:00:00,-2.511
2018-05-18 09:45:00,-1.839
2018-05-18 09:30:00,-7.388
2018-05-18 09:15:00,-11.957
2018-05-18 09:00:00,-18.939
2018-05-18 08:45:00,-21.981
2018-05-18 08:30:00,-24.763
2018-05-18 08:15:00,-27.576
2018-05-18 08:00:00,-28.225
2018-05-18 07:45:00,-25.111
2018-05-18 07:30:00,-31.748
2018-05-18 07:15:00,-14.729
2018-05-18 07:00:00,-17.218
2018-05-18 06:45:00,-19.689
2018-05-18 06:30:00,-20.882
2018-05-18 06:15:00,-19.193
2018-05-18 06:00:00,-20.572
2018-05-18 05:45:00,-20.905
2018-05-18 05:30:00,-27.189
2018-05-18 05:15:00,-14.004
2018-05-18 05:00:00,-10.329
2018-05-18 04:45:00,-10.972
2018-05-18 04:30:00,-11.073
2018-05-18 04:15:00,-12.082
2018-05-18 04:00:00,-13.161
2018-05-18 03:45:00,-13.069
2018-05-18 03:30:00,-11.81
2018-05-18 03:15:00,-14.519
2018-05-18 03:00:00,-12.776
2018-05-18 02:45:00,-13.537
2018-05-18 02:30:00,-13.231
2018-05-18 02:15:00,-14.873
2018-05-18 02:00:00,-11.877
2018-05-18 01:45:00,-16.018
2018-05-18 01:30:00,-15.998
2018-05-18 01:15:00,-15.282
2018-05-18 01:00:00,-14.646
2018-05-18 00:45:00,-16.768
2018-05-18 00:30:00,-16.826
2018-05-18 00:15:00,-17.098
2018-05-18 00:00:00,-14.629
2018-05-17 23:45:00,-17.678
2018-05-17 23:30:00,-17.552
2018-05-17 23:15:00,-17.12
2018-05-17 23:00:00,-17.727
2018-05-17 22:45:00,-18.556
2018-05-17 22:30:00,-16.977
2018-05-17 22:15:00,-20.459
2018-05-17 22:00:00,-19.786
2018-05-17 21:45:00,-21.19
2018-05-17 21:30:00,-20.251
2018-05-17 21:15:00,-24.427
2018-05-17 21:00:00,-26.451
2018-05-17 20:45:00,-28.817
2018-05-17 20:30:00,-31.095
2018-05-17 20:15:00,-34.189
2018-05-17 20:00:00,-33.146
2018-05-17 19:45:00,-35.327
2018-05-17 19:30:00,-34.793
2018-05-17 19:15:00,-33.37
2018-05-17 19:00:00,-32.002
2018-05-17 18:45:00,-32.728
2018-05-17 18:30:00,-23.903
2018-05-17 18:15:00,-22.657
2018-05-17 18:00:00,-27.042
2018-05-17 17:45:00,-25.624
2018-05-17 17:30:00,-18.031
2018-05-17 17:15:00,-4.779
2018-05-17 17:00:00,-7.907
2018-05-17 16:45:00,-1.884
2018-05-17 16:30:00,-1.609
2018-05-17 16:15:00,-0.241
2018-05-17 16:00:00,1.136
2018-05-17 15:45:00,-3.601
2018-05-17 15:30:00,-0.925
2018-05-17 15:15:00,-0.922
2018-05-17 15:00:00,-0.922
2018-05-17 14:45:00,2.74
2018-05-17 14:30:00,-0.086
2018-05-17 14:15:00,-0.929
2018-05-17 14:00:00,0.826
2018-05-17 13:45:00,-0.926
2018-05-17 13:30:00,-0.948
2018-05-17 13:15:00,-0.927
2018-05-17 13:00:00,-0.928
2018-05-17 12:45:00,-0.924
2018-05-17 12:30:00,-0.865
2018-05-17 12:15:00,109.58
2018-05-17 12:00:00,147.145
2018-05-17 11:45:00,145.58
2018-05-17 11:30:00,138.832
2018-05-17 11:15:00,138.692
2018-05-17 11:00:00,147.973
2018-05-17 10:45:00,141.067
2018-05-17 10:30:00,114.944
2018-05-17 10:15:00,138.287
2018-05-17 10:00:00,67.2
2018-05-17 09:45:00,33.043
2018-05-17 09:30:00,93.394
2018-05-17 09:15:00,64.77
2018-05-17 09:00:00,25.505
2018-05-17 08:45:00,38.39
2018-05-17 08:30:00,-1.543
2018-05-17 08:15:00,-3.106
2018-05-17 08:00:00,-17.343
2018-05-17 07:45:00,5.05
2018-05-17 07:30:00,-5.04
2018-05-17 07:15:00,2.074
2018-05-17 07:00:00,-1.267
2018-05-17 06:45:00,-5.21
2018-05-17 06:30:00,-10.035
2018-05-17 06:15:00,-18.035
2018-05-17 06:00:00,-26.511
2018-05-17 05:45:00,-30.415
2018-05-17 05:30:00,-30.882
2018-05-17 05:15:00,-39.474
2018-05-17 05:00:00,-22.634
2018-05-17 04:45:00,-23.903
2018-05-17 04:30:00,-23.919
2018-05-17 04:15:00,-22.726
2018-05-17 04:00:00,-23.828
2018-05-17 03:45:00,-23.549
2018-05-17 03:30:00,-24.468
2018-05-17 03:15:00,-23.637
2018-05-17 03:00:00,-23.623
2018-05-17 02:45:00,-24.267
2018-05-17 02:30:00,-23.576
2018-05-17 02:15:00,-23.851
2018-05-17 02:00:00,-24.144
2018-05-17 01:45:00,-24.681
2018-05-17 01:30:00,-23.865
2018-05-17 01:15:00,-24.878
2018-05-17 01:00:00,-25.007
2018-05-17 00:45:00,-25.246
2018-05-17 00:30:00,-24.861
2018-05-17 00:15:00,-25.646
2018-05-17 00:00:00,-27.053
2018-05-16 23:45:00,-28.12
2018-05-16 23:30:00,-29.511
2018-05-16 23:15:00,-29.909
2018-05-16 23:00:00,-30.036
2018-05-16 22:45:00,-30.304
2018-05-16 22:30:00,-31.545
2018-05-16 22:15:00,-29.737
2018-05-16 22:00:00,-31.851
2018-05-16 21:45:00,-31.138
2018-05-16 21:30:00,-32.746
2018-05-16 21:15:00,-30.742
2018-05-16 21:00:00,-33.326
2018-05-16 20:45:00,-32.763
2018-05-16 20:30:00,-33.929
2018-05-16 20:15:00,-34.129
2018-05-16 20:00:00,-34.241
2018-05-16 19:45:00,-34.565
2018-05-16 19:30:00,-33.527
2018-05-16 19:15:00,-32.833
2018-05-16 19:00:00,-29.053
2018-05-16 18:45:00,-37.171
2018-05-16 18:30:00,-20.852
2018-05-16 18:15:00,-0.929
2018-05-16 18:00:00,-0.926
2018-05-16 17:45:00,-0.93
2018-05-16 17:30:00,-0.93
2018-05-16 17:15:00,-0.93
2018-05-16 17:00:00,-0.927
2018-05-16 16:45:00,-0.929
2018-05-16 16:30:00,-0.931
2018-05-16 16:15:00,-0.929
2018-05-16 16:00:00,-0.925
2018-05-16 15:45:00,-0.925
2018-05-16 15:30:00,-0.926
2018-05-16 15:15:00,-0.926
2018-05-16 15:00:00,-0.924
2018-05-16 14:45:00,-0.925
2018-05-16 14:30:00,-0.924
2018-05-16 14:15:00,-0.922
2018-05-16 14:00:00,-0.874
2018-05-16 13:45:00,102.124
2018-05-16 13:30:00,134.127
2018-05-16 13:15:00,130.085
2018-05-16 13:00:00,129.615
2018-05-16 12:45:00,132.457
2018-05-16 12:30:00,138.807
2018-05-16 12:15:00,139.623
2018-05-16 12:00:00,140.738
2018-05-16 11:45:00,141.043
2018-05-16 11:30:00,136.547
2018-05-16 11:15:00,136.704
2018-05-16 11:00:00,163.139
2018-05-16 10:45:00,72.485
2018-05-16 10:30:00,36.667
2018-05-16 10:15:00,13.59
2018-05-16 10:00:00,-0.64
2018-05-16 09:45:00,-0.93
2018-05-16 09:30:00,-0.932
2018-05-16 09:15:00,-0.932
2018-05-16 09:00:00,-0.931
2018-05-16 08:45:00,-0.932
2018-05-16 08:30:00,-0.983
2018-05-16 08:15:00,-13.58
2018-05-16 08:00:00,-28.271
2018-05-16 07:45:00,-24.751
2018-05-16 07:30:00,-24.752
2018-05-16 07:15:00,-23.129
2018-05-16 07:00:00,-11.593
2018-05-16 06:45:00,-15.352
2018-05-16 06:30:00,-13.581
2018-05-16 06:15:00,-22.458
2018-05-16 06:00:00,-26.688
2018-05-16 05:45:00,-29.765
2018-05-16 05:30:00,-30.194
2018-05-16 05:15:00,-37.399
2018-05-16 05:00:00,-24.267
2018-05-16 04:45:00,-22.139
2018-05-16 04:30:00,-21.855
2018-05-16 04:15:00,-22.192
2018-05-16 04:00:00,-23.896
2018-05-16 03:45:00,-22.483
2018-05-16 03:30:00,-23.711
2018-05-16 03:15:00,-22.422
2018-05-16 03:00:00,-23.442
2018-05-16 02:45:00,-22.826
2018-05-16 02:30:00,-23.467
2018-05-16 02:15:00,-23.645
2018-05-16 02:00:00,-22.979
2018-05-16 01:45:00,-23.869
2018-05-16 01:30:00,-23.819
2018-05-16 01:15:00,-23.496
2018-05-16 01:00:00,-25.607
2018-05-16 00:45:00,-24.736
2018-05-16 00:30:00,-25.246
2018-05-16 00:15:00,-23.373
2018-05-16 00:00:00,-26.544
2018-05-15 23:45:00,-25.961
2018-05-15 23:30:00,-26.644
2018-05-15 23:15:00,-26.716
2018-05-15 23:00:00,-26.666
2018-05-15 22:45:00,-27.837
2018-05-15 22:30:00,-27.539
2018-05-15 22:15:00,-28.521
2018-05-15 22:00:00,-26.939
2018-05-15 21:45:00,-27.737
2018-05-15 21:30:00,-28.727
2018-05-15 21:15:00,-30.231
2018-05-15 21:00:00,-32.067
2018-05-15 20:45:00,-32.951
2018-05-15 20:30:00,-33.722
2018-05-15 20:15:00,-33.756
2018-05-15 20:00:00,-35.457
2018-05-15 19:45:00,-35.465
2018-05-15 19:30:00,-34.387
2018-05-15 19:15:00,-32.849
2018-05-15 19:00:00,-32.757
2018-05-15 18:45:00,-30.484
2018-05-15 18:30:00,-14.458
2018-05-15 18:15:00,-15.001
2018-05-15 18:00:00,-7.082
2018-05-15 17:45:00,-6.867
2018-05-15 17:30:00,-0.935
2018-05-15 17:15:00,-0.936
2018-05-15 17:00:00,-0.936
2018-05-15 16:45:00,-0.936
2018-05-15 16:30:00,-0.936
2018-05-15 16:15:00,-0.934
2018-05-15 16:00:00,-0.931
2018-05-15 15:45:00,-0.933
2018-05-15 15:30:00,-0.933
2018-05-15 15:15:00,-0.932
2018-05-15 15:00:00,-0.931
2018-05-15 14:45:00,-0.931
2018-05-15 14:30:00,-0.929
2018-05-15 14:15:00,-0.931
2018-05-15 14:00:00,-0.924
2018-05-15 13:45:00,30.016
2018-05-15 13:30:00,151.475
2018-05-15 13:15:00,152.36
2018-05-15 13:00:00,157.504
2018-05-15 12:45:00,167.302
2018-05-15 12:30:00,165.297
2018-05-15 12:15:00,163.357
2018-05-15 12:00:00,155.548
2018-05-15 11:45:00,129.828
2018-05-15 11:30:00,158.544
2018-05-15 11:15:00,112.128
2018-05-15 11:00:00,53.189
2018-05-15 10:45:00,32.593
2018-05-15 10:30:00,7.006
2018-05-15 10:15:00,5.255
2018-05-15 10:00:00,-2.316
2018-05-15 09:45:00,-3.488
2018-05-15 09:30:00,-0.922
2018-05-15 09:15:00,-1.822
2018-05-15 09:00:00,-3.014
2018-05-15 08:45:00,-7.876
2018-05-15 08:30:00,-11.785
2018-05-15 08:15:00,-16.618
2018-05-15 08:00:00,-17.327
2018-05-15 07:45:00,-15.647
2018-05-15 07:30:00,-24.48
2018-05-15 07:15:00,-12.557
2018-05-15 07:00:00,-24.127
2018-05-15 06:45:00,-25.971
2018-05-15 06:30:00,-28.786
2018-05-15 06:15:00,-29.828
2018-05-15 06:00:00,-34.912
2018-05-15 05:45:00,-33.267
2018-05-15 05:30:00,-34.552
2018-05-15 05:15:00,-33.852
2018-05-15 05:00:00,-16.305
2018-05-15 04:45:00,-16.708
2018-05-15 04:30:00,-16.719
2018-05-15 04:15:00,-16.222
2018-05-15 04:00:00,-16.934
2018-05-15 03:45:00,-15.881
2018-05-15 03:30:00,-16.188
2018-05-15 03:15:00,-16.202
2018-05-15 03:00:00,-16.765
2018-05-15 02:45:00,-16.996
2018-05-15 02:30:00,-16.796
2018-05-15 02:15:00,-15.682
2018-05-15 02:00:00,-16.382
2018-05-15 01:45:00,-16.204
2018-05-15 01:30:00,-16.123
2018-05-15 01:15:00,-15.507
2018-05-15 01:00:00,-18.037
2018-05-15 00:45:00,-16.138
2018-05-15 00:30:00,-18.845
2018-05-15 00:15:00,-17.007
2018-05-15 00:00:00,-16.99
2018-05-14 23:45:00,-16.901
2018-05-14 23:30:00,-18.252
2018-05-14 23:15:00,-16.532
2018-05-14 23:00:00,-17.622
2018-05-14 22:45:00,-17.768
2018-05-14 22:30:00,-18.382
2018-05-14 22:15:00,-17.809
2018-05-14 22:00:00,-19.227
2018-05-14 21:45:00,-19.345
2018-05-14 21:30:00,-19.109
2018-05-14 21:15:00,-19.506
2018-05-14 21:00:00,-21.804
2018-05-14 20:45:00,-26.278
2018-05-14 20:30:00,-27.075
2018-05-14 20:15:00,-27.608
2018-05-14 20:00:00,-28.639
2018-05-14 19:45:00,-29.027
2018-05-14 19:30:00,-36.538
2018-05-14 19:15:00,-49.363
2018-05-14 19:00:00,-50.55
2018-05-14 18:45:00,-47.257
2018-05-14 18:30:00,-28.584
2018-05-14 18:15:00,-20.123
2018-05-14 18:00:00,-18.135
2018-05-14 17:45:00,-4.792
2018-05-14 17:30:00,-14.108
2018-05-14 17:15:00,-11.609
2018-05-14 17:00:00,-3.97
2018-05-14 16:45:00,-2.636
2018-05-14 16:30:00,-2.097
2018-05-14 16:15:00,-0.932
2018-05-14 16:00:00,-0.93
2018-05-14 15:45:00,-0.929
2018-05-14 15:30:00,-0.927
2018-05-14 15:15:00,-0.928
2018-05-14 15:00:00,-0.93
2018-05-14 14:45:00,-0.933
2018-05-14 14:30:00,-0.93
2018-05-14 14:15:00,-0.93
2018-05-14 14:00:00,-0.924
2018-05-14 13:45:00,-0.897
2018-05-14 13:30:00,59.328
2018-05-14 13:15:00,80.741
2018-05-14 13:00:00,57.934
2018-05-14 12:45:00,105.129
2018-05-14 12:30:00,118.679
2018-05-14 12:15:00,126.915
2018-05-14 12:00:00,139.536
2018-05-14 11:45:00,116.783
2018-05-14 11:30:00,108.812
2018-05-14 11:15:00,127.165
2018-05-14 11:00:00,122.365
2018-05-14 10:45:00,138.029
2018-05-14 10:30:00,142.017
2018-05-14 10:15:00,52.709
2018-05-14 10:00:00,126.629
2018-05-14 09:45:00,5.348
2018-05-14 09:30:00,-1.331
2018-05-14 09:15:00,-1.871
2018-05-14 09:00:00,-12.367
2018-05-14 08:45:00,3.27
2018-05-14 08:30:00,-13.732
2018-05-14 08:15:00,-5.831
2018-05-14 08:00:00,-9.946
2018-05-14 07:45:00,-9.923
2018-05-14 07:30:00,2.37
2018-05-14 07:15:00,4.952
2018-05-14 07:00:00,-5.428
2018-05-14 06:45:00,-14.077
2018-05-14 06:30:00,-24.489
2018-05-14 06:15:00,-32.084
2018-05-14 06:00:00,-37.895
2018-05-14 05:45:00,-37.403
2018-05-14 05:30:00,-38.213
2018-05-14 05:15:00,-27.611
2018-05-14 05:00:00,-19.439
2018-05-14 04:45:00,-20.744
2018-05-14 04:30:00,-19.876
2018-05-14 04:15:00,-20.036
2018-05-14 04:00:00,-19.885
2018-05-14 03:45:00,-20.19
2018-05-14 03:30:00,-20.455
2018-05-14 03:15:00,-19.983
2018-05-14 03:00:00,-21.932
2018-05-14 02:45:00,-19.924
2018-05-14 02:30:00,-21.811
2018-05-14 02:15:00,-21.791
2018-05-14 02:00:00,-21.929
2018-05-14 01:45:00,-21.86
2018-05-14 01:30:00,-21.656
2018-05-14 01:15:00,-21.892
2018-05-14 01:00:00,-22.017
2018-05-14 00:45:00,-22.85
2018-05-14 00:30:00,-23.612
2018-05-14 00:15:00,-23.947
2018-05-14 00:00:00,-25.089
2018-05-13 23:45:00,-27.135
2018-05-13 23:30:00,-28.641
2018-05-13 23:15:00,-45.151
2018-05-13 23:00:00,-40.1
2018-05-13 22:45:00,-25.795
2018-05-13 22:30:00,-25.421
2018-05-13 22:15:00,-26.732
2018-05-13 22:00:00,-26.514
2018-05-13 21:45:00,-28.58
2018-05-13 21:30:00,-26.721
2018-05-13 21:15:00,-28.727
2018-05-13 21:00:00,-27.662
2018-05-13 20:45:00,-28.898
2018-05-13 20:30:00,-29.006
2018-05-13 20:15:00,-28.206
2018-05-13 20:00:00,-31.637
2018-05-13 19:45:00,-29.168
2018-05-13 19:30:00,-29.946
2018-05-13 19:15:00,-27.347
2018-05-13 19:00:00,-23.329
2018-05-13 18:45:00,-17.107
2018-05-13 18:30:00,-2.209
2018-05-13 18:15:00,-0.926
2018-05-13 18:00:00,-0.925
2018-05-13 17:45:00,-0.926
2018-05-13 17:30:00,-0.922
2018-05-13 17:15:00,-0.92
2018-05-13 17:00:00,-0.921
2018-05-13 16:45:00,-0.922
2018-05-13 16:30:00,-0.925
2018-05-13 16:15:00,-0.926
2018-05-13 16:00:00,-0.926
2018-05-13 15:45:00,-0.927
2018-05-13 15:30:00,-0.927
2018-05-13 15:15:00,-0.926
2018-05-13 15:00:00,-0.927
2018-05-13 14:45:00,-0.92
2018-05-13 14:30:00,-0.92
2018-05-13 14:15:00,-0.92
2018-05-13 14:00:00,-0.915
2018-05-13 13:45:00,-0.914
2018-05-13 13:30:00,-0.914
2018-05-13 13:15:00,-0.915
2018-05-13 13:00:00,-0.914
2018-05-13 12:45:00,-0.914
2018-05-13 12:30:00,-0.915
2018-05-13 12:15:00,-0.916
2018-05-13 12:00:00,-0.913
2018-05-13 11:45:00,-0.913
2018-05-13 11:30:00,-1.57
2018-05-13 11:15:00,0.086
2018-05-13 11:00:00,100.987
2018-05-13 10:45:00,169.977
2018-05-13 10:30:00,192.727
2018-05-13 10:15:00,187.85
2018-05-13 10:00:00,156.059
2018-05-13 09:45:00,78.758
2018-05-13 09:30:00,73.496
2018-05-13 09:15:00,81.228
2018-05-13 09:00:00,121.054
2018-05-13 08:45:00,68.415
2018-05-13 08:30:00,75.758
2018-05-13 08:15:00,21.849
2018-05-13 08:00:00,29.153
2018-05-13 07:45:00,38.806
2018-05-13 07:30:00,29.606
2018-05-13 07:15:00,16.793
2018-05-13 07:00:00,2.827
2018-05-13 06:45:00,0.031
2018-05-13 06:30:00,-1.961
2018-05-13 06:15:00,-5.126
2018-05-13 06:00:00,-28.364
2018-05-13 05:45:00,-37.307
2018-05-13 05:30:00,-37.809
2018-05-13 05:15:00,-30.491
2018-05-13 05:00:00,-21.487
2018-05-13 04:45:00,-21.353
2018-05-13 04:30:00,-20.01
2018-05-13 04:15:00,-22.355
2018-05-13 04:00:00,-20.797
2018-05-13 03:45:00,-22.383
2018-05-13 03:30:00,-21.715
2018-05-13 03:15:00,-23.52
2018-05-13 03:00:00,-21.731
2018-05-13 02:45:00,-23.155
2018-05-13 02:30:00,-23.696
2018-05-13 02:15:00,-21.791
2018-05-13 02:00:00,-23.778
2018-05-13 01:45:00,-22.358
2018-05-13 01:30:00,-23.859
2018-05-13 01:15:00,-23.764
2018-05-13 01:00:00,-23.341
2018-05-13 00:45:00,-24.994
2018-05-13 00:30:00,-22.688
2018-05-13 00:15:00,-25.736
2018-05-13 00:00:00,-24.264
2018-05-12 23:45:00,-24.176
2018-05-12 23:30:00,-24.097
2018-05-12 23:15:00,-24.399
2018-05-12 23:00:00,-25.061
2018-05-12 22:45:00,-25.981
2018-05-12 22:30:00,-25.714
2018-05-12 22:15:00,-26.373
2018-05-12 22:00:00,-26.571
2018-05-12 21:45:00,-26.083
2018-05-12 21:30:00,-25.747
2018-05-12 21:15:00,-27.524
2018-05-12 21:00:00,-27.441
2018-05-12 20:45:00,-26.288
2018-05-12 20:30:00,-27.471
2018-05-12 20:15:00,-26.134
2018-05-12 20:00:00,-27.685
2018-05-12 19:45:00,-27.923
2018-05-12 19:30:00,-25.707
2018-05-12 19:15:00,-25.49
2018-05-12 19:00:00,-23.233
2018-05-12 18:45:00,-25.766
2018-05-12 18:30:00,-14.339
2018-05-12 18:15:00,-10.04
2018-05-12 18:00:00,-4.254
2018-05-12 17:45:00,-3.068
2018-05-12 17:30:00,-1.846
2018-05-12 17:15:00,-0.07
2018-05-12 17:00:00,-0.92
2018-05-12 16:45:00,-0.922
2018-05-12 16:30:00,-0.923
2018-05-12 16:15:00,-0.921
2018-05-12 16:00:00,-0.919
2018-05-12 15:45:00,-0.922
2018-05-12 15:30:00,-0.921
2018-05-12 15:15:00,-0.919
2018-05-12 15:00:00,-0.92
2018-05-12 14:45:00,-0.92
2018-05-12 14:30:00,-0.92
2018-05-12 14:15:00,-0.922
2018-05-12 14:00:00,-0.92
2018-05-12 13:45:00,-0.918
2018-05-12 13:30:00,-0.918
2018-05-12 13:15:00,2.266
2018-05-12 13:00:00,0.093
2018-05-12 12:45:00,-0.914
2018-05-12 12:30:00,0.035
2018-05-12 12:15:00,-0.912
2018-05-12 12:00:00,-0.925
2018-05-12 11:45:00,-0.923
2018-05-12 11:30:00,-0.923
2018-05-12 11:15:00,-0.403
2018-05-12 11:00:00,2.344
2018-05-12 10:45:00,1.098
2018-05-12 10:30:00,-0.915
2018-05-12 10:15:00,0.498
2018-05-12 10:00:00,1.297
2018-05-12 09:45:00,0.012
2018-05-12 09:30:00,3.09
2018-05-12 09:15:00,3.534
2018-05-12 09:00:00,2.977
2018-05-12 08:45:00,5.574
2018-05-12 08:30:00,43.113
2018-05-12 08:15:00,68.203
2018-05-12 08:00:00,60.933
2018-05-12 07:45:00,34.762
2018-05-12 07:30:00,22.885
2018-05-12 07:15:00,23.764
2018-05-12 07:00:00,28.552
2018-05-12 06:45:00,20.046
2018-05-12 06:30:00,18.477
2018-05-12 06:15:00,17.125
2018-05-12 06:00:00,15.811
2018-05-12 05:45:00,17.969
2018-05-12 05:30:00,1.734
2018-05-12 05:15:00,-1.429
2018-05-12 05:00:00,4.179
2018-05-12 04:45:00,16.662
2018-05-12 04:30:00,16.98
2018-05-12 04:15:00,17.007
2018-05-12 04:00:00,16.595
2018-05-12 03:45:00,16.363
2018-05-12 03:30:00,16.083
2018-05-12 03:15:00,16.239
2018-05-12 03:00:00,7.197
2018-05-12 02:45:00,-1.922
2018-05-12 02:30:00,-1.501
2018-05-12 02:15:00,16.405
2018-05-12 02:00:00,15.187
2018-05-12 01:45:00,15.728
2018-05-12 01:30:00,16.613
2018-05-12 01:15:00,17.138
2018-05-12 01:00:00,15.782
2018-05-12 00:45:00,14.522
2018-05-12 00:30:00,15.456
2018-05-12 00:15:00,16.328
2018-05-12 00:00:00,13.044
2018-05-11 23:45:00,16.793
2018-05-11 23:30:00,14.637
2018-05-11 23:15:00,15.748
2018-05-11 23:00:00,14.489
2018-05-11 22:45:00,14.776
2018-05-11 22:30:00,13.972
2018-05-11 22:15:00,14.291
2018-05-11 22:00:00,15.132
2018-05-11 21:45:00,14.076
2018-05-11 21:30:00,13.594
2018-05-11 21:15:00,14.433
2018-05-11 21:00:00,13.027
2018-05-11 20:45:00,15.398
2018-05-11 20:30:00,14.712
2018-05-11 20:15:00,13.281
2018-05-11 20:00:00,13.259
2018-05-11 19:45:00,13.439
2018-05-11 19:30:00,16.263
2018-05-11 19:15:00,14.356
2018-05-11 19:00:00,18.192
2018-05-11 18:45:00,18.454
2018-05-11 18:30:00,28.999
2018-05-11 18:15:00,24.6
2018-05-11 18:00:00,19.105
2018-05-11 17:45:00,20.9
2018-05-11 17:30:00,22.929
2018-05-11 17:15:00,24.438
2018-05-11 17:00:00,43.328
2018-05-11 16:45:00,22.406
2018-05-11 16:30:00,10.317
2018-05-11 16:15:00,9.043
2018-05-11 16:00:00,7.183
2018-05-11 15:45:00,10.365
2018-05-11 15:30:00,25.324
2018-05-11 15:15:00,24.741
2018-05-11 15:00:00,27.787
2018-05-11 14:45:00,35.352
2018-05-11 14:30:00,23.56
2018-05-11 14:15:00,13.221
2018-05-11 14:00:00,2.486
2018-05-11 13:45:00,3.262
2018-05-11 13:30:00,41.48
2018-05-11 13:15:00,30.103
2018-05-11 13:00:00,29.067
2018-05-11 12:45:00,48.908
2018-05-11 12:30:00,0.299
2018-05-11 12:15:00,8.899
2018-05-11 12:00:00,14.278
2018-05-11 11:45:00,7.031
2018-05-11 11:30:00,-0.899
2018-05-11 11:15:00,-2.739
2018-05-11 11:00:00,-0.982
2018-05-11 10:45:00,-1.108
2018-05-11 10:30:00,-1.362
2018-05-11 10:15:00,-1.173
2018-05-11 10:00:00,-1.21
2018-05-11 09:45:00,-1.228
2018-05-11 09:30:00,-11.022
2018-05-11 09:15:00,-4.135
2018-05-11 09:00:00,-2.793
2018-05-11 08:45:00,-1.507
2018-05-11 08:30:00,-3.148
2018-05-11 08:15:00,-6.077
2018-05-11 08:00:00,-1.337
2018-05-11 07:45:00,-8.973
2018-05-11 07:30:00,-23.533
2018-05-11 07:15:00,-23.578
2018-05-11 07:00:00,-12.388
2018-05-11 06:45:00,-11.648
2018-05-11 06:30:00,-19.343
2018-05-11 06:15:00,-20.258
2018-05-11 06:00:00,-21.549
2018-05-11 05:45:00,-21.964
2018-05-11 05:30:00,-26.985
2018-05-11 05:15:00,-22.196
2018-05-11 05:00:00,-11.028
2018-05-11 04:45:00,-9.494
2018-05-11 04:30:00,-12.891
2018-05-11 04:15:00,-10.843
2018-05-11 04:00:00,-12.667
2018-05-11 03:45:00,-11.852
2018-05-11 03:30:00,-16.268
2018-05-11 03:15:00,-18.512
2018-05-11 03:00:00,-21.868
2018-05-11 02:45:00,-22.375
2018-05-11 02:30:00,-21.081
2018-05-11 02:15:00,-23.198
2018-05-11 02:00:00,-23.761
2018-05-11 01:45:00,-23.443
2018-05-11 01:30:00,-23.578
2018-05-11 01:15:00,-21.633
2018-05-11 01:00:00,-25.506
2018-05-11 00:45:00,-24.115
2018-05-11 00:30:00,-26.244
2018-05-11 00:15:00,-24.928
2018-05-11 00:00:00,-26.582
2018-05-10 23:45:00,-25.865
2018-05-10 23:30:00,-25.552
2018-05-10 23:15:00,-26.717
2018-05-10 23:00:00,-25.962
2018-05-10 22:45:00,-27.888
2018-05-10 22:30:00,-26.869
2018-05-10 22:15:00,-27.875
2018-05-10 22:00:00,-28.622
2018-05-10 21:45:00,-28.315
2018-05-10 21:30:00,-29.096
2018-05-10 21:15:00,-29.18
2018-05-10 21:00:00,-29.752
2018-05-10 20:45:00,-29.103
2018-05-10 20:30:00,-30.144
2018-05-10 20:15:00,-29.306
2018-05-10 20:00:00,-31.237
2018-05-10 19:45:00,-30.948
2018-05-10 19:30:00,-33.718
2018-05-10 19:15:00,-32.61
2018-05-10 19:00:00,-32.745
2018-05-10 18:45:00,-31.409
2018-05-10 18:30:00,-25.91
2018-05-10 18:15:00,-14.204
2018-05-10 18:00:00,-4.823
2018-05-10 17:45:00,-1.583
2018-05-10 17:30:00,-3.675
2018-05-10 17:15:00,-1.784
2018-05-10 17:00:00,-0.933
2018-05-10 16:45:00,-0.931
2018-05-10 16:30:00,-0.931
2018-05-10 16:15:00,-0.928
2018-05-10 16:00:00,-0.93
2018-05-10 15:45:00,-0.931
2018-05-10 15:30:00,-0.932
2018-05-10 15:15:00,-0.935
2018-05-10 15:00:00,-0.935
2018-05-10 14:45:00,-0.933
2018-05-10 14:30:00,-0.934
2018-05-10 14:15:00,-0.936
2018-05-10 14:00:00,-0.934
2018-05-10 13:45:00,-0.931
2018-05-10 13:30:00,-0.929
2018-05-10 13:15:00,-0.93
2018-05-10 13:00:00,-0.908
2018-05-10 12:45:00,65.834
2018-05-10 12:30:00,132.61
2018-05-10 12:15:00,138.072
2018-05-10 12:00:00,126.48
2018-05-10 11:45:00,120.011
2018-05-10 11:30:00,117.62
2018-05-10 11:15:00,116.17
2018-05-10 11:00:00,137.85
2018-05-10 10:45:00,137.074
2018-05-10 10:30:00,133.743
2018-05-10 10:15:00,126.089
2018-05-10 10:00:00,112.763
2018-05-10 09:45:00,122.06
2018-05-10 09:30:00,43.504
2018-05-10 09:15:00,34.961
2018-05-10 09:00:00,20.963
2018-05-10 08:45:00,5.342
2018-05-10 08:30:00,-4.112
2018-05-10 08:15:00,-12.359
2018-05-10 08:00:00,-16.741
2018-05-10 07:45:00,-17.929
2018-05-10 07:30:00,-15.472
2018-05-10 07:15:00,-10.514
2018-05-10 07:00:00,-3.12
2018-05-10 06:45:00,-13.699
2018-05-10 06:30:00,-24.187
2018-05-10 06:15:00,-31.957
2018-05-10 06:00:00,-34.684
2018-05-10 05:45:00,-35.943
2018-05-10 05:30:00,-37.569
2018-05-10 05:15:00,-29.192
2018-05-10 05:00:00,-21.316
2018-05-10 04:45:00,-19.836
2018-05-10 04:30:00,-22.514
2018-05-10 04:15:00,-20.917
2018-05-10 04:00:00,-21.804
2018-05-10 03:45:00,-20.887
2018-05-10 03:30:00,-20.83
2018-05-10 03:15:00,-21.061
2018-05-10 03:00:00,-22.279
2018-05-10 02:45:00,-21.092
2018-05-10 02:30:00,-22.726
2018-05-10 02:15:00,-21.157
2018-05-10 02:00:00,-23.21
2018-05-10 01:45:00,-21.03
2018-05-10 01:30:00,-24.087
2018-05-10 01:15:00,-22.924
2018-05-10 01:00:00,-23.283
2018-05-10 00:45:00,-24.728
2018-05-10 00:30:00,-23.354
2018-05-10 00:15:00,-25.769
2018-05-10 00:00:00,-23.077
2018-05-09 23:45:00,-26.385
2018-05-09 23:30:00,-25.53
2018-05-09 23:15:00,-27.559
2018-05-09 23:00:00,-27.056
2018-05-09 22:45:00,-28.439
2018-05-09 22:30:00,-27.611
2018-05-09 22:15:00,-29.945
2018-05-09 22:00:00,-28.739
2018-05-09 21:45:00,-30.377
2018-05-09 21:30:00,-28.521
2018-05-09 21:15:00,-31.405
2018-05-09 21:00:00,-29.85
2018-05-09 20:45:00,-30.295
2018-05-09 20:30:00,-30.776
2018-05-09 20:15:00,-41.431
2018-05-09 20:00:00,-41.813
2018-05-09 19:45:00,-32.627
2018-05-09 19:30:00,-32.776
2018-05-09 19:15:00,-31.469
2018-05-09 19:00:00,-36.997
2018-05-09 18:45:00,-38.316
2018-05-09 18:30:00,-16.574
2018-05-09 18:15:00,-0.935
2018-05-09 18:00:00,-3.772
2018-05-09 17:45:00,-3.435
2018-05-09 17:30:00,-0.932
2018-05-09 17:15:00,-0.935
2018-05-09 17:00:00,-0.943
2018-05-09 16:45:00,-0.943
2018-05-09 16:30:00,-0.941
2018-05-09 16:15:00,-0.941
2018-05-09 16:00:00,-0.94
2018-05-09 15:45:00,-0.94
2018-05-09 15:30:00,-0.939
2018-05-09 15:15:00,-0.946
2018-05-09 15:00:00,-0.945
2018-05-09 14:45:00,-0.941
2018-05-09 14:30:00,-0.94
2018-05-09 14:15:00,-0.938
2018-05-09 14:00:00,-0.938
2018-05-09 13:45:00,-0.931
2018-05-09 13:30:00,-0.931
2018-05-09 13:15:00,-0.934
2018-05-09 13:00:00,-0.931
2018-05-09 12:45:00,53.354
2018-05-09 12:30:00,130.562
2018-05-09 12:15:00,128.692
2018-05-09 12:00:00,124.348
2018-05-09 11:45:00,118.651
2018-05-09 11:30:00,114.466
2018-05-09 11:15:00,103.493
2018-05-09 11:00:00,122.146
2018-05-09 10:45:00,122.951
2018-05-09 10:30:00,127.099
2018-05-09 10:15:00,113.595
2018-05-09 10:00:00,96.521
2018-05-09 09:45:00,102.641
2018-05-09 09:30:00,88.696
2018-05-09 09:15:00,76.627
2018-05-09 09:00:00,32.282
2018-05-09 08:45:00,23.481
2018-05-09 08:30:00,-3.726
2018-05-09 08:15:00,-13.597
2018-05-09 08:00:00,-20.464
2018-05-09 07:45:00,-22.631
2018-05-09 07:30:00,-2.406
2018-05-09 07:15:00,-5.611
2018-05-09 07:00:00,-7.597
2018-05-09 06:45:00,-17.268
2018-05-09 06:30:00,-29.208
2018-05-09 06:15:00,-32.702
2018-05-09 06:00:00,-39.294
2018-05-09 05:45:00,-37.555
2018-05-09 05:30:00,-37.118
2018-05-09 05:15:00,-23.101
2018-05-09 05:00:00,-18.361
2018-05-09 04:45:00,-21.634
2018-05-09 04:30:00,-18.403
2018-05-09 04:15:00,-20.175
2018-05-09 04:00:00,-19.871
2018-05-09 03:45:00,-18.635
2018-05-09 03:30:00,-21.292
2018-05-09 03:15:00,-18.418
2018-05-09 03:00:00,-20.973
2018-05-09 02:45:00,-18.525
2018-05-09 02:30:00,-21.767
2018-05-09 02:15:00,-19.846
2018-05-09 02:00:00,-20.839
2018-05-09 01:45:00,-20.859
2018-05-09 01:30:00,-19.494
2018-05-09 01:15:00,-22.2
2018-05-09 01:00:00,-21.149
2018-05-09 00:45:00,-20.942
2018-05-09 00:30:00,-22.065
2018-05-09 00:15:00,-21.684
2018-05-09 00:00:00,-21.645
2018-05-08 23:45:00,-23.157
2018-05-08 23:30:00,-23.321
2018-05-08 23:15:00,-22.654
2018-05-08 23:00:00,-25.221
2018-05-08 22:45:00,-24.845
2018-05-08 22:30:00,-25.739
2018-05-08 22:15:00,-26.903
2018-05-08 22:00:00,-27.679
2018-05-08 21:45:00,-28.027
2018-05-08 21:30:00,-28.837
2018-05-08 21:15:00,-28.828
2018-05-08 21:00:00,-30.147
2018-05-08 20:45:00,-28.693
2018-05-08 20:30:00,-29.935
2018-05-08 20:15:00,-28.386
2018-05-08 20:00:00,-35.21
2018-05-08 19:45:00,-41.455
2018-05-08 19:30:00,-30.975
2018-05-08 19:15:00,-29.963
2018-05-08 19:00:00,-29.766
2018-05-08 18:45:00,-26.797
2018-05-08 18:30:00,-25.712
2018-05-08 18:15:00,-21.161
2018-05-08 18:00:00,-4.958
2018-05-08 17:45:00,-1.913
2018-05-08 17:30:00,-0.936
2018-05-08 17:15:00,-0.935
2018-05-08 17:00:00,-0.933
2018-05-08 16:45:00,-0.935
2018-05-08 16:30:00,-0.935
2018-05-08 16:15:00,-0.934
2018-05-08 16:00:00,-0.934
2018-05-08 15:45:00,-0.935
2018-05-08 15:30:00,-0.934
2018-05-08 15:15:00,-0.932
2018-05-08 15:00:00,-0.931
2018-05-08 14:45:00,-0.929
2018-05-08 14:30:00,-0.925
2018-05-08 14:15:00,-0.922
2018-05-08 14:00:00,-0.923
2018-05-08 13:45:00,-0.923
2018-05-08 13:30:00,-0.926
2018-05-08 13:15:00,-0.923
2018-05-08 13:00:00,-0.921
2018-05-08 12:45:00,-0.922
2018-05-08 12:30:00,-0.922
2018-05-08 12:15:00,-0.868
2018-05-08 12:00:00,101.879
2018-05-08 11:45:00,123.246
2018-05-08 11:30:00,123.173
2018-05-08 11:15:00,116.496
2018-05-08 11:00:00,122.185
2018-05-08 10:45:00,122.816
2018-05-08 10:30:00,112.74
2018-05-08 10:15:00,103.862
2018-05-08 10:00:00,91.096
2018-05-08 09:45:00,89.183
2018-05-08 09:30:00,56.667
2018-05-08 09:15:00,22.634
2018-05-08 09:00:00,34.548
2018-05-08 08:45:00,19.357
2018-05-08 08:30:00,25.932
2018-05-08 08:15:00,2.247
2018-05-08 08:00:00,-10.421
2018-05-08 07:45:00,-33.493
2018-05-08 07:30:00,-34.942
2018-05-08 07:15:00,-20.229
2018-05-08 07:00:00,-29.522
2018-05-08 06:45:00,-29.852
2018-05-08 06:30:00,-29.407
2018-05-08 06:15:00,-30.124
2018-05-08 06:00:00,-29.219
2018-05-08 05:45:00,-27.723
2018-05-08 05:30:00,-28.069
2018-05-08 05:15:00,-28.204
2018-05-08 05:00:00,-7.252
2018-05-08 04:45:00,-8.1
2018-05-08 04:30:00,-8.067
2018-05-08 04:15:00,-8.3
2018-05-08 04:00:00,-8.561
2018-05-08 03:45:00,-6.925
2018-05-08 03:30:00,-8.389
2018-05-08 03:15:00,-6.967
2018-05-08 03:00:00,-8.383
2018-05-08 02:45:00,-6.991
2018-05-08 02:30:00,-8.028
2018-05-08 02:15:00,-8.266
2018-05-08 02:00:00,-7.929
2018-05-08 01:45:00,-7.366
2018-05-08 01:30:00,-8.068
2018-05-08 01:15:00,-8.625
2018-05-08 01:00:00,-8.782
2018-05-08 00:45:00,-10.574
2018-05-08 00:30:00,-12.364
2018-05-08 00:15:00,-10.965
2018-05-08 00:00:00,-13.921
2018-05-07 23:45:00,-11.796
2018-05-07 23:30:00,-14.801
2018-05-07 23:15:00,-12.38
2018-05-07 23:00:00,-14.872
2018-05-07 22:45:00,-14.451
2018-05-07 22:30:00,-15.875
2018-05-07 22:15:00,-15.5
2018-05-07 22:00:00,-16.422
2018-05-07 21:45:00,-16.592
2018-05-07 21:30:00,-18.814
2018-05-07 21:15:00,-18.421
2018-05-07 21:00:00,-19.116
2018-05-07 20:45:00,-19.026
2018-05-07 20:30:00,-20.116
2018-05-07 20:15:00,-20.144
2018-05-07 20:00:00,-35.352
2018-05-07 19:45:00,-42.74
2018-05-07 19:30:00,-44.18
2018-05-07 19:15:00,-44.373
2018-05-07 19:00:00,-55.687
2018-05-07 18:45:00,-52.909
2018-05-07 18:30:00,-33.04
2018-05-07 18:15:00,-8.424
2018-05-07 18:00:00,-3.55
2018-05-07 17:45:00,-0.933
2018-05-07 17:30:00,-0.932
2018-05-07 17:15:00,-0.932
2018-05-07 17:00:00,-0.929
2018-05-07 16:45:00,-0.931
2018-05-07 16:30:00,-0.931
2018-05-07 16:15:00,-0.929
2018-05-07 16:00:00,-0.928
2018-05-07 15:45:00,-0.928
2018-05-07 15:30:00,-0.926
2018-05-07 15:15:00,-0.925
2018-05-07 15:00:00,-0.926
2018-05-07 14:45:00,-0.938
2018-05-07 14:30:00,-0.936
2018-05-07 14:15:00,-0.934
2018-05-07 14:00:00,-0.933
2018-05-07 13:45:00,-0.933
2018-05-07 13:30:00,-0.931
2018-05-07 13:15:00,-0.931
2018-05-07 13:00:00,-0.93
2018-05-07 12:45:00,-0.929
2018-05-07 12:30:00,38.341
2018-05-07 12:15:00,123.23
2018-05-07 12:00:00,118.933
2018-05-07 11:45:00,114.243
2018-05-07 11:30:00,112.063
2018-05-07 11:15:00,117.222
2018-05-07 11:00:00,127.77
2018-05-07 10:45:00,121.49
2018-05-07 10:30:00,113.293
2018-05-07 10:15:00,106.888
2018-05-07 10:00:00,99.194
2018-05-07 09:45:00,89.876
2018-05-07 09:30:00,76.506
2018-05-07 09:15:00,66.297
2018-05-07 09:00:00,51.646
2018-05-07 08:45:00,40.625
2018-05-07 08:30:00,23.374
2018-05-07 08:15:00,8.065
2018-05-07 08:00:00,-1.463
2018-05-07 07:45:00,-4.314
2018-05-07 07:30:00,-21.644
2018-05-07 07:15:00,-18.245
2018-05-07 07:00:00,-27.073
2018-05-07 06:45:00,-33.341
2018-05-07 06:30:00,-38.321
2018-05-07 06:15:00,-39.303
2018-05-07 06:00:00,-39.195
2018-05-07 05:45:00,-37.691
2018-05-07 05:30:00,-37.762
2018-05-07 05:15:00,-20.12
2018-05-07 05:00:00,-19.947
2018-05-07 04:45:00,-20.854
2018-05-07 04:30:00,-19.648
2018-05-07 04:15:00,-20.078
2018-05-07 04:00:00,-20.414
2018-05-07 03:45:00,-20.249
2018-05-07 03:30:00,-19.873
2018-05-07 03:15:00,-20.721
2018-05-07 03:00:00,-21.086
2018-05-07 02:45:00,-20.915
2018-05-07 02:30:00,-20.381
2018-05-07 02:15:00,-20.103
2018-05-07 02:00:00,-21.441
2018-05-07 01:45:00,-20.242
2018-05-07 01:30:00,-21.754
2018-05-07 01:15:00,-19.999
2018-05-07 01:00:00,-21.796
2018-05-07 00:45:00,-21.593
2018-05-07 00:30:00,-21.398
2018-05-07 00:15:00,-22.822
2018-05-07 00:00:00,-21.873
2018-05-06 23:45:00,-22.161
2018-05-06 23:30:00,-22.211
2018-05-06 23:15:00,-23.228
2018-05-06 23:00:00,-22.552
2018-05-06 22:45:00,-22.625
2018-05-06 22:30:00,-23.0
2018-05-06 22:15:00,-32.504
2018-05-06 22:00:00,-46.068
2018-05-06 21:45:00,-37.851
2018-05-06 21:30:00,-25.696
2018-05-06 21:15:00,-26.007
2018-05-06 21:00:00,-26.115
2018-05-06 20:45:00,-26.491
2018-05-06 20:30:00,-26.11
2018-05-06 20:15:00,-27.822
2018-05-06 20:00:00,-27.314
2018-05-06 19:45:00,-38.315
2018-05-06 19:30:00,-26.059
2018-05-06 19:15:00,-26.025
2018-05-06 19:00:00,-21.441
2018-05-06 18:45:00,-12.428
2018-05-06 18:30:00,-0.922
2018-05-06 18:15:00,-1.743
2018-05-06 18:00:00,-3.081
2018-05-06 17:45:00,-0.93
2018-05-06 17:30:00,-0.931
2018-05-06 17:15:00,-0.93
2018-05-06 17:00:00,-0.926
2018-05-06 16:45:00,-0.919
2018-05-06 16:30:00,-0.917
2018-05-06 16:15:00,-0.92
2018-05-06 16:00:00,-0.921
2018-05-06 15:45:00,-0.92
2018-05-06 15:30:00,-0.92
2018-05-06 15:15:00,-0.919
2018-05-06 15:00:00,-0.917
2018-05-06 14:45:00,-0.917
2018-05-06 14:30:00,-0.917
2018-05-06 14:15:00,-0.918
2018-05-06 14:00:00,-0.92
2018-05-06 13:45:00,-0.919
2018-05-06 13:30:00,-0.921
2018-05-06 13:15:00,-0.922
2018-05-06 13:00:00,-0.915
2018-05-06 12:45:00,-0.916
2018-05-06 12:30:00,-0.919
2018-05-06 12:15:00,-0.92
2018-05-06 12:00:00,-0.916
2018-05-06 11:45:00,-0.917
2018-05-06 11:30:00,-0.917
2018-05-06 11:15:00,-0.919
2018-05-06 11:00:00,-0.914
2018-05-06 10:45:00,21.241
2018-05-06 10:30:00,166.059
2018-05-06 10:15:00,154.818
2018-05-06 10:00:00,149.731
2018-05-06 09:45:00,140.706
2018-05-06 09:30:00,130.074
2018-05-06 09:15:00,115.895
2018-05-06 09:00:00,105.438
2018-05-06 08:45:00,96.114
2018-05-06 08:30:00,79.82
2018-05-06 08:15:00,57.457
2018-05-06 08:00:00,47.211
2018-05-06 07:45:00,31.471
2018-05-06 07:30:00,10.229
2018-05-06 07:15:00,-0.542
2018-05-06 07:00:00,-1.01
2018-05-06 06:45:00,-5.835
2018-05-06 06:30:00,-11.995
2018-05-06 06:15:00,-17.179
2018-05-06 06:00:00,-16.347
2018-05-06 05:45:00,-16.914
2018-05-06 05:30:00,-16.283
2018-05-06 05:15:00,-16.592
2018-05-06 05:00:00,-16.465
2018-05-06 04:45:00,-17.303
2018-05-06 04:30:00,-16.49
2018-05-06 04:15:00,-17.91
2018-05-06 04:00:00,-17.092
2018-05-06 03:45:00,-17.44
2018-05-06 03:30:00,-17.212
2018-05-06 03:15:00,-18.174
2018-05-06 03:00:00,-16.761
2018-05-06 02:45:00,-19.308
2018-05-06 02:30:00,-17.425
2018-05-06 02:15:00,-20.578
2018-05-06 02:00:00,-19.171
2018-05-06 01:45:00,-20.93
2018-05-06 01:30:00,-19.286
2018-05-06 01:15:00,-20.725
2018-05-06 01:00:00,-19.572
2018-05-06 00:45:00,-20.812
2018-05-06 00:30:00,-20.584
2018-05-06 00:15:00,-20.528
2018-05-06 00:00:00,-20.973
2018-05-05 23:45:00,-21.522
2018-05-05 23:30:00,-21.398
2018-05-05 23:15:00,-24.396
2018-05-05 23:00:00,-22.497
2018-05-05 22:45:00,-24.362
2018-05-05 22:30:00,-22.579
2018-05-05 22:15:00,-26.052
2018-05-05 22:00:00,-23.691
2018-05-05 21:45:00,-26.377
2018-05-05 21:30:00,-24.622
2018-05-05 21:15:00,-26.165
2018-05-05 21:00:00,-36.286
2018-05-05 20:45:00,-28.39
2018-05-05 20:30:00,-26.912
2018-05-05 20:15:00,-35.358
2018-05-05 20:00:00,-33.669
2018-05-05 19:45:00,-29.068
2018-05-05 19:30:00,-28.49
2018-05-05 19:15:00,-40.408
2018-05-05 19:00:00,-34.77
2018-05-05 18:45:00,-16.999
2018-05-05 18:30:00,-14.09
2018-05-05 18:15:00,-5.405
2018-05-05 18:00:00,-0.939
2018-05-05 17:45:00,-0.944
2018-05-05 17:30:00,-0.945
2018-05-05 17:15:00,-0.944
2018-05-05 17:00:00,-0.944
2018-05-05 16:45:00,-0.938
2018-05-05 16:30:00,-0.937
2018-05-05 16:15:00,-0.936
2018-05-05 16:00:00,-0.934
2018-05-05 15:45:00,-0.934
2018-05-05 15:30:00,-0.933
2018-05-05 15:15:00,-0.932
2018-05-05 15:00:00,-0.931
2018-05-05 14:45:00,-0.933
2018-05-05 14:30:00,-0.936
2018-05-05 14:15:00,-0.936
2018-05-05 14:00:00,-0.937
2018-05-05 13:45:00,-0.937
2018-05-05 13:30:00,-0.936
2018-05-05 13:15:00,-0.936
2018-05-05 13:00:00,-0.935
2018-05-05 12:45:00,-0.933
2018-05-05 12:30:00,-0.936
2018-05-05 12:15:00,-0.938
2018-05-05 12:00:00,-0.938
2018-05-05 11:45:00,-0.939
2018-05-05 11:30:00,-0.939
2018-05-05 11:15:00,-0.98
2018-05-05 11:00:00,22.902
2018-05-05 10:45:00,169.93
2018-05-05 10:30:00,161.752
2018-05-05 10:15:00,154.922
2018-05-05 10:00:00,145.325
2018-05-05 09:45:00,138.003
2018-05-05 09:30:00,127.257
2018-05-05 09:15:00,117.54
2018-05-05 09:00:00,105.304
2018-05-05 08:45:00,92.11
2018-05-05 08:30:00,76.195
2018-05-05 08:15:00,60.76
2018-05-05 08:00:00,44.127
2018-05-05 07:45:00,28.807
2018-05-05 07:30:00,12.35
2018-05-05 07:15:00,-0.594
2018-05-05 07:00:00,-3.766
2018-05-05 06:45:00,-12.687
2018-05-05 06:30:00,-17.391
2018-05-05 06:15:00,-17.341
2018-05-05 06:00:00,-19.975
2018-05-05 05:45:00,-19.452
2018-05-05 05:30:00,-18.833
2018-05-05 05:15:00,-18.336
2018-05-05 05:00:00,-18.937
2018-05-05 04:45:00,-19.115
2018-05-05 04:30:00,-19.01
2018-05-05 04:15:00,-19.446
2018-05-05 04:00:00,-18.633
2018-05-05 03:45:00,-19.093
2018-05-05 03:30:00,-20.162
2018-05-05 03:15:00,-19.341
2018-05-05 03:00:00,-19.95
2018-05-05 02:45:00,-19.244
2018-05-05 02:30:00,-20.312
2018-05-05 02:15:00,-21.116
2018-05-05 02:00:00,-20.497
2018-05-05 01:45:00,-20.2
2018-05-05 01:30:00,-22.259
2018-05-05 01:15:00,-21.167
2018-05-05 01:00:00,-21.654
2018-05-05 00:45:00,-22.9
2018-05-05 00:30:00,-22.044
2018-05-05 00:15:00,-22.219
2018-05-05 00:00:00,-23.419
2018-05-04 23:45:00,-22.969
2018-05-04 23:30:00,-23.952
2018-05-04 23:15:00,-23.339
2018-05-04 23:00:00,-25.408
2018-05-04 22:45:00,-23.459
2018-05-04 22:30:00,-26.323
2018-05-04 22:15:00,-25.405
2018-05-04 22:00:00,-26.984
2018-05-04 21:45:00,-30.272
2018-05-04 21:30:00,-30.66
2018-05-04 21:15:00,-25.832
2018-05-04 21:00:00,-26.377
2018-05-04 20:45:00,-26.504
2018-05-04 20:30:00,-33.802
2018-05-04 20:15:00,-34.046
2018-05-04 20:00:00,-28.031
2018-05-04 19:45:00,-29.261
2018-05-04 19:30:00,-28.65
2018-05-04 19:15:00,-43.222
2018-05-04 19:00:00,-40.424
2018-05-04 18:45:00,-37.793
2018-05-04 18:30:00,-25.365
2018-05-04 18:15:00,-9.71
2018-05-04 18:00:00,-1.345
2018-05-04 17:45:00,-0.938
2018-05-04 17:30:00,-0.937
2018-05-04 17:15:00,-0.937
2018-05-04 17:00:00,-0.932
2018-05-04 16:45:00,-0.932
2018-05-04 16:30:00,-0.931
2018-05-04 16:15:00,-0.933
2018-05-04 16:00:00,-0.939
2018-05-04 15:45:00,-0.938
2018-05-04 15:30:00,-0.934
2018-05-04 15:15:00,-0.932
2018-05-04 15:00:00,-0.934
2018-05-04 14:45:00,-0.933
2018-05-04 14:30:00,-0.928
2018-05-04 14:15:00,-0.927
2018-05-04 14:00:00,-0.94
2018-05-04 13:45:00,-0.937
2018-05-04 13:30:00,-0.93
2018-05-04 13:15:00,-0.929
2018-05-04 13:00:00,-0.932
2018-05-04 12:45:00,-0.931
2018-05-04 12:30:00,-0.926
2018-05-04 12:15:00,-0.925
2018-05-04 12:00:00,-0.924
2018-05-04 11:45:00,-0.925
2018-05-04 11:30:00,29.298
2018-05-04 11:15:00,135.338
2018-05-04 11:00:00,146.207
2018-05-04 10:45:00,139.264
2018-05-04 10:30:00,131.222
2018-05-04 10:15:00,124.603
2018-05-04 10:00:00,123.717
2018-05-04 09:45:00,125.688
2018-05-04 09:30:00,117.719
2018-05-04 09:15:00,106.143
2018-05-04 09:00:00,95.501
2018-05-04 08:45:00,80.852
2018-05-04 08:30:00,65.137
2018-05-04 08:15:00,46.943
2018-05-04 08:00:00,20.498
2018-05-04 07:45:00,5.167
2018-05-04 07:30:00,11.489
2018-05-04 07:15:00,-0.244
2018-05-04 07:00:00,-4.08
2018-05-04 06:45:00,-23.271
2018-05-04 06:30:00,-24.559
2018-05-04 06:15:00,-28.592
2018-05-04 06:00:00,-29.737
2018-05-04 05:45:00,-30.548
2018-05-04 05:30:00,-30.537
2018-05-04 05:15:00,-36.666
2018-05-04 05:00:00,-22.377
2018-05-04 04:45:00,-21.156
2018-05-04 04:30:00,-21.093
2018-05-04 04:15:00,-22.805
2018-05-04 04:00:00,-20.656
2018-05-04 03:45:00,-21.633
2018-05-04 03:30:00,-20.564
2018-05-04 03:15:00,-21.261
2018-05-04 03:00:00,-21.493
2018-05-04 02:45:00,-21.107
2018-05-04 02:30:00,-23.249
2018-05-04 02:15:00,-20.686
2018-05-04 02:00:00,-23.302
2018-05-04 01:45:00,-22.058
2018-05-04 01:30:00,-22.539
2018-05-04 01:15:00,-22.352
2018-05-04 01:00:00,-22.654
2018-05-04 00:45:00,-23.643
2018-05-04 00:30:00,-22.745
2018-05-04 00:15:00,-23.318
2018-05-04 00:00:00,-22.527
2018-05-03 23:45:00,-23.634
2018-05-03 23:30:00,-23.65
2018-05-03 23:15:00,-24.865
2018-05-03 23:00:00,-24.436
2018-05-03 22:45:00,-24.467
2018-05-03 22:30:00,-24.008
2018-05-03 22:15:00,-24.517
2018-05-03 22:00:00,-24.926
2018-05-03 21:45:00,-24.274
2018-05-03 21:30:00,-25.59
2018-05-03 21:15:00,-24.601
2018-05-03 21:00:00,-26.413
2018-05-03 20:45:00,-24.321
2018-05-03 20:30:00,-26.044
2018-05-03 20:15:00,-26.261
2018-05-03 20:00:00,-25.991
2018-05-03 19:45:00,-26.957
2018-05-03 19:30:00,-26.099
2018-05-03 19:15:00,-26.4
2018-05-03 19:00:00,-20.582
2018-05-03 18:45:00,-13.261
2018-05-03 18:30:00,-3.457
2018-05-03 18:15:00,-1.032
2018-05-03 18:00:00,-0.921
2018-05-03 17:45:00,-0.919
2018-05-03 17:30:00,-0.922
2018-05-03 17:15:00,-0.92
2018-05-03 17:00:00,-0.919
2018-05-03 16:45:00,-0.928
2018-05-03 16:30:00,2.333
2018-05-03 16:15:00,-0.916
2018-05-03 16:00:00,-0.917
2018-05-03 15:45:00,-0.917
2018-05-03 15:30:00,-0.257
2018-05-03 15:15:00,-0.918
2018-05-03 15:00:00,-0.916
2018-05-03 14:45:00,-0.915
2018-05-03 14:30:00,-0.916
2018-05-03 14:15:00,-0.911
2018-05-03 14:00:00,0.061
2018-05-03 13:45:00,-0.913
2018-05-03 13:30:00,-0.915
2018-05-03 13:15:00,-0.1
2018-05-03 13:00:00,-0.919
2018-05-03 12:45:00,-0.917
2018-05-03 12:30:00,-0.917
2018-05-03 12:15:00,-0.919
2018-05-03 12:00:00,0.29
2018-05-03 11:45:00,-0.916
2018-05-03 11:30:00,0.174
2018-05-03 11:15:00,1.208
2018-05-03 11:00:00,-0.916
2018-05-03 10:45:00,0.059
2018-05-03 10:30:00,-0.087
2018-05-03 10:15:00,0.065
2018-05-03 10:00:00,1.177
2018-05-03 09:45:00,3.448
2018-05-03 09:30:00,2.853
2018-05-03 09:15:00,7.021
2018-05-03 09:00:00,57.423
2018-05-03 08:45:00,87.92
2018-05-03 08:30:00,66.948
2018-05-03 08:15:00,39.502
2018-05-03 08:00:00,30.05
2018-05-03 07:45:00,24.134
2018-05-03 07:30:00,11.796
2018-05-03 07:15:00,-0.916
2018-05-03 07:00:00,-3.699
2018-05-03 06:45:00,-2.796
2018-05-03 06:30:00,-3.548
2018-05-03 06:15:00,-4.511
2018-05-03 06:00:00,-4.601
2018-05-03 05:45:00,-1.975
2018-05-03 05:30:00,-1.616
2018-05-03 05:15:00,5.104
2018-05-03 05:00:00,-0.283
2018-05-03 04:45:00,1.524
2018-05-03 04:30:00,1.054
2018-05-03 04:15:00,19.726
2018-05-03 04:00:00,20.913
2018-05-03 03:45:00,16.652
2018-05-03 03:30:00,0.098
2018-05-03 03:15:00,1.11
2018-05-03 03:00:00,2.776
2018-05-03 02:45:00,22.08
2018-05-03 02:30:00,21.478
2018-05-03 02:15:00,18.423
2018-05-03 02:00:00,-0.227
2018-05-03 01:45:00,1.943
2018-05-03 01:30:00,8.196
2018-05-03 01:15:00,21.709
2018-05-03 01:00:00,21.167
2018-05-03 00:45:00,21.952
2018-05-03 00:30:00,2.074
2018-05-03 00:15:00,0.899
2018-05-03 00:00:00,9.581
2018-05-02 23:45:00,21.973
2018-05-02 23:30:00,21.728
2018-05-02 23:15:00,22.014
2018-05-02 23:00:00,18.712
2018-05-02 22:45:00,1.11
2018-05-02 22:30:00,1.403
2018-05-02 22:15:00,16.123
2018-05-02 22:00:00,21.272
2018-05-02 21:45:00,20.97
2018-05-02 21:30:00,20.401
2018-05-02 21:15:00,21.468
2018-05-02 21:00:00,20.911
2018-05-02 20:45:00,21.169
2018-05-02 20:30:00,20.498
2018-05-02 20:15:00,16.959
2018-05-02 20:00:00,16.954
2018-05-02 19:45:00,15.288
2018-05-02 19:30:00,16.488
2018-05-02 19:15:00,16.966
2018-05-02 19:00:00,18.506
2018-05-02 18:45:00,5.21
2018-05-02 18:30:00,2.569
2018-05-02 18:15:00,23.308
2018-05-02 18:00:00,17.461
2018-05-02 17:45:00,11.193
2018-05-02 17:30:00,10.884
2018-05-02 17:15:00,15.124
2018-05-02 17:00:00,11.532
2018-05-02 16:45:00,23.626
2018-05-02 16:30:00,14.345
2018-05-02 16:15:00,4.697
2018-05-02 16:00:00,-1.075
2018-05-02 15:45:00,8.386
2018-05-02 15:30:00,-0.363
2018-05-02 15:15:00,-0.171
2018-05-02 15:00:00,45.096
2018-05-02 14:45:00,67.076
2018-05-02 14:30:00,81.55
2018-05-02 14:15:00,32.823
2018-05-02 14:00:00,5.017
2018-05-02 13:45:00,7.846
2018-05-02 13:30:00,31.265
2018-05-02 13:15:00,21.121
2018-05-02 13:00:00,12.418
2018-05-02 12:45:00,16.711
2018-05-02 12:30:00,5.656
2018-05-02 12:15:00,-4.819
2018-05-02 12:00:00,-1.229
2018-05-02 11:45:00,2.753
2018-05-02 11:30:00,62.826
2018-05-02 11:15:00,27.829
2018-05-02 11:00:00,-2.289
2018-05-02 10:45:00,6.781
2018-05-02 10:30:00,-0.394
2018-05-02 10:15:00,-10.275
2018-05-02 10:00:00,-5.292
2018-05-02 09:45:00,-12.35
2018-05-02 09:30:00,-12.488
2018-05-02 09:15:00,-18.063
2018-05-02 09:00:00,-14.125
2018-05-02 08:45:00,-15.877
2018-05-02 08:30:00,-23.52
2018-05-02 08:15:00,-23.421
2018-05-02 08:00:00,-28.079
2018-05-02 07:45:00,-32.806
2018-05-02 07:30:00,-40.057
2018-05-02 07:15:00,-44.447
2018-05-02 07:00:00,-30.052
2018-05-02 06:45:00,-16.905
2018-05-02 06:30:00,-13.237
2018-05-02 06:15:00,-15.491
2018-05-02 06:00:00,-31.056
2018-05-02 05:45:00,-36.203
2018-05-02 05:30:00,-31.383
2018-05-02 05:15:00,-19.824
2018-05-02 05:00:00,-1.715
2018-05-02 04:45:00,-11.608
2018-05-02 04:30:00,-19.293
2018-05-02 04:15:00,-19.313
2018-05-02 04:00:00,-5.732
2018-05-02 03:45:00,-1.791
2018-05-02 03:30:00,-1.5
2018-05-02 03:15:00,-0.906
2018-05-02 03:00:00,-12.039
2018-05-02 02:45:00,-22.1
2018-05-02 02:30:00,-24.122
2018-05-02 02:15:00,-9.973
2018-05-02 02:00:00,-4.935
2018-05-02 01:45:00,-5.538
2018-05-02 01:30:00,-5.517
2018-05-02 01:15:00,-6.378
2018-05-02 01:00:00,-19.539
2018-05-02 00:45:00,-27.462
2018-05-02 00:30:00,-27.247
2018-05-02 00:15:00,-10.428
2018-05-02 00:00:00,-11.173
2018-05-01 23:45:00,-10.962
2018-05-01 23:30:00,-11.568
2018-05-01 23:15:00,-11.387
2018-05-01 23:00:00,-11.243
2018-05-01 22:45:00,-11.763
2018-05-01 22:30:00,-12.389
2018-05-01 22:15:00,-13.942
2018-05-01 22:00:00,-13.501
2018-05-01 21:45:00,-15.602
2018-05-01 21:30:00,-17.942
2018-05-01 21:15:00,-18.907
2018-05-01 21:00:00,-20.694
2018-05-01 20:45:00,-18.82
2018-05-01 20:30:00,-20.597
2018-05-01 20:15:00,-18.405
2018-05-01 20:00:00,-21.255
2018-05-01 19:45:00,-20.741
2018-05-01 19:30:00,-23.306
2018-05-01 19:15:00,-21.131
2018-05-01 19:00:00,-19.442
2018-05-01 18:45:00,-12.78
2018-05-01 18:30:00,-10.584
2018-05-01 18:15:00,-14.378
2018-05-01 18:00:00,-7.567
2018-05-01 17:45:00,3.21
2018-05-01 17:30:00,4.648
2018-05-01 17:15:00,4.32
2018-05-01 17:00:00,0.143
2018-05-01 16:45:00,2.264
2018-05-01 16:30:00,5.541
2018-05-01 16:15:00,-2.586
2018-05-01 16:00:00,1.426
2018-05-01 15:45:00,2.527
2018-05-01 15:30:00,5.279
2018-05-01 15:15:00,27.384
2018-05-01 15:00:00,162.095
2018-05-01 14:45:00,136.833
2018-05-01 14:30:00,94.47
2018-05-01 14:15:00,120.469
2018-05-01 14:00:00,108.35
2018-05-01 13:45:00,82.719
2018-05-01 13:30:00,75.551
2018-05-01 13:15:00,55.084
2018-05-01 13:00:00,77.875
2018-05-01 12:45:00,104.432
2018-05-01 12:30:00,82.728
2018-05-01 12:15:00,37.798
2018-05-01 12:00:00,20.301
2018-05-01 11:45:00,-1.399
2018-05-01 11:30:00,-0.391
2018-05-01 11:15:00,24.228
2018-05-01 11:00:00,38.278
2018-05-01 10:45:00,27.122
2018-05-01 10:30:00,54.972
2018-05-01 10:15:00,20.069
2018-05-01 10:00:00,7.085
2018-05-01 09:45:00,21.823
2018-05-01 09:30:00,9.658
2018-05-01 09:15:00,21.653
2018-05-01 09:00:00,24.3
2018-05-01 08:45:00,8.79
2018-05-01 08:30:00,14.715
2018-05-01 08:15:00,5.319
2018-05-01 08:00:00,9.262
2018-05-01 07:45:00,8.032
2018-05-01 07:30:00,-4.579
2018-05-01 07:15:00,-18.732
2018-05-01 07:00:00,-5.936
2018-05-01 06:45:00,-8.868
2018-05-01 06:30:00,-11.399
2018-05-01 06:15:00,-12.104
2018-05-01 06:00:00,-9.159
2018-05-01 05:45:00,-9.536
2018-05-01 05:30:00,-7.745
2018-05-01 05:15:00,-7.117
2018-05-01 05:00:00,-1.466
2018-05-01 04:45:00,-1.459
2018-05-01 04:30:00,-1.453
2018-05-01 04:15:00,-1.453
2018-05-01 04:00:00,-1.508
2018-05-01 03:45:00,-1.54
2018-05-01 03:30:00,-1.448
2018-05-01 03:15:00,-1.664
2018-05-01 03:00:00,-2.315
2018-05-01 02:45:00,-1.74
2018-05-01 02:30:00,-2.193
2018-05-01 02:15:00,-1.823
2018-05-01 02:00:00,-3.03
2018-05-01 01:45:00,-2.269
2018-05-01 01:30:00,-3.016
2018-05-01 01:15:00,-2.301
2018-05-01 01:00:00,-4.052
2018-05-01 00:45:00,-2.923
2018-05-01 00:30:00,-4.676
2018-05-01 00:15:00,-7.771
2018-05-01 00:00:00,-3.147
2018-04-30 23:45:00,-2.55
2018-04-30 23:30:00,-2.164
2018-04-30 23:15:00,-2.714
2018-04-30 23:00:00,-3.126
2018-04-30 22:45:00,-1.929
2018-04-30 22:30:00,-2.432
2018-04-30 22:15:00,-2.352
2018-04-30 22:00:00,-3.381
2018-04-30 21:45:00,-2.203
2018-04-30 21:30:00,-2.796
2018-04-30 21:15:00,-3.086
2018-04-30 21:00:00,-2.525
2018-04-30 20:45:00,-2.691
2018-04-30 20:30:00,-3.006
2018-04-30 20:15:00,-10.221
2018-04-30 20:00:00,-25.686
2018-04-30 19:45:00,-25.512
2018-04-30 19:30:00,-29.92
2018-04-30 19:15:00,-49.149
2018-04-30 19:00:00,-55.026
2018-04-30 18:45:00,-57.082
2018-04-30 18:30:00,-56.385
2018-04-30 18:15:00,-49.585
2018-04-30 18:00:00,-56.873
2018-04-30 17:45:00,-40.542
2018-04-30 17:30:00,-33.591
2018-04-30 17:15:00,-33.067
2018-04-30 17:00:00,-34.687
2018-04-30 16:45:00,-25.381
2018-04-30 16:30:00,-17.513
2018-04-30 16:15:00,-15.549
2018-04-30 16:00:00,-15.538
2018-04-30 15:45:00,-15.45
2018-04-30 15:30:00,-25.574
2018-04-30 15:15:00,-27.752
2018-04-30 15:00:00,-12.968
2018-04-30 14:45:00,13.045
2018-04-30 14:30:00,6.589
2018-04-30 14:15:00,27.734
2018-04-30 14:00:00,13.013
2018-04-30 13:45:00,62.584
2018-04-30 13:30:00,108.964
2018-04-30 13:15:00,125.578
2018-04-30 13:00:00,129.115
2018-04-30 12:45:00,80.522
2018-04-30 12:30:00,99.716
2018-04-30 12:15:00,45.459
2018-04-30 12:00:00,34.035
2018-04-30 11:45:00,32.919
2018-04-30 11:30:00,28.224
2018-04-30 11:15:00,9.995
2018-04-30 11:00:00,62.03
2018-04-30 10:45:00,20.261
2018-04-30 10:30:00,-9.104
2018-04-30 10:15:00,17.152
2018-04-30 10:00:00,10.471
2018-04-30 09:45:00,12.138
2018-04-30 09:30:00,-2.331
2018-04-30 09:15:00,-11.353
2018-04-30 09:00:00,-19.2
2018-04-30 08:45:00,-30.501
2018-04-30 08:30:00,-29.261
2018-04-30 08:15:00,-32.322
2018-04-30 08:00:00,-28.179
2018-04-30 07:45:00,-33.791
2018-04-30 07:30:00,-31.487
2018-04-30 07:15:00,-16.161
2018-04-30 07:00:00,-18.506
2018-04-30 06:45:00,-17.634
2018-04-30 06:30:00,-21.467
2018-04-30 06:15:00,-19.682
2018-04-30 06:00:00,-19.778
2018-04-30 05:45:00,-20.732
2018-04-30 05:30:00,-22.596
2018-04-30 05:15:00,-7.735
2018-04-30 05:00:00,-2.501
2018-04-30 04:45:00,-3.157
2018-04-30 04:30:00,-1.984
2018-04-30 04:15:00,-2.178
2018-04-30 04:00:00,-3.745
2018-04-30 03:45:00,-2.086
2018-04-30 03:30:00,-3.157
2018-04-30 03:15:00,-8.223
2018-04-30 03:00:00,-16.351
2018-04-30 02:45:00,-13.299
2018-04-30 02:30:00,-15.659
2018-04-30 02:15:00,-13.612
2018-04-30 02:00:00,-16.59
2018-04-30 01:45:00,-14.02
2018-04-30 01:30:00,-17.212
2018-04-30 01:15:00,-19.055
2018-04-30 01:00:00,-20.355
2018-04-30 00:45:00,-20.716
2018-04-30 00:30:00,-21.602
2018-04-30 00:15:00,-20.741
2018-04-30 00:00:00,-20.809
2018-04-29 23:45:00,-19.574
2018-04-29 23:30:00,-23.418
2018-04-29 23:15:00,-41.406
2018-04-29 23:00:00,-38.293
2018-04-29 22:45:00,-22.152
2018-04-29 22:30:00,-23.094
2018-04-29 22:15:00,-22.823
2018-04-29 22:00:00,-23.519
2018-04-29 21:45:00,-23.477
2018-04-29 21:30:00,-23.74
2018-04-29 21:15:00,-23.51
2018-04-29 21:00:00,-24.45
2018-04-29 20:45:00,-25.21
2018-04-29 20:30:00,-25.143
2018-04-29 20:15:00,-25.772
2018-04-29 20:00:00,-24.14
2018-04-29 19:45:00,-26.018
2018-04-29 19:30:00,-26.199
2018-04-29 19:15:00,-23.437
2018-04-29 19:00:00,-22.098
2018-04-29 18:45:00,-11.23
2018-04-29 18:30:00,-4.561
2018-04-29 18:15:00,-0.932
2018-04-29 18:00:00,-0.929
2018-04-29 17:45:00,-0.926
2018-04-29 17:30:00,-0.922
2018-04-29 17:15:00,-0.922
2018-04-29 17:00:00,-0.919
2018-04-29 16:45:00,-0.918
2018-04-29 16:30:00,-0.919
2018-04-29 16:15:00,-0.919
2018-04-29 16:00:00,-0.916
2018-04-29 15:45:00,-0.919
2018-04-29 15:30:00,-0.919
2018-04-29 15:15:00,-0.92
2018-04-29 15:00:00,-0.92
2018-04-29 14:45:00,-0.921
2018-04-29 14:30:00,-0.921
2018-04-29 14:15:00,-0.922
2018-04-29 14:00:00,-0.924
2018-04-29 13:45:00,-0.925
2018-04-29 13:30:00,-0.923
2018-04-29 13:15:00,-0.923
2018-04-29 13:00:00,-0.923
2018-04-29 12:45:00,-0.924
2018-04-29 12:30:00,-0.921
2018-04-29 12:15:00,7.227
2018-04-29 12:00:00,146.367
2018-04-29 11:45:00,153.005
2018-04-29 11:30:00,154.696
2018-04-29 11:15:00,109.509
2018-04-29 11:00:00,141.768
2018-04-29 10:45:00,99.152
2018-04-29 10:30:00,94.462
2018-04-29 10:15:00,92.409
2018-04-29 10:00:00,50.02
2018-04-29 09:45:00,140.117
2018-04-29 09:30:00,57.524
2018-04-29 09:15:00,40.94
2018-04-29 09:00:00,47.021
2018-04-29 08:45:00,35.298
2018-04-29 08:30:00,17.188
2018-04-29 08:15:00,2.434
2018-04-29 08:00:00,0.706
2018-04-29 07:45:00,-1.976
2018-04-29 07:30:00,-4.741
2018-04-29 07:15:00,-11.263
2018-04-29 07:00:00,-15.187
2018-04-29 06:45:00,-19.193
2018-04-29 06:30:00,-18.604
2018-04-29 06:15:00,-20.328
2018-04-29 06:00:00,-19.082
2018-04-29 05:45:00,-20.587
2018-04-29 05:30:00,-20.278
2018-04-29 05:15:00,-20.293
2018-04-29 05:00:00,-19.161
2018-04-29 04:45:00,-20.49
2018-04-29 04:30:00,-19.201
2018-04-29 04:15:00,-20.67
2018-04-29 04:00:00,-19.838
2018-04-29 03:45:00,-20.767
2018-04-29 03:30:00,-19.382
2018-04-29 03:15:00,-20.938
2018-04-29 03:00:00,-20.332
2018-04-29 02:45:00,-21.97
2018-04-29 02:30:00,-19.422
2018-04-29 02:15:00,-21.573
2018-04-29 02:00:00,-19.605
2018-04-29 01:45:00,-21.932
2018-04-29 01:30:00,-20.148
2018-04-29 01:15:00,-21.752
2018-04-29 01:00:00,-21.931
2018-04-29 00:45:00,-22.041
2018-04-29 00:30:00,-21.952
2018-04-29 00:15:00,-22.588
2018-04-29 00:00:00,-22.455
2018-04-28 23:45:00,-21.447
2018-04-28 23:30:00,-22.846
2018-04-28 23:15:00,-21.604
2018-04-28 23:00:00,-22.034
2018-04-28 22:45:00,-23.423
2018-04-28 22:30:00,-22.592
2018-04-28 22:15:00,-22.777
2018-04-28 22:00:00,-23.612
2018-04-28 21:45:00,-24.567
2018-04-28 21:30:00,-23.568
2018-04-28 21:15:00,-25.281
2018-04-28 21:00:00,-25.495
2018-04-28 20:45:00,-26.336
2018-04-28 20:30:00,-26.241
2018-04-28 20:15:00,-28.186
2018-04-28 20:00:00,-27.86
2018-04-28 19:45:00,-27.671
2018-04-28 19:30:00,-28.651
2018-04-28 19:15:00,-28.136
2018-04-28 19:00:00,-26.695
2018-04-28 18:45:00,-27.847
2018-04-28 18:30:00,-2.962
2018-04-28 18:15:00,-0.941
2018-04-28 18:00:00,-0.937
2018-04-28 17:45:00,-0.937
2018-04-28 17:30:00,-0.938
2018-04-28 17:15:00,-0.937
2018-04-28 17:00:00,-0.933
2018-04-28 16:45:00,-0.93
2018-04-28 16:30:00,-0.932
2018-04-28 16:15:00,-0.933
2018-04-28 16:00:00,-0.932
2018-04-28 15:45:00,-0.931
2018-04-28 15:30:00,-0.934
2018-04-28 15:15:00,-0.934
2018-04-28 15:00:00,-0.935
2018-04-28 14:45:00,-0.933
2018-04-28 14:30:00,-0.933
2018-04-28 14:15:00,-0.932
2018-04-28 14:00:00,-0.932
2018-04-28 13:45:00,-0.931
2018-04-28 13:30:00,-0.93
2018-04-28 13:15:00,-0.93
2018-04-28 13:00:00,-0.929
2018-04-28 12:45:00,-0.933
2018-04-28 12:30:00,-0.93
2018-04-28 12:15:00,-0.931
2018-04-28 12:00:00,-0.935
2018-04-28 11:45:00,-0.932
2018-04-28 11:30:00,-0.929
2018-04-28 11:15:00,-0.927
2018-04-28 11:00:00,-0.928
2018-04-28 10:45:00,-0.929
2018-04-28 10:30:00,-0.93
2018-04-28 10:15:00,-0.926
2018-04-28 10:00:00,-0.928
2018-04-28 09:45:00,-0.929
2018-04-28 09:30:00,-0.93
2018-04-28 09:15:00,-0.931
2018-04-28 09:00:00,-0.932
2018-04-28 08:45:00,-0.933
2018-04-28 08:30:00,-0.929
2018-04-28 08:15:00,-0.926
2018-04-28 08:00:00,-0.929
2018-04-28 07:45:00,-0.928
2018-04-28 07:30:00,-0.929
2018-04-28 07:15:00,-0.929
2018-04-28 07:00:00,-0.933
2018-04-28 06:45:00,-0.934
2018-04-28 06:30:00,-0.928
2018-04-28 06:15:00,-0.924
2018-04-28 06:00:00,-0.926
2018-04-28 05:45:00,-0.927
2018-04-28 05:30:00,-0.928
2018-04-28 05:15:00,-0.929
2018-04-28 05:00:00,-0.93
2018-04-28 04:45:00,-0.931
2018-04-28 04:30:00,-0.93
2018-04-28 04:15:00,-0.931
2018-04-28 04:00:00,-0.933
2018-04-28 03:45:00,-0.934
2018-04-28 03:30:00,-0.935
2018-04-28 03:15:00,-0.935
2018-04-28 03:00:00,-0.935
2018-04-28 02:45:00,-0.934
2018-04-28 02:30:00,-0.934
2018-04-28 02:15:00,-0.934
2018-04-28 02:00:00,-0.934
2018-04-28 01:45:00,-0.933
2018-04-28 01:30:00,-0.937
2018-04-28 01:15:00,-0.937
2018-04-28 01:00:00,-0.942
2018-04-28 00:45:00,-0.943
2018-04-28 00:30:00,-0.941
2018-04-28 00:15:00,-0.94
2018-04-28 00:00:00,-0.942
2018-04-27 23:45:00,-0.944
2018-04-27 23:30:00,-0.942
2018-04-27 23:15:00,-0.943
2018-04-27 23:00:00,-0.946
2018-04-27 22:45:00,-0.944
2018-04-27 22:30:00,-0.941
2018-04-27 22:15:00,-0.94
2018-04-27 22:00:00,-0.94
2018-04-27 21:45:00,-0.948
2018-04-27 21:30:00,-0.948
2018-04-27 21:15:00,-0.946
2018-04-27 21:00:00,-0.944
2018-04-27 20:45:00,-0.942
2018-04-27 20:30:00,-0.943
2018-04-27 20:15:00,-1.227
2018-04-27 20:00:00,-1.152
2018-04-27 19:45:00,-1.697
2018-04-27 19:30:00,-0.942
2018-04-27 19:15:00,-1.272
2018-04-27 19:00:00,-0.949
2018-04-27 18:45:00,-0.952
2018-04-27 18:30:00,-0.952
2018-04-27 18:15:00,-0.951
2018-04-27 18:00:00,-0.95
2018-04-27 17:45:00,-0.948
2018-04-27 17:30:00,-0.947
2018-04-27 17:15:00,-0.947
2018-04-27 17:00:00,-0.945
2018-04-27 16:45:00,-0.947
2018-04-27 16:30:00,-0.945
2018-04-27 16:15:00,-0.944
2018-04-27 16:00:00,-0.949
2018-04-27 15:45:00,-0.955
2018-04-27 15:30:00,-0.953
2018-04-27 15:15:00,-0.951
2018-04-27 15:00:00,-0.951
2018-04-27 14:45:00,-0.954
2018-04-27 14:30:00,-0.957
2018-04-27 14:15:00,-0.949
2018-04-27 14:00:00,-0.944
2018-04-27 13:45:00,-0.948
2018-04-27 13:30:00,-0.947
2018-04-27 13:15:00,-0.949
2018-04-27 13:00:00,-0.948
2018-04-27 12:45:00,-0.937
2018-04-27 12:30:00,-0.667
2018-04-27 12:15:00,196.444
2018-04-27 12:00:00,190.94
2018-04-27 11:45:00,187.384
2018-04-27 11:30:00,181.19
2018-04-27 11:15:00,181.327
2018-04-27 11:00:00,168.215
2018-04-27 10:45:00,168.904
2018-04-27 10:30:00,123.206
2018-04-27 10:15:00,58.93
2018-04-27 10:00:00,53.597
2018-04-27 09:45:00,41.456
2018-04-27 09:30:00,22.378
2018-04-27 09:15:00,5.383
2018-04-27 09:00:00,-1.269
2018-04-27 08:45:00,-2.407
2018-04-27 08:30:00,-2.802
2018-04-27 08:15:00,-8.092
2018-04-27 08:00:00,-15.526
2018-04-27 07:45:00,-16.371
2018-04-27 07:30:00,-30.831
2018-04-27 07:15:00,-27.01
2018-04-27 07:00:00,-28.061
2018-04-27 06:45:00,-35.767
2018-04-27 06:30:00,-37.726
2018-04-27 06:15:00,-37.95
2018-04-27 06:00:00,-36.924
2018-04-27 05:45:00,-36.204
2018-04-27 05:30:00,-37.265
2018-04-27 05:15:00,-36.106
2018-04-27 05:00:00,-20.633
2018-04-27 04:45:00,-17.399
2018-04-27 04:30:00,-19.419
2018-04-27 04:15:00,-18.53
2018-04-27 04:00:00,-18.397
2018-04-27 03:45:00,-17.798
2018-04-27 03:30:00,-18.727
2018-04-27 03:15:00,-17.966
2018-04-27 03:00:00,-20.343
2018-04-27 02:45:00,-17.61
2018-04-27 02:30:00,-19.245
2018-04-27 02:15:00,-18.876
2018-04-27 02:00:00,-18.488
2018-04-27 01:45:00,-20.45
2018-04-27 01:30:00,-18.939
2018-04-27 01:15:00,-19.302
2018-04-27 01:00:00,-19.538
2018-04-27 00:45:00,-21.017
2018-04-27 00:30:00,-20.568
2018-04-27 00:15:00,-19.993
2018-04-27 00:00:00,-19.516
2018-04-26 23:45:00,-20.386
2018-04-26 23:30:00,-19.926
2018-04-26 23:15:00,-21.238
2018-04-26 23:00:00,-19.646
2018-04-26 22:45:00,-21.205
2018-04-26 22:30:00,-21.024
2018-04-26 22:15:00,-19.77
2018-04-26 22:00:00,-20.995
2018-04-26 21:45:00,-20.574
2018-04-26 21:30:00,-21.773
2018-04-26 21:15:00,-22.725
2018-04-26 21:00:00,-23.164
2018-04-26 20:45:00,-24.714
2018-04-26 20:30:00,-26.528
2018-04-26 20:15:00,-26.784
2018-04-26 20:00:00,-32.714
2018-04-26 19:45:00,-33.121
2018-04-26 19:30:00,-34.152
2018-04-26 19:15:00,-32.974
2018-04-26 19:00:00,-28.205
2018-04-26 18:45:00,-23.36
2018-04-26 18:30:00,-8.545
2018-04-26 18:15:00,-13.182
2018-04-26 18:00:00,-14.269
2018-04-26 17:45:00,-1.245
2018-04-26 17:30:00,-0.934
2018-04-26 17:15:00,-0.933
2018-04-26 17:00:00,-0.927
2018-04-26 16:45:00,-0.928
2018-04-26 16:30:00,-0.932
2018-04-26 16:15:00,-0.937
2018-04-26 16:00:00,-0.933
2018-04-26 15:45:00,-0.934
2018-04-26 15:30:00,-0.935
2018-04-26 15:15:00,-0.932
2018-04-26 15:00:00,-0.933
2018-04-26 14:45:00,-0.933
2018-04-26 14:30:00,-0.93
2018-04-26 14:15:00,-0.931
2018-04-26 14:00:00,-0.933
2018-04-26 13:45:00,-0.931
2018-04-26 13:30:00,-0.93
2018-04-26 13:15:00,-0.93
2018-04-26 13:00:00,-0.929
2018-04-26 12:45:00,-0.927
2018-04-26 12:30:00,-0.926
2018-04-26 12:15:00,24.245
2018-04-26 12:00:00,152.5
2018-04-26 11:45:00,150.2
2018-04-26 11:30:00,148.04
2018-04-26 11:15:00,144.108
2018-04-26 11:00:00,133.99
2018-04-26 10:45:00,123.538
2018-04-26 10:30:00,115.36
2018-04-26 10:15:00,105.163
2018-04-26 10:00:00,92.858
2018-04-26 09:45:00,68.668
2018-04-26 09:30:00,80.409
2018-04-26 09:15:00,77.017
2018-04-26 09:00:00,43.543
2018-04-26 08:45:00,7.173
2018-04-26 08:30:00,1.342
2018-04-26 08:15:00,-1.927
2018-04-26 08:00:00,-5.984
2018-04-26 07:45:00,-11.855
2018-04-26 07:30:00,-5.411
2018-04-26 07:15:00,-11.619
2018-04-26 07:00:00,-25.267
2018-04-26 06:45:00,-25.831
2018-04-26 06:30:00,-28.43
2018-04-26 06:15:00,-28.505
2018-04-26 06:00:00,-29.839
2018-04-26 05:45:00,-29.828
2018-04-26 05:30:00,-31.512
2018-04-26 05:15:00,-34.873
2018-04-26 05:00:00,-22.248
2018-04-26 04:45:00,-17.742
2018-04-26 04:30:00,-18.501
2018-04-26 04:15:00,-17.385
2018-04-26 04:00:00,-18.505
2018-04-26 03:45:00,-17.048
2018-04-26 03:30:00,-18.444
2018-04-26 03:15:00,-16.45
2018-04-26 03:00:00,-18.735
2018-04-26 02:45:00,-17.344
2018-04-26 02:30:00,-19.656
2018-04-26 02:15:00,-17.085
2018-04-26 02:00:00,-19.154
2018-04-26 01:45:00,-18.381
2018-04-26 01:30:00,-19.215
2018-04-26 01:15:00,-18.846
2018-04-26 01:00:00,-20.598
2018-04-26 00:45:00,-18.441
2018-04-26 00:30:00,-20.795
2018-04-26 00:15:00,-19.128
2018-04-26 00:00:00,-21.681
2018-04-25 23:45:00,-19.569
2018-04-25 23:30:00,-21.13
2018-04-25 23:15:00,-21.171
2018-04-25 23:00:00,-20.536
2018-04-25 22:45:00,-19.443
2018-04-25 22:30:00,-21.666
2018-04-25 22:15:00,-21.086
2018-04-25 22:00:00,-22.434
2018-04-25 21:45:00,-23.89
2018-04-25 21:30:00,-23.789
2018-04-25 21:15:00,-25.667
2018-04-25 21:00:00,-26.417
2018-04-25 20:45:00,-28.397
2018-04-25 20:30:00,-28.764
2018-04-25 20:15:00,-30.666
2018-04-25 20:00:00,-34.101
2018-04-25 19:45:00,-35.011
2018-04-25 19:30:00,-40.261
2018-04-25 19:15:00,-39.302
2018-04-25 19:00:00,-26.394
2018-04-25 18:45:00,-21.605
2018-04-25 18:30:00,-5.883
2018-04-25 18:15:00,-1.082
2018-04-25 18:00:00,-0.934
2018-04-25 17:45:00,-0.934
2018-04-25 17:30:00,-0.933
2018-04-25 17:15:00,-0.933
2018-04-25 17:00:00,-0.934
2018-04-25 16:45:00,-0.942
2018-04-25 16:30:00,-0.94
2018-04-25 16:15:00,-0.941
2018-04-25 16:00:00,-0.935
2018-04-25 15:45:00,-0.936
2018-04-25 15:30:00,-0.939
2018-04-25 15:15:00,-0.938
2018-04-25 15:00:00,-0.938
2018-04-25 14:45:00,-0.942
2018-04-25 14:30:00,-0.923
2018-04-25 14:15:00,-0.924
2018-04-25 14:00:00,-0.923
2018-04-25 13:45:00,-0.923
2018-04-25 13:30:00,-0.925
2018-04-25 13:15:00,-0.928
2018-04-25 13:00:00,-0.926
2018-04-25 12:45:00,-0.926
2018-04-25 12:30:00,-0.929
2018-04-25 12:15:00,-0.927
2018-04-25 12:00:00,-0.925
2018-04-25 11:45:00,-0.857
2018-04-25 11:30:00,124.712
2018-04-25 11:15:00,161.328
2018-04-25 11:00:00,155.119
2018-04-25 10:45:00,147.994
2018-04-25 10:30:00,139.701
2018-04-25 10:15:00,129.491
2018-04-25 10:00:00,121.33
2018-04-25 09:45:00,112.179
2018-04-25 09:30:00,101.447
2018-04-25 09:15:00,91.1
2018-04-25 09:00:00,80.628
2018-04-25 08:45:00,65.613
2018-04-25 08:30:00,52.485
2018-04-25 08:15:00,34.985
2018-04-25 08:00:00,3.077
2018-04-25 07:45:00,0.683
2018-04-25 07:30:00,-5.48
2018-04-25 07:15:00,-22.948
2018-04-25 07:00:00,-32.051
2018-04-25 06:45:00,-27.438
2018-04-25 06:30:00,-31.965
2018-04-25 06:15:00,-29.859
2018-04-25 06:00:00,-29.788
2018-04-25 05:45:00,-32.451
2018-04-25 05:30:00,-33.314
2018-04-25 05:15:00,-36.3
2018-04-25 05:00:00,-25.784
2018-04-25 04:45:00,-20.446
2018-04-25 04:30:00,-18.442
2018-04-25 04:15:00,-20.394
2018-04-25 04:00:00,-18.382
2018-04-25 03:45:00,-19.928
2018-04-25 03:30:00,-18.196
2018-04-25 03:15:00,-20.485
2018-04-25 03:00:00,-18.705
2018-04-25 02:45:00,-21.29
2018-04-25 02:30:00,-19.387
2018-04-25 02:15:00,-20.942
2018-04-25 02:00:00,-19.274
2018-04-25 01:45:00,-20.866
2018-04-25 01:30:00,-18.086
2018-04-25 01:15:00,-20.991
2018-04-25 01:00:00,-18.934
2018-04-25 00:45:00,-21.57
2018-04-25 00:30:00,-19.221
2018-04-25 00:15:00,-20.774
2018-04-25 00:00:00,-20.129
2018-04-24 23:45:00,-21.485
2018-04-24 23:30:00,-20.998
2018-04-24 23:15:00,-21.653
2018-04-24 23:00:00,-21.396
2018-04-24 22:45:00,-21.433
2018-04-24 22:30:00,-20.904
2018-04-24 22:15:00,-21.692
2018-04-24 22:00:00,-23.338
2018-04-24 21:45:00,-22.758
2018-04-24 21:30:00,-23.586
2018-04-24 21:15:00,-23.18
2018-04-24 21:00:00,-25.203
2018-04-24 20:45:00,-25.713
2018-04-24 20:30:00,-26.807
2018-04-24 20:15:00,-29.354
2018-04-24 20:00:00,-32.388
2018-04-24 19:45:00,-37.419
2018-04-24 19:30:00,-42.105
2018-04-24 19:15:00,-44.868
2018-04-24 19:00:00,-34.221
2018-04-24 18:45:00,-29.913
2018-04-24 18:30:00,-10.94
2018-04-24 18:15:00,-1.702
2018-04-24 18:00:00,-2.197
2018-04-24 17:45:00,-1.116
2018-04-24 17:30:00,-1.176
2018-04-24 17:15:00,-0.945
2018-04-24 17:00:00,-0.945
2018-04-24 16:45:00,-0.945
2018-04-24 16:30:00,-0.943
2018-04-24 16:15:00,-0.942
2018-04-24 16:00:00,-0.939
2018-04-24 15:45:00,-0.938
2018-04-24 15:30:00,-0.939
2018-04-24 15:15:00,-0.938
2018-04-24 15:00:00,-0.935
2018-04-24 14:45:00,-0.94
2018-04-24 14:30:00,-0.95
2018-04-24 14:15:00,-0.94
2018-04-24 14:00:00,-0.942
2018-04-24 13:45:00,-0.944
2018-04-24 13:30:00,-0.942
2018-04-24 13:15:00,-0.943
2018-04-24 13:00:00,-0.778
2018-04-24 12:45:00,133.273
2018-04-24 12:30:00,152.483
2018-04-24 12:15:00,153.069
2018-04-24 12:00:00,149.174
2018-04-24 11:45:00,144.569
2018-04-24 11:30:00,141.718
2018-04-24 11:15:00,67.828
2018-04-24 11:00:00,95.213
2018-04-24 10:45:00,127.506
2018-04-24 10:30:00,116.051
2018-04-24 10:15:00,117.913
2018-04-24 10:00:00,83.105
2018-04-24 09:45:00,35.418
2018-04-24 09:30:00,-15.828
2018-04-24 09:15:00,-12.016
2018-04-24 09:00:00,-11.28
2018-04-24 08:45:00,-17.913
2018-04-24 08:30:00,-33.1
2018-04-24 08:15:00,-40.376
2018-04-24 08:00:00,-34.576
2018-04-24 07:45:00,-37.931
2018-04-24 07:30:00,-36.089
2018-04-24 07:15:00,-21.843
2018-04-24 07:00:00,-25.587
2018-04-24 06:45:00,-30.072
2018-04-24 06:30:00,-29.457
2018-04-24 06:15:00,-29.223
2018-04-24 06:00:00,-28.757
2018-04-24 05:45:00,-28.191
2018-04-24 05:30:00,-28.479
2018-04-24 05:15:00,-18.768
2018-04-24 05:00:00,-8.322
2018-04-24 04:45:00,-7.525
2018-04-24 04:30:00,-7.527
2018-04-24 04:15:00,-7.851
2018-04-24 04:00:00,-6.796
2018-04-24 03:45:00,-8.182
2018-04-24 03:30:00,-6.74
2018-04-24 03:15:00,-8.327
2018-04-24 03:00:00,-6.536
2018-04-24 02:45:00,-9.96
2018-04-24 02:30:00,-7.442
2018-04-24 02:15:00,-9.459
2018-04-24 02:00:00,-8.559
2018-04-24 01:45:00,-8.565
2018-04-24 01:30:00,-8.289
2018-04-24 01:15:00,-8.767
2018-04-24 01:00:00,-10.002
2018-04-24 00:45:00,-11.337
2018-04-24 00:30:00,-11.108
2018-04-24 00:15:00,-10.189
2018-04-24 00:00:00,-11.695
2018-04-23 23:45:00,-14.616
2018-04-23 23:30:00,-15.806
2018-04-23 23:15:00,-15.188
2018-04-23 23:00:00,-15.518
2018-04-23 22:45:00,-15.671
2018-04-23 22:30:00,-16.464
2018-04-23 22:15:00,-16.496
2018-04-23 22:00:00,-16.169
2018-04-23 21:45:00,-17.798
2018-04-23 21:30:00,-18.797
2018-04-23 21:15:00,-20.206
2018-04-23 21:00:00,-19.521
2018-04-23 20:45:00,-19.722
2018-04-23 20:30:00,-19.033
2018-04-23 20:15:00,-25.736
2018-04-23 20:00:00,-32.644
2018-04-23 19:45:00,-38.494
2018-04-23 19:30:00,-57.707
2018-04-23 19:15:00,-54.302
2018-04-23 19:00:00,-49.947
2018-04-23 18:45:00,-50.229
2018-04-23 18:30:00,-31.143
2018-04-23 18:15:00,-10.682
2018-04-23 18:00:00,-0.943
2018-04-23 17:45:00,-0.942
2018-04-23 17:30:00,-0.943
2018-04-23 17:15:00,-0.939
2018-04-23 17:00:00,-0.947
2018-04-23 16:45:00,-0.949
2018-04-23 16:30:00,-0.947
2018-04-23 16:15:00,-0.946
2018-04-23 16:00:00,-0.943
2018-04-23 15:45:00,-0.942
2018-04-23 15:30:00,-0.942
2018-04-23 15:15:00,-0.945
2018-04-23 15:00:00,-0.937
2018-04-23 14:45:00,-0.928
2018-04-23 14:30:00,-0.929
2018-04-23 14:15:00,-0.929
2018-04-23 14:00:00,-0.925
2018-04-23 13:45:00,-0.928
2018-04-23 13:30:00,-0.929
2018-04-23 13:15:00,-0.931
2018-04-23 13:00:00,-0.931
2018-04-23 12:45:00,-0.931
2018-04-23 12:30:00,-0.93
2018-04-23 12:15:00,-0.927
2018-04-23 12:00:00,-0.801
2018-04-23 11:45:00,128.803
2018-04-23 11:30:00,143.262
2018-04-23 11:15:00,136.217
2018-04-23 11:00:00,137.345
2018-04-23 10:45:00,132.606
2018-04-23 10:30:00,128.023
2018-04-23 10:15:00,125.375
2018-04-23 10:00:00,115.186
2018-04-23 09:45:00,104.282
2018-04-23 09:30:00,97.044
2018-04-23 09:15:00,90.473
2018-04-23 09:00:00,80.626
2018-04-23 08:45:00,69.642
2018-04-23 08:30:00,35.856
2018-04-23 08:15:00,45.808
2018-04-23 08:00:00,-4.491
2018-04-23 07:45:00,-11.715
2018-04-23 07:30:00,-1.211
2018-04-23 07:15:00,-3.341
2018-04-23 07:00:00,-13.282
2018-04-23 06:45:00,-11.293
2018-04-23 06:30:00,-22.19
2018-04-23 06:15:00,-28.978
2018-04-23 06:00:00,-32.176
2018-04-23 05:45:00,-36.743
2018-04-23 05:30:00,-35.155
2018-04-23 05:15:00,-35.685
2018-04-23 05:00:00,-28.65
2018-04-23 04:45:00,-17.97
2018-04-23 04:30:00,-18.292
2018-04-23 04:15:00,-17.392
2018-04-23 04:00:00,-19.734
2018-04-23 03:45:00,-16.185
2018-04-23 03:30:00,-19.886
2018-04-23 03:15:00,-18.297
2018-04-23 03:00:00,-18.355
2018-04-23 02:45:00,-19.448
2018-04-23 02:30:00,-18.064
2018-04-23 02:15:00,-18.711
2018-04-23 02:00:00,-18.984
2018-04-23 01:45:00,-18.967
2018-04-23 01:30:00,-21.28
2018-04-23 01:15:00,-21.624
2018-04-23 01:00:00,-23.628
2018-04-23 00:45:00,-22.627
2018-04-23 00:30:00,-24.584
2018-04-23 00:15:00,-23.024
2018-04-23 00:00:00,-25.329
2018-04-22 23:45:00,-23.425
2018-04-22 23:30:00,-27.077
2018-04-22 23:15:00,-45.21
2018-04-22 23:00:00,-38.521
2018-04-22 22:45:00,-25.866
2018-04-22 22:30:00,-25.238
2018-04-22 22:15:00,-27.094
2018-04-22 22:00:00,-27.218
2018-04-22 21:45:00,-26.51
2018-04-22 21:30:00,-27.592
2018-04-22 21:15:00,-26.56
2018-04-22 21:00:00,-28.456
2018-04-22 20:45:00,-27.544
2018-04-22 20:30:00,-29.503
2018-04-22 20:15:00,-41.629
2018-04-22 20:00:00,-28.426
2018-04-22 19:45:00,-30.167
2018-04-22 19:30:00,-29.803
2018-04-22 19:15:00,-28.053
2018-04-22 19:00:00,-28.039
2018-04-22 18:45:00,-36.407
2018-04-22 18:30:00,-28.166
2018-04-22 18:15:00,-13.839
2018-04-22 18:00:00,-3.648
2018-04-22 17:45:00,-0.922
2018-04-22 17:30:00,-0.923
2018-04-22 17:15:00,-0.922
2018-04-22 17:00:00,-0.92
2018-04-22 16:45:00,-0.917
2018-04-22 16:30:00,-0.918
2018-04-22 16:15:00,-0.919
2018-04-22 16:00:00,-0.92
2018-04-22 15:45:00,-0.914
2018-04-22 15:30:00,-0.913
2018-04-22 15:15:00,-0.915
2018-04-22 15:00:00,-0.92
2018-04-22 14:45:00,-0.924
2018-04-22 14:30:00,-0.92
2018-04-22 14:15:00,-0.92
2018-04-22 14:00:00,-0.915
2018-04-22 13:45:00,-0.915
2018-04-22 13:30:00,-0.913
2018-04-22 13:15:00,-0.914
2018-04-22 13:00:00,-0.913
2018-04-22 12:45:00,-0.914
2018-04-22 12:30:00,-0.914
2018-04-22 12:15:00,-0.914
2018-04-22 12:00:00,-0.915
2018-04-22 11:45:00,-0.916
2018-04-22 11:30:00,-0.914
2018-04-22 11:15:00,-0.87
2018-04-22 11:00:00,87.296
2018-04-22 10:45:00,162.946
2018-04-22 10:30:00,156.807
2018-04-22 10:15:00,149.343
2018-04-22 10:00:00,141.337
2018-04-22 09:45:00,131.8
2018-04-22 09:30:00,120.061
2018-04-22 09:15:00,108.766
2018-04-22 09:00:00,97.14
2018-04-22 08:45:00,86.582
2018-04-22 08:30:00,70.935
2018-04-22 08:15:00,55.542
2018-04-22 08:00:00,37.603
2018-04-22 07:45:00,22.217
2018-04-22 07:30:00,5.381
2018-04-22 07:15:00,-1.451
2018-04-22 07:00:00,-10.465
2018-04-22 06:45:00,-18.267
2018-04-22 06:30:00,-20.066
2018-04-22 06:15:00,-20.259
2018-04-22 06:00:00,-20.332
2018-04-22 05:45:00,-20.09
2018-04-22 05:30:00,-19.305
2018-04-22 05:15:00,-20.542
2018-04-22 05:00:00,-19.859
2018-04-22 04:45:00,-20.741
2018-04-22 04:30:00,-18.476
2018-04-22 04:15:00,-21.645
2018-04-22 04:00:00,-20.247
2018-04-22 03:45:00,-22.314
2018-04-22 03:30:00,-22.358
2018-04-22 03:15:00,-20.081
2018-04-22 03:00:00,-20.902
2018-04-22 02:45:00,-20.014
2018-04-22 02:30:00,-20.371
2018-04-22 02:15:00,-22.548
2018-04-22 02:00:00,-21.392
2018-04-22 01:45:00,-23.395
2018-04-22 01:30:00,-20.343
2018-04-22 01:15:00,-23.068
2018-04-22 01:00:00,-22.196
2018-04-22 00:45:00,-22.246
2018-04-22 00:30:00,-22.476
2018-04-22 00:15:00,-22.661
2018-04-22 00:00:00,-23.364
2018-04-21 23:45:00,-23.364
2018-04-21 23:30:00,-23.87
2018-04-21 23:15:00,-22.856
2018-04-21 23:00:00,-23.528
2018-04-21 22:45:00,-25.607
2018-04-21 22:30:00,-24.642
2018-04-21 22:15:00,-28.489
2018-04-21 22:00:00,-27.772
2018-04-21 21:45:00,-29.153
2018-04-21 21:30:00,-28.986
2018-04-21 21:15:00,-29.266
2018-04-21 21:00:00,-29.11
2018-04-21 20:45:00,-29.297
2018-04-21 20:30:00,-29.501
2018-04-21 20:15:00,-29.997
2018-04-21 20:00:00,-29.153
2018-04-21 19:45:00,-32.806
2018-04-21 19:30:00,-30.131
2018-04-21 19:15:00,-29.796
2018-04-21 19:00:00,-26.82
2018-04-21 18:45:00,-35.76
2018-04-21 18:30:00,-11.621
2018-04-21 18:15:00,-1.599
2018-04-21 18:00:00,-0.916
2018-04-21 17:45:00,-0.915
2018-04-21 17:30:00,-1.345
2018-04-21 17:15:00,-1.058
2018-04-21 17:00:00,-0.926
2018-04-21 16:45:00,-0.925
2018-04-21 16:30:00,-0.924
2018-04-21 16:15:00,-0.922
2018-04-21 16:00:00,-0.919
2018-04-21 15:45:00,-0.918
2018-04-21 15:30:00,-0.917
2018-04-21 15:15:00,-0.915
2018-04-21 15:00:00,-0.912
2018-04-21 14:45:00,-0.912
2018-04-21 14:30:00,-0.912
2018-04-21 14:15:00,-0.913
2018-04-21 14:00:00,-0.911
2018-04-21 13:45:00,-0.915
2018-04-21 13:30:00,-0.916
2018-04-21 13:15:00,-0.918
2018-04-21 13:00:00,-0.924
2018-04-21 12:45:00,-0.922
2018-04-21 12:30:00,-0.919
2018-04-21 12:15:00,-0.918
2018-04-21 12:00:00,-0.92
2018-04-21 11:45:00,-0.912
2018-04-21 11:30:00,-0.914
2018-04-21 11:15:00,-0.787
2018-04-21 11:00:00,133.904
2018-04-21 10:45:00,171.496
2018-04-21 10:30:00,159.788
2018-04-21 10:15:00,156.238
2018-04-21 10:00:00,144.589
2018-04-21 09:45:00,131.79
2018-04-21 09:30:00,121.286
2018-04-21 09:15:00,107.134
2018-04-21 09:00:00,95.774
2018-04-21 08:45:00,81.593
2018-04-21 08:30:00,66.969
2018-04-21 08:15:00,48.16
2018-04-21 08:00:00,35.981
2018-04-21 07:45:00,19.375
2018-04-21 07:30:00,6.212
2018-04-21 07:15:00,-1.417
2018-04-21 07:00:00,-9.643
2018-04-21 06:45:00,-21.352
2018-04-21 06:30:00,-35.262
2018-04-21 06:15:00,-35.913
2018-04-21 06:00:00,-27.893
2018-04-21 05:45:00,-20.083
2018-04-21 05:30:00,-18.749
2018-04-21 05:15:00,-20.625
2018-04-21 05:00:00,-18.329
2018-04-21 04:45:00,-20.403
2018-04-21 04:30:00,-19.403
2018-04-21 04:15:00,-19.196
2018-04-21 04:00:00,-20.291
2018-04-21 03:45:00,-19.149
2018-04-21 03:30:00,-21.29
2018-04-21 03:15:00,-20.773
2018-04-21 03:00:00,-19.909
2018-04-21 02:45:00,-20.915
2018-04-21 02:30:00,-19.56
2018-04-21 02:15:00,-21.912
2018-04-21 02:00:00,-20.282
2018-04-21 01:45:00,-21.884
2018-04-21 01:30:00,-21.606
2018-04-21 01:15:00,-20.731
2018-04-21 01:00:00,-21.576
2018-04-21 00:45:00,-21.861
2018-04-21 00:30:00,-21.945
2018-04-21 00:15:00,-21.974
2018-04-21 00:00:00,-22.127
2018-04-20 23:45:00,-23.202
2018-04-20 23:30:00,-22.692
2018-04-20 23:15:00,-22.919
2018-04-20 23:00:00,-23.371
2018-04-20 22:45:00,-24.003
2018-04-20 22:30:00,-23.492
2018-04-20 22:15:00,-23.01
2018-04-20 22:00:00,-24.773
2018-04-20 21:45:00,-24.609
2018-04-20 21:30:00,-23.4
2018-04-20 21:15:00,-26.509
2018-04-20 21:00:00,-25.685
2018-04-20 20:45:00,-28.156
2018-04-20 20:30:00,-26.586
2018-04-20 20:15:00,-31.488
2018-04-20 20:00:00,-34.992
2018-04-20 19:45:00,-34.468
2018-04-20 19:30:00,-36.416
2018-04-20 19:15:00,-35.859
2018-04-20 19:00:00,-33.971
2018-04-20 18:45:00,-37.809
2018-04-20 18:30:00,-21.236
2018-04-20 18:15:00,-4.63
2018-04-20 18:00:00,-0.925
2018-04-20 17:45:00,-0.921
2018-04-20 17:30:00,-0.921
2018-04-20 17:15:00,-0.924
2018-04-20 17:00:00,-0.925
2018-04-20 16:45:00,-0.924
2018-04-20 16:30:00,-0.926
2018-04-20 16:15:00,-0.926
2018-04-20 16:00:00,-0.925
2018-04-20 15:45:00,-0.925
2018-04-20 15:30:00,-0.927
2018-04-20 15:15:00,-0.926
2018-04-20 15:00:00,-0.925
2018-04-20 14:45:00,-0.924
2018-04-20 14:30:00,-0.924
2018-04-20 14:15:00,-0.922
2018-04-20 14:00:00,-0.92
2018-04-20 13:45:00,-0.92
2018-04-20 13:30:00,-0.919
2018-04-20 13:15:00,-0.92
2018-04-20 13:00:00,-0.919
2018-04-20 12:45:00,-0.92
2018-04-20 12:30:00,-0.915
2018-04-20 12:15:00,-0.915
2018-04-20 12:00:00,-0.915
2018-04-20 11:45:00,-0.915
2018-04-20 11:30:00,-0.897
2018-04-20 11:15:00,82.714
2018-04-20 11:00:00,168.269
2018-04-20 10:45:00,163.263
2018-04-20 10:30:00,158.541
2018-04-20 10:15:00,148.987
2018-04-20 10:00:00,138.981
2018-04-20 09:45:00,130.256
2018-04-20 09:30:00,117.336
2018-04-20 09:15:00,105.69
2018-04-20 09:00:00,87.155
2018-04-20 08:45:00,67.955
2018-04-20 08:30:00,54.2
2018-04-20 08:15:00,44.02
2018-04-20 08:00:00,29.982
2018-04-20 07:45:00,12.984
2018-04-20 07:30:00,1.217
2018-04-20 07:15:00,-1.424
2018-04-20 07:00:00,-0.182
2018-04-20 06:45:00,-9.943
2018-04-20 06:30:00,-17.197
2018-04-20 06:15:00,-20.599
2018-04-20 06:00:00,-23.374
2018-04-20 05:45:00,-24.927
2018-04-20 05:30:00,-33.603
2018-04-20 05:15:00,-35.222
2018-04-20 05:00:00,-13.767
2018-04-20 04:45:00,-14.231
2018-04-20 04:30:00,-28.439
2018-04-20 04:15:00,-32.634
2018-04-20 04:00:00,-31.825
2018-04-20 03:45:00,-35.187
2018-04-20 03:30:00,-33.989
2018-04-20 03:15:00,-27.039
2018-04-20 03:00:00,-17.725
2018-04-20 02:45:00,-19.536
2018-04-20 02:30:00,-18.133
2018-04-20 02:15:00,-34.371
2018-04-20 02:00:00,-34.103
2018-04-20 01:45:00,-35.612
2018-04-20 01:30:00,-33.68
2018-04-20 01:15:00,-20.8
2018-04-20 01:00:00,-20.015
2018-04-20 00:45:00,-18.427
2018-04-20 00:30:00,-19.295
2018-04-20 00:15:00,-19.877
2018-04-20 00:00:00,-18.763
2018-04-19 23:45:00,-20.38
2018-04-19 23:30:00,-20.424
2018-04-19 23:15:00,-19.823
2018-04-19 23:00:00,-20.456
2018-04-19 22:45:00,-19.138
2018-04-19 22:30:00,-21.799
2018-04-19 22:15:00,-18.89
2018-04-19 22:00:00,-21.182
2018-04-19 21:45:00,-20.458
2018-04-19 21:30:00,-20.142
2018-04-19 21:15:00,-22.222
2018-04-19 21:00:00,-20.797
2018-04-19 20:45:00,-22.842
2018-04-19 20:30:00,-20.689
2018-04-19 20:15:00,-22.901
2018-04-19 20:00:00,-27.885
2018-04-19 19:45:00,-27.041
2018-04-19 19:30:00,-28.341
2018-04-19 19:15:00,-28.801
2018-04-19 19:00:00,-26.509
2018-04-19 18:45:00,-26.969
2018-04-19 18:30:00,-9.786
2018-04-19 18:15:00,-4.033
2018-04-19 18:00:00,-0.874
2018-04-19 17:45:00,-0.342
2018-04-19 17:30:00,-0.667
2018-04-19 17:15:00,-0.925
2018-04-19 17:00:00,-0.922
2018-04-19 16:45:00,-0.921
2018-04-19 16:30:00,-0.921
2018-04-19 16:15:00,-0.925
2018-04-19 16:00:00,-0.921
2018-04-19 15:45:00,-0.178
2018-04-19 15:30:00,-0.933
2018-04-19 15:15:00,-0.208
2018-04-19 15:00:00,-0.944
2018-04-19 14:45:00,-0.942
2018-04-19 14:30:00,-0.942
2018-04-19 14:15:00,-0.942
2018-04-19 14:00:00,-2.337
2018-04-19 13:45:00,-0.905
2018-04-19 13:30:00,102.171
2018-04-19 13:15:00,170.724
2018-04-19 13:00:00,167.724
2018-04-19 12:45:00,125.081
2018-04-19 12:30:00,132.315
2018-04-19 12:15:00,74.369
2018-04-19 12:00:00,146.514
2018-04-19 11:45:00,104.323
2018-04-19 11:30:00,35.498
2018-04-19 11:15:00,-3.586
2018-04-19 11:00:00,69.013
2018-04-19 10:45:00,29.788
2018-04-19 10:30:00,-2.371
2018-04-19 10:15:00,-22.101
2018-04-19 10:00:00,-13.382
2018-04-19 09:45:00,-6.909
2018-04-19 09:30:00,-26.535
2018-04-19 09:15:00,-35.119
2018-04-19 09:00:00,5.24
2018-04-19 08:45:00,28.193
2018-04-19 08:30:00,-7.573
2018-04-19 08:15:00,-19.979
2018-04-19 08:00:00,-3.778
2018-04-19 07:45:00,11.067
2018-04-19 07:30:00,-1.325
2018-04-19 07:15:00,-10.084
2018-04-19 07:00:00,-36.233
2018-04-19 06:45:00,-40.807
2018-04-19 06:30:00,-41.18
2018-04-19 06:15:00,-29.063
2018-04-19 06:00:00,-24.605
2018-04-19 05:45:00,-24.491
2018-04-19 05:30:00,-24.2
2018-04-19 05:15:00,-24.885
2018-04-19 05:00:00,-6.158
2018-04-19 04:45:00,-2.679
2018-04-19 04:30:00,-3.096
2018-04-19 04:15:00,-3.92
2018-04-19 04:00:00,-4.626
2018-04-19 03:45:00,-6.503
2018-04-19 03:30:00,-4.118
2018-04-19 03:15:00,-5.955
2018-04-19 03:00:00,-4.559
2018-04-19 02:45:00,-5.267
2018-04-19 02:30:00,-5.516
2018-04-19 02:15:00,-4.618
2018-04-19 02:00:00,-5.884
2018-04-19 01:45:00,-5.019
2018-04-19 01:30:00,-5.494
2018-04-19 01:15:00,-4.978
2018-04-19 01:00:00,-7.797
2018-04-19 00:45:00,-6.222
2018-04-19 00:30:00,-5.718
2018-04-19 00:15:00,-7.421
2018-04-19 00:00:00,-7.816
2018-04-18 23:45:00,-8.542
2018-04-18 23:30:00,-9.559
2018-04-18 23:15:00,-9.689
2018-04-18 23:00:00,-11.91
2018-04-18 22:45:00,-14.434
2018-04-18 22:30:00,-13.29
2018-04-18 22:15:00,-17.792
2018-04-18 22:00:00,-18.506
2018-04-18 21:45:00,-19.752
2018-04-18 21:30:00,-22.113
2018-04-18 21:15:00,-23.774
2018-04-18 21:00:00,-27.73
2018-04-18 20:45:00,-26.485
2018-04-18 20:30:00,-29.348
2018-04-18 20:15:00,-28.611
2018-04-18 20:00:00,-35.514
2018-04-18 19:45:00,-34.698
2018-04-18 19:30:00,-35.624
2018-04-18 19:15:00,-34.074
2018-04-18 19:00:00,-33.835
2018-04-18 18:45:00,-27.255
2018-04-18 18:30:00,-28.747
2018-04-18 18:15:00,-25.128
2018-04-18 18:00:00,-6.704
2018-04-18 17:45:00,-0.923
2018-04-18 17:30:00,-0.923
2018-04-18 17:15:00,-0.927
2018-04-18 17:00:00,-0.926
2018-04-18 16:45:00,-0.926
2018-04-18 16:30:00,-0.923
2018-04-18 16:15:00,-0.923
2018-04-18 16:00:00,-0.921
2018-04-18 15:45:00,-0.921
2018-04-18 15:30:00,-0.92
2018-04-18 15:15:00,-0.917
2018-04-18 15:00:00,-0.916
2018-04-18 14:45:00,-0.916
2018-04-18 14:30:00,-0.915
2018-04-18 14:15:00,-0.916
2018-04-18 14:00:00,-0.915
2018-04-18 13:45:00,-0.916
2018-04-18 13:30:00,-0.915
2018-04-18 13:15:00,-0.916
2018-04-18 13:00:00,-0.917
2018-04-18 12:45:00,-0.918
2018-04-18 12:30:00,-0.919
2018-04-18 12:15:00,-0.92
2018-04-18 12:00:00,-0.918
2018-04-18 11:45:00,-0.905
2018-04-18 11:30:00,79.217
2018-04-18 11:15:00,171.466
2018-04-18 11:00:00,161.922
2018-04-18 10:45:00,156.93
2018-04-18 10:30:00,146.562
2018-04-18 10:15:00,140.827
2018-04-18 10:00:00,126.35
2018-04-18 09:45:00,119.046
2018-04-18 09:30:00,107.575
2018-04-18 09:15:00,96.014
2018-04-18 09:00:00,83.045
2018-04-18 08:45:00,71.223
2018-04-18 08:30:00,54.0
2018-04-18 08:15:00,40.201
2018-04-18 08:00:00,22.553
2018-04-18 07:45:00,14.147
2018-04-18 07:30:00,-0.258
2018-04-18 07:15:00,-15.522
2018-04-18 07:00:00,-21.237
2018-04-18 06:45:00,-26.729
2018-04-18 06:30:00,-35.25
2018-04-18 06:15:00,-47.783
2018-04-18 06:00:00,-43.705
2018-04-18 05:45:00,-37.747
2018-04-18 05:30:00,-34.835
2018-04-18 05:15:00,-31.666
2018-04-18 05:00:00,-30.535
2018-04-18 04:45:00,-33.856
2018-04-18 04:30:00,-32.82
2018-04-18 04:15:00,-34.139
2018-04-18 04:00:00,-32.323
2018-04-18 03:45:00,-21.968
2018-04-18 03:30:00,-17.435
2018-04-18 03:15:00,-19.148
2018-04-18 03:00:00,-18.447
2018-04-18 02:45:00,-16.893
2018-04-18 02:30:00,-19.01
2018-04-18 02:15:00,-17.792
2018-04-18 02:00:00,-19.069
2018-04-18 01:45:00,-18.428
2018-04-18 01:30:00,-19.316
2018-04-18 01:15:00,-17.653
2018-04-18 01:00:00,-19.618
2018-04-18 00:45:00,-18.967
2018-04-18 00:30:00,-19.591
2018-04-18 00:15:00,-19.683
2018-04-18 00:00:00,-22.833
2018-04-17 23:45:00,-22.209
2018-04-17 23:30:00,-23.923
2018-04-17 23:15:00,-23.382
2018-04-17 23:00:00,-23.722
2018-04-17 22:45:00,-22.976
2018-04-17 22:30:00,-24.067
2018-04-17 22:15:00,-23.863
2018-04-17 22:00:00,-24.172
2018-04-17 21:45:00,-23.227
2018-04-17 21:30:00,-25.094
2018-04-17 21:15:00,-22.988
2018-04-17 21:00:00,-27.155
2018-04-17 20:45:00,-26.273
2018-04-17 20:30:00,-27.627
2018-04-17 20:15:00,-27.441
2018-04-17 20:00:00,-32.751
2018-04-17 19:45:00,-32.885
2018-04-17 19:30:00,-34.824
2018-04-17 19:15:00,-32.46
2018-04-17 19:00:00,-34.461
2018-04-17 18:45:00,-29.093
2018-04-17 18:30:00,-16.705
2018-04-17 18:15:00,-2.141
2018-04-17 18:00:00,-0.924
2018-04-17 17:45:00,-0.923
2018-04-17 17:30:00,-0.923
2018-04-17 17:15:00,-0.923
2018-04-17 17:00:00,-0.922
2018-04-17 16:45:00,-0.923
2018-04-17 16:30:00,-0.922
2018-04-17 16:15:00,-0.925
2018-04-17 16:00:00,-0.924
2018-04-17 15:45:00,-0.925
2018-04-17 15:30:00,-0.928
2018-04-17 15:15:00,-0.927
2018-04-17 15:00:00,-0.926
2018-04-17 14:45:00,-0.926
2018-04-17 14:30:00,-0.926
2018-04-17 14:15:00,-0.93
2018-04-17 14:00:00,-0.931
2018-04-17 13:45:00,-0.93
2018-04-17 13:30:00,-0.929
2018-04-17 13:15:00,-0.929
2018-04-17 13:00:00,-0.925
2018-04-17 12:45:00,-0.926
2018-04-17 12:30:00,-0.92
2018-04-17 12:15:00,-0.92
2018-04-17 12:00:00,-0.918
2018-04-17 11:45:00,-0.911
2018-04-17 11:30:00,50.98
2018-04-17 11:15:00,163.771
2018-04-17 11:00:00,156.429
2018-04-17 10:45:00,153.137
2018-04-17 10:30:00,147.053
2018-04-17 10:15:00,139.98
2018-04-17 10:00:00,129.994
2018-04-17 09:45:00,119.826
2018-04-17 09:30:00,109.79
2018-04-17 09:15:00,99.344
2018-04-17 09:00:00,86.622
2018-04-17 08:45:00,63.618
2018-04-17 08:30:00,53.514
2018-04-17 08:15:00,23.714
2018-04-17 08:00:00,8.351
2018-04-17 07:45:00,4.617
2018-04-17 07:30:00,-0.638
2018-04-17 07:15:00,2.984
2018-04-17 07:00:00,0.366
2018-04-17 06:45:00,-7.451
2018-04-17 06:30:00,-16.733
2018-04-17 06:15:00,-20.27
2018-04-17 06:00:00,-22.901
2018-04-17 05:45:00,-28.166
2018-04-17 05:30:00,-38.859
2018-04-17 05:15:00,-34.721
2018-04-17 05:00:00,-20.631
2018-04-17 04:45:00,-18.357
2018-04-17 04:30:00,-16.511
2018-04-17 04:15:00,-18.3
2018-04-17 04:00:00,-17.053
2018-04-17 03:45:00,-18.409
2018-04-17 03:30:00,-18.367
2018-04-17 03:15:00,-17.337
2018-04-17 03:00:00,-18.046
2018-04-17 02:45:00,-18.996
2018-04-17 02:30:00,-18.959
2018-04-17 02:15:00,-18.022
2018-04-17 02:00:00,-19.409
2018-04-17 01:45:00,-18.826
2018-04-17 01:30:00,-19.307
2018-04-17 01:15:00,-18.925
2018-04-17 01:00:00,-19.814
2018-04-17 00:45:00,-19.467
2018-04-17 00:30:00,-19.104
2018-04-17 00:15:00,-20.344
2018-04-17 00:00:00,-19.44
2018-04-16 23:45:00,-19.297
2018-04-16 23:30:00,-20.449
2018-04-16 23:15:00,-20.724
2018-04-16 23:00:00,-19.442
2018-04-16 22:45:00,-21.133
2018-04-16 22:30:00,-23.221
2018-04-16 22:15:00,-23.63
2018-04-16 22:00:00,-23.401
2018-04-16 21:45:00,-23.291
2018-04-16 21:30:00,-24.487
2018-04-16 21:15:00,-26.263
2018-04-16 21:00:00,-27.058
2018-04-16 20:45:00,-25.874
2018-04-16 20:30:00,-27.296
2018-04-16 20:15:00,-28.561
2018-04-16 20:00:00,-31.508
2018-04-16 19:45:00,-33.147
2018-04-16 19:30:00,-33.009
2018-04-16 19:15:00,-31.505
2018-04-16 19:00:00,-46.964
2018-04-16 18:45:00,-46.44
2018-04-16 18:30:00,-35.513
2018-04-16 18:15:00,-16.451
2018-04-16 18:00:00,-6.043
2018-04-16 17:45:00,3.549
2018-04-16 17:30:00,0.701
2018-04-16 17:15:00,0.387
2018-04-16 17:00:00,-0.922
2018-04-16 16:45:00,-0.391
2018-04-16 16:30:00,-0.927
2018-04-16 16:15:00,-0.97
2018-04-16 16:00:00,0.955
2018-04-16 15:45:00,2.393
2018-04-16 15:30:00,-0.924
2018-04-16 15:15:00,-0.555
2018-04-16 15:00:00,-0.92
2018-04-16 14:45:00,-0.921
2018-04-16 14:30:00,1.203
2018-04-16 14:15:00,-0.149
2018-04-16 14:00:00,-0.375
2018-04-16 13:45:00,0.717
2018-04-16 13:30:00,-0.471
2018-04-16 13:15:00,3.727
2018-04-16 13:00:00,1.987
2018-04-16 12:45:00,4.005
2018-04-16 12:30:00,12.054
2018-04-16 12:15:00,102.988
2018-04-16 12:00:00,191.559
2018-04-16 11:45:00,158.758
2018-04-16 11:30:00,129.046
2018-04-16 11:15:00,134.213
2018-04-16 11:00:00,99.042
2018-04-16 10:45:00,86.749
2018-04-16 10:30:00,82.259
2018-04-16 10:15:00,83.665
2018-04-16 10:00:00,116.689
2018-04-16 09:45:00,53.118
2018-04-16 09:30:00,97.06
2018-04-16 09:15:00,81.607
2018-04-16 09:00:00,35.67
2018-04-16 08:45:00,-0.818
2018-04-16 08:30:00,-1.307
2018-04-16 08:15:00,-6.439
2018-04-16 08:00:00,4.349
2018-04-16 07:45:00,-1.751
2018-04-16 07:30:00,-14.102
2018-04-16 07:15:00,-14.949
2018-04-16 07:00:00,-24.117
2018-04-16 06:45:00,-22.242
2018-04-16 06:30:00,-25.451
2018-04-16 06:15:00,-27.772
2018-04-16 06:00:00,-31.165
2018-04-16 05:45:00,-31.161
2018-04-16 05:30:00,-35.001
2018-04-16 05:15:00,-36.13
2018-04-16 05:00:00,-22.087
2018-04-16 04:45:00,-19.107
2018-04-16 04:30:00,-19.894
2018-04-16 04:15:00,-19.502
2018-04-16 04:00:00,-20.659
2018-04-16 03:45:00,-20.775
2018-04-16 03:30:00,-20.3
2018-04-16 03:15:00,-19.805
2018-04-16 03:00:00,-21.042
2018-04-16 02:45:00,-20.343
2018-04-16 02:30:00,-21.862
2018-04-16 02:15:00,-21.029
2018-04-16 02:00:00,-20.654
2018-04-16 01:45:00,-20.335
2018-04-16 01:30:00,-21.502
2018-04-16 01:15:00,-20.677
2018-04-16 01:00:00,-21.226
2018-04-16 00:45:00,-20.299
2018-04-16 00:30:00,-21.858
2018-04-16 00:15:00,-20.994
2018-04-16 00:00:00,-22.796
2018-04-15 23:45:00,-23.793
2018-04-15 23:30:00,-23.652
2018-04-15 23:15:00,-23.85
2018-04-15 23:00:00,-31.181
2018-04-15 22:45:00,-41.745
2018-04-15 22:30:00,-26.59
2018-04-15 22:15:00,-23.611
2018-04-15 22:00:00,-24.728
2018-04-15 21:45:00,-23.736
2018-04-15 21:30:00,-26.752
2018-04-15 21:15:00,-25.711
2018-04-15 21:00:00,-26.551
2018-04-15 20:45:00,-25.816
2018-04-15 20:30:00,-26.235
2018-04-15 20:15:00,-26.971
2018-04-15 20:00:00,-26.781
2018-04-15 19:45:00,-25.728
2018-04-15 19:30:00,-28.855
2018-04-15 19:15:00,-27.635
2018-04-15 19:00:00,-27.4
2018-04-15 18:45:00,-23.171
2018-04-15 18:30:00,-7.745
2018-04-15 18:15:00,-0.921
2018-04-15 18:00:00,-0.931
2018-04-15 17:45:00,-0.93
2018-04-15 17:30:00,-0.931
2018-04-15 17:15:00,-0.931
2018-04-15 17:00:00,-0.929
2018-04-15 16:45:00,-0.925
2018-04-15 16:30:00,-0.924
2018-04-15 16:15:00,-0.921
2018-04-15 16:00:00,-0.917
2018-04-15 15:45:00,-0.918
2018-04-15 15:30:00,-0.921
2018-04-15 15:15:00,-0.922
2018-04-15 15:00:00,-0.92
2018-04-15 14:45:00,-0.922
2018-04-15 14:30:00,-0.924
2018-04-15 14:15:00,-0.925
2018-04-15 14:00:00,-0.921
2018-04-15 13:45:00,-0.919
2018-04-15 13:30:00,-0.916
2018-04-15 13:15:00,-0.919
2018-04-15 13:00:00,-0.919
2018-04-15 12:45:00,-0.914
2018-04-15 12:30:00,-0.913
2018-04-15 12:15:00,-0.912
2018-04-15 12:00:00,-0.914
2018-04-15 11:45:00,-0.912
2018-04-15 11:30:00,-0.91
2018-04-15 11:15:00,-1.346
2018-04-15 11:00:00,118.65
2018-04-15 10:45:00,119.103
2018-04-15 10:30:00,141.234
2018-04-15 10:15:00,95.598
2018-04-15 10:00:00,44.363
2018-04-15 09:45:00,87.185
2018-04-15 09:30:00,49.449
2018-04-15 09:15:00,57.582
2018-04-15 09:00:00,55.779
2018-04-15 08:45:00,62.119
2018-04-15 08:30:00,66.676
2018-04-15 08:15:00,46.086
2018-04-15 08:00:00,32.843
2018-04-15 07:45:00,42.516
2018-04-15 07:30:00,15.231
2018-04-15 07:15:00,-0.324
2018-04-15 07:00:00,-5.484
2018-04-15 06:45:00,-9.395
2018-04-15 06:30:00,-12.292
2018-04-15 06:15:00,-11.88
2018-04-15 06:00:00,-13.142
2018-04-15 05:45:00,-11.564
2018-04-15 05:30:00,-13.02
2018-04-15 05:15:00,-13.655
2018-04-15 05:00:00,-12.622
2018-04-15 04:45:00,-10.988
2018-04-15 04:30:00,-12.348
2018-04-15 04:15:00,-12.475
2018-04-15 04:00:00,-12.158
2018-04-15 03:45:00,-12.365
2018-04-15 03:30:00,-12.934
2018-04-15 03:15:00,-13.533
2018-04-15 03:00:00,-13.499
2018-04-15 02:45:00,-11.895
2018-04-15 02:30:00,-14.209
2018-04-15 02:15:00,-12.446
2018-04-15 02:00:00,-14.325
2018-04-15 01:45:00,-12.81
2018-04-15 01:30:00,-13.154
2018-04-15 01:15:00,-12.974
2018-04-15 01:00:00,-13.089
2018-04-15 00:45:00,-12.943
2018-04-15 00:30:00,-14.14
2018-04-15 00:15:00,-13.769
2018-04-15 00:00:00,-13.173
2018-04-14 23:45:00,-12.974
2018-04-14 23:30:00,-13.906
2018-04-14 23:15:00,-16.183
2018-04-14 23:00:00,-15.504
2018-04-14 22:45:00,-14.943
2018-04-14 22:30:00,-15.675
2018-04-14 22:15:00,-14.718
2018-04-14 22:00:00,-16.201
2018-04-14 21:45:00,-13.219
2018-04-14 21:30:00,-15.755
2018-04-14 21:15:00,-16.688
2018-04-14 21:00:00,-20.012
2018-04-14 20:45:00,-18.702
2018-04-14 20:30:00,-23.894
2018-04-14 20:15:00,-26.035
2018-04-14 20:00:00,-26.597
2018-04-14 19:45:00,-26.441
2018-04-14 19:30:00,-31.092
2018-04-14 19:15:00,-44.537
2018-04-14 19:00:00,-43.24
2018-04-14 18:45:00,-24.472
2018-04-14 18:30:00,-11.481
2018-04-14 18:15:00,-0.939
2018-04-14 18:00:00,-0.939
2018-04-14 17:45:00,-0.94
2018-04-14 17:30:00,-0.945
2018-04-14 17:15:00,-0.944
2018-04-14 17:00:00,-0.94
2018-04-14 16:45:00,-0.94
2018-04-14 16:30:00,-0.941
2018-04-14 16:15:00,-0.941
2018-04-14 16:00:00,-0.941
2018-04-14 15:45:00,-0.942
2018-04-14 15:30:00,-0.941
2018-04-14 15:15:00,-0.936
2018-04-14 15:00:00,-0.92
2018-04-14 14:45:00,-0.921
2018-04-14 14:30:00,-0.922
2018-04-14 14:15:00,-0.921
2018-04-14 14:00:00,-0.923
2018-04-14 13:45:00,-0.924
2018-04-14 13:30:00,-0.923
2018-04-14 13:15:00,-0.923
2018-04-14 13:00:00,-0.92
2018-04-14 12:45:00,-0.92
2018-04-14 12:30:00,-0.921
2018-04-14 12:15:00,-0.921
2018-04-14 12:00:00,-0.922
2018-04-14 11:45:00,-0.921
2018-04-14 11:30:00,-0.924
2018-04-14 11:15:00,-0.924
2018-04-14 11:00:00,-0.923
2018-04-14 10:45:00,-0.925
2018-04-14 10:30:00,-0.926
2018-04-14 10:15:00,-0.926
2018-04-14 10:00:00,-0.92
2018-04-14 09:45:00,-0.919
2018-04-14 09:30:00,-0.916
2018-04-14 09:15:00,-0.914
2018-04-14 09:00:00,-0.915
2018-04-14 08:45:00,-0.917
2018-04-14 08:30:00,-0.909
2018-04-14 08:15:00,-0.908
2018-04-14 08:00:00,-0.91
2018-04-14 07:45:00,-0.911
2018-04-14 07:30:00,-0.912
2018-04-14 07:15:00,-0.914
2018-04-14 07:00:00,-0.916
2018-04-14 06:45:00,-0.918
2018-04-14 06:30:00,-0.916
2018-04-14 06:15:00,-0.919
2018-04-14 06:00:00,-0.918
2018-04-14 05:45:00,-0.918
2018-04-14 05:30:00,-0.915
2018-04-14 05:15:00,-0.912
2018-04-14 05:00:00,-0.913
2018-04-14 04:45:00,-0.913
2018-04-14 04:30:00,-0.914
2018-04-14 04:15:00,-0.913
2018-04-14 04:00:00,-0.914
2018-04-14 03:45:00,-0.915
2018-04-14 03:30:00,-0.915
2018-04-14 03:15:00,-0.915
2018-04-14 03:00:00,-0.916
2018-04-14 02:45:00,-0.916
2018-04-14 02:30:00,-0.923
2018-04-14 02:15:00,-0.929
2018-04-14 02:00:00,-0.929
2018-04-14 01:45:00,-0.929
2018-04-14 01:30:00,-0.928
2018-04-14 01:15:00,-0.927
2018-04-14 01:00:00,-0.926
2018-04-14 00:45:00,-0.924
2018-04-14 00:30:00,-0.921
2018-04-14 00:15:00,-0.921
2018-04-14 00:00:00,-0.918
2018-04-13 23:45:00,-0.919
2018-04-13 23:30:00,-0.916
2018-04-13 23:15:00,-0.923
2018-04-13 23:00:00,-0.926
2018-04-13 22:45:00,-0.928
2018-04-13 22:30:00,-0.933
2018-04-13 22:15:00,-0.932
2018-04-13 22:00:00,-0.93
2018-04-13 21:45:00,-0.934
2018-04-13 21:30:00,-0.934
2018-04-13 21:15:00,-0.934
2018-04-13 21:00:00,-0.934
2018-04-13 20:45:00,-0.932
2018-04-13 20:30:00,-0.933
2018-04-13 20:15:00,-4.494
2018-04-13 20:00:00,-7.83
2018-04-13 19:45:00,-9.745
2018-04-13 19:30:00,-7.251
2018-04-13 19:15:00,-17.175
2018-04-13 19:00:00,-16.529
2018-04-13 18:45:00,-1.415
2018-04-13 18:30:00,-0.926
2018-04-13 18:15:00,-0.929
2018-04-13 18:00:00,-0.931
2018-04-13 17:45:00,-0.933
2018-04-13 17:30:00,-0.931
2018-04-13 17:15:00,-0.931
2018-04-13 17:00:00,-0.928
2018-04-13 16:45:00,-0.926
2018-04-13 16:30:00,-0.927
2018-04-13 16:15:00,-0.926
2018-04-13 16:00:00,-0.931
2018-04-13 15:45:00,-0.933
2018-04-13 15:30:00,-0.932
2018-04-13 15:15:00,-0.932
2018-04-13 15:00:00,-0.932
2018-04-13 14:45:00,-0.936
2018-04-13 14:30:00,-0.933
2018-04-13 14:15:00,-0.93
2018-04-13 14:00:00,-0.928
2018-04-13 13:45:00,-0.927
2018-04-13 13:30:00,-0.926
2018-04-13 13:15:00,-0.929
2018-04-13 13:00:00,-0.928
2018-04-13 12:45:00,-0.93
2018-04-13 12:30:00,-0.931
2018-04-13 12:15:00,-0.926
2018-04-13 12:00:00,-0.897
2018-04-13 11:45:00,94.409
2018-04-13 11:30:00,157.807
2018-04-13 11:15:00,145.337
2018-04-13 11:00:00,140.13
2018-04-13 10:45:00,129.02
2018-04-13 10:30:00,125.116
2018-04-13 10:15:00,123.47
2018-04-13 10:00:00,114.506
2018-04-13 09:45:00,103.221
2018-04-13 09:30:00,91.914
2018-04-13 09:15:00,80.747
2018-04-13 09:00:00,63.895
2018-04-13 08:45:00,51.374
2018-04-13 08:30:00,37.245
2018-04-13 08:15:00,21.134
2018-04-13 08:00:00,6.268
2018-04-13 07:45:00,-0.344
2018-04-13 07:30:00,-1.742
2018-04-13 07:15:00,-0.794
2018-04-13 07:00:00,-9.68
2018-04-13 06:45:00,-24.011
2018-04-13 06:30:00,-32.035
2018-04-13 06:15:00,-39.511
2018-04-13 06:00:00,-30.432
2018-04-13 05:45:00,-34.262
2018-04-13 05:30:00,-36.158
2018-04-13 05:15:00,-27.253
2018-04-13 05:00:00,-19.036
2018-04-13 04:45:00,-34.462
2018-04-13 04:30:00,-33.627
2018-04-13 04:15:00,-31.248
2018-04-13 04:00:00,-18.436
2018-04-13 03:45:00,-20.183
2018-04-13 03:30:00,-18.269
2018-04-13 03:15:00,-18.967
2018-04-13 03:00:00,-18.752
2018-04-13 02:45:00,-19.55
2018-04-13 02:30:00,-18.406
2018-04-13 02:15:00,-19.275
2018-04-13 02:00:00,-20.276
2018-04-13 01:45:00,-18.92
2018-04-13 01:30:00,-20.726
2018-04-13 01:15:00,-19.748
2018-04-13 01:00:00,-19.122
2018-04-13 00:45:00,-18.715
2018-04-13 00:30:00,-20.169
2018-04-13 00:15:00,-19.763
2018-04-13 00:00:00,-19.997
2018-04-12 23:45:00,-19.866
2018-04-12 23:30:00,-20.808
2018-04-12 23:15:00,-20.385
2018-04-12 23:00:00,-21.183
2018-04-12 22:45:00,-21.233
2018-04-12 22:30:00,-20.489
2018-04-12 22:15:00,-20.334
2018-04-12 22:00:00,-20.767
2018-04-12 21:45:00,-21.412
2018-04-12 21:30:00,-23.165
2018-04-12 21:15:00,-25.675
2018-04-12 21:00:00,-22.589
2018-04-12 20:45:00,-25.895
2018-04-12 20:30:00,-24.527
2018-04-12 20:15:00,-29.638
2018-04-12 20:00:00,-33.492
2018-04-12 19:45:00,-33.216
2018-04-12 19:30:00,-33.507
2018-04-12 19:15:00,-32.078
2018-04-12 19:00:00,-33.282
2018-04-12 18:45:00,-24.078
2018-04-12 18:30:00,-13.501
2018-04-12 18:15:00,-0.93
2018-04-12 18:00:00,-0.937
2018-04-12 17:45:00,-0.935
2018-04-12 17:30:00,-0.934
2018-04-12 17:15:00,-0.931
2018-04-12 17:00:00,-0.93
2018-04-12 16:45:00,-0.932
2018-04-12 16:30:00,-0.931
2018-04-12 16:15:00,-0.938
2018-04-12 16:00:00,-0.937
2018-04-12 15:45:00,-5.494
2018-04-12 15:30:00,-0.938
2018-04-12 15:15:00,-0.938
2018-04-12 15:00:00,-0.937
2018-04-12 14:45:00,-0.936
2018-04-12 14:30:00,-0.934
2018-04-12 14:15:00,-0.933
2018-04-12 14:00:00,-0.933
2018-04-12 13:45:00,-0.934
2018-04-12 13:30:00,-0.934
2018-04-12 13:15:00,-0.934
2018-04-12 13:00:00,-0.918
2018-04-12 12:45:00,26.317
2018-04-12 12:30:00,-0.931
2018-04-12 12:15:00,192.255
2018-04-12 12:00:00,180.164
2018-04-12 11:45:00,160.849
2018-04-12 11:30:00,123.735
2018-04-12 11:15:00,82.21
2018-04-12 11:00:00,159.839
2018-04-12 10:45:00,124.245
2018-04-12 10:30:00,85.694
2018-04-12 10:15:00,65.932
2018-04-12 10:00:00,81.949
2018-04-12 09:45:00,61.342
2018-04-12 09:30:00,6.991
2018-04-12 09:15:00,-5.155
2018-04-12 09:00:00,12.23
2018-04-12 08:45:00,8.337
2018-04-12 08:30:00,-0.306
2018-04-12 08:15:00,-12.971
2018-04-12 08:00:00,-11.294
2018-04-12 07:45:00,-1.573
2018-04-12 07:30:00,-5.914
2018-04-12 07:15:00,-10.874
2018-04-12 07:00:00,-13.69
2018-04-12 06:45:00,-26.321
2018-04-12 06:30:00,-30.563
2018-04-12 06:15:00,-37.443
2018-04-12 06:00:00,-24.69
2018-04-12 05:45:00,-26.276
2018-04-12 05:30:00,-25.85
2018-04-12 05:15:00,-23.312
2018-04-12 05:00:00,-7.32
2018-04-12 04:45:00,-10.3
2018-04-12 04:30:00,-13.352
2018-04-12 04:15:00,-15.813
2018-04-12 04:00:00,-13.952
2018-04-12 03:45:00,-16.135
2018-04-12 03:30:00,-17.321
2018-04-12 03:15:00,-16.964
2018-04-12 03:00:00,-19.445
2018-04-12 02:45:00,-19.704
2018-04-12 02:30:00,-18.788
2018-04-12 02:15:00,-19.127
2018-04-12 02:00:00,-21.04
2018-04-12 01:45:00,-20.537
2018-04-12 01:30:00,-21.013
2018-04-12 01:15:00,-22.178
2018-04-12 01:00:00,-21.992
2018-04-12 00:45:00,-22.612
2018-04-12 00:30:00,-23.086
2018-04-12 00:15:00,-22.832
2018-04-12 00:00:00,-24.29
2018-04-11 23:45:00,-23.835
2018-04-11 23:30:00,-25.285
2018-04-11 23:15:00,-23.897
2018-04-11 23:00:00,-27.562
2018-04-11 22:45:00,-26.854
2018-04-11 22:30:00,-27.282
2018-04-11 22:15:00,-26.459
2018-04-11 22:00:00,-27.974
2018-04-11 21:45:00,-28.339
2018-04-11 21:30:00,-28.192
2018-04-11 21:15:00,-29.831
2018-04-11 21:00:00,-28.376
2018-04-11 20:45:00,-30.016
2018-04-11 20:30:00,-29.673
2018-04-11 20:15:00,-34.677
2018-04-11 20:00:00,-46.782
2018-04-11 19:45:00,-39.572
2018-04-11 19:30:00,-36.819
2018-04-11 19:15:00,-38.734
2018-04-11 19:00:00,-40.667
2018-04-11 18:45:00,-41.87
2018-04-11 18:30:00,-13.721
2018-04-11 18:15:00,-3.092
2018-04-11 18:00:00,-2.98
2018-04-11 17:45:00,-2.074
2018-04-11 17:30:00,-0.941
2018-04-11 17:15:00,-0.938
2018-04-11 17:00:00,-0.942
2018-04-11 16:45:00,-0.943
2018-04-11 16:30:00,-0.939
2018-04-11 16:15:00,-0.938
2018-04-11 16:00:00,-0.938
2018-04-11 15:45:00,-0.939
2018-04-11 15:30:00,-0.937
2018-04-11 15:15:00,-0.939
2018-04-11 15:00:00,-0.936
2018-04-11 14:45:00,-0.938
2018-04-11 14:30:00,-0.937
2018-04-11 14:15:00,-0.936
2018-04-11 14:00:00,-0.937
2018-04-11 13:45:00,-0.937
2018-04-11 13:30:00,-0.939
2018-04-11 13:15:00,-0.938
2018-04-11 13:00:00,-0.938
2018-04-11 12:45:00,-0.934
2018-04-11 12:30:00,-0.937
2018-04-11 12:15:00,-0.941
2018-04-11 12:00:00,36.708
2018-04-11 11:45:00,141.674
2018-04-11 11:30:00,142.112
2018-04-11 11:15:00,133.036
2018-04-11 11:00:00,132.038
2018-04-11 10:45:00,138.088
2018-04-11 10:30:00,131.771
2018-04-11 10:15:00,119.979
2018-04-11 10:00:00,114.79
2018-04-11 09:45:00,99.931
2018-04-11 09:30:00,84.885
2018-04-11 09:15:00,75.737
2018-04-11 09:00:00,71.743
2018-04-11 08:45:00,51.595
2018-04-11 08:30:00,33.679
2018-04-11 08:15:00,28.394
2018-04-11 08:00:00,18.822
2018-04-11 07:45:00,0.633
2018-04-11 07:30:00,-0.812
2018-04-11 07:15:00,-16.48
2018-04-11 07:00:00,-4.748
2018-04-11 06:45:00,-5.039
2018-04-11 06:30:00,-10.663
2018-04-11 06:15:00,-25.631
2018-04-11 06:00:00,-30.011
2018-04-11 05:45:00,-31.905
2018-04-11 05:30:00,-31.32
2018-04-11 05:15:00,-32.617
2018-04-11 05:00:00,-15.669
2018-04-11 04:45:00,-13.598
2018-04-11 04:30:00,-14.207
2018-04-11 04:15:00,-13.289
2018-04-11 04:00:00,-14.13
2018-04-11 03:45:00,-13.051
2018-04-11 03:30:00,-12.786
2018-04-11 03:15:00,-13.399
2018-04-11 03:00:00,-14.474
2018-04-11 02:45:00,-12.883
2018-04-11 02:30:00,-15.077
2018-04-11 02:15:00,-14.481
2018-04-11 02:00:00,-14.406
2018-04-11 01:45:00,-14.784
2018-04-11 01:30:00,-15.09
2018-04-11 01:15:00,-14.461
2018-04-11 01:00:00,-15.397
2018-04-11 00:45:00,-14.548
2018-04-11 00:30:00,-15.887
2018-04-11 00:15:00,-14.751
2018-04-11 00:00:00,-17.034
2018-04-10 23:45:00,-17.533
2018-04-10 23:30:00,-18.423
2018-04-10 23:15:00,-17.494
2018-04-10 23:00:00,-19.464
2018-04-10 22:45:00,-18.51
2018-04-10 22:30:00,-18.848
2018-04-10 22:15:00,-18.004
2018-04-10 22:00:00,-24.405
2018-04-10 21:45:00,-23.903
2018-04-10 21:30:00,-20.191
2018-04-10 21:15:00,-21.826
2018-04-10 21:00:00,-28.78
2018-04-10 20:45:00,-18.011
2018-04-10 20:30:00,-21.164
2018-04-10 20:15:00,-38.561
2018-04-10 20:00:00,-50.529
2018-04-10 19:45:00,-48.95
2018-04-10 19:30:00,-52.273
2018-04-10 19:15:00,-50.213
2018-04-10 19:00:00,-53.519
2018-04-10 18:45:00,-48.2
2018-04-10 18:30:00,-44.028
2018-04-10 18:15:00,-32.245
2018-04-10 18:00:00,-17.315
2018-04-10 17:45:00,-4.651
2018-04-10 17:30:00,-0.944
2018-04-10 17:15:00,-0.943
2018-04-10 17:00:00,-0.969
2018-04-10 16:45:00,-0.166
2018-04-10 16:30:00,-0.942
2018-04-10 16:15:00,-0.944
2018-04-10 16:00:00,-0.941
2018-04-10 15:45:00,-0.419
2018-04-10 15:30:00,-0.939
2018-04-10 15:15:00,-0.938
2018-04-10 15:00:00,-0.937
2018-04-10 14:45:00,-0.936
2018-04-10 14:30:00,-0.937
2018-04-10 14:15:00,-0.937
2018-04-10 14:00:00,-0.936
2018-04-10 13:45:00,0.154
2018-04-10 13:30:00,-0.929
2018-04-10 13:15:00,-0.929
2018-04-10 13:00:00,-0.167
2018-04-10 12:45:00,-0.929
2018-04-10 12:30:00,-0.931
2018-04-10 12:15:00,-0.927
2018-04-10 12:00:00,0.144
2018-04-10 11:45:00,0.098
2018-04-10 11:30:00,-0.925
2018-04-10 11:15:00,0.658
2018-04-10 11:00:00,0.172
2018-04-10 10:45:00,0.623
2018-04-10 10:30:00,-0.913
2018-04-10 10:15:00,81.64
2018-04-10 10:00:00,99.022
2018-04-10 09:45:00,76.79
2018-04-10 09:30:00,67.305
2018-04-10 09:15:00,67.259
2018-04-10 09:00:00,51.728
2018-04-10 08:45:00,32.888
2018-04-10 08:30:00,20.408
2018-04-10 08:15:00,4.642
2018-04-10 08:00:00,14.231
2018-04-10 07:45:00,-1.015
2018-04-10 07:30:00,-3.937
2018-04-10 07:15:00,-7.105
2018-04-10 07:00:00,-9.648
2018-04-10 06:45:00,-16.538
2018-04-10 06:30:00,-18.227
2018-04-10 06:15:00,-14.914
2018-04-10 06:00:00,-14.888
2018-04-10 05:45:00,-11.864
2018-04-10 05:30:00,-13.459
2018-04-10 05:15:00,-6.525
2018-04-10 05:00:00,-1.372
2018-04-10 04:45:00,-1.996
2018-04-10 04:30:00,-2.037
2018-04-10 04:15:00,-1.696
2018-04-10 04:00:00,-2.059
2018-04-10 03:45:00,-1.236
2018-04-10 03:30:00,-1.691
2018-04-10 03:15:00,-1.132
2018-04-10 03:00:00,-0.992
2018-04-10 02:45:00,-1.123
2018-04-10 02:30:00,-1.556
2018-04-10 02:15:00,-1.062
2018-04-10 02:00:00,-0.929
2018-04-10 01:45:00,-0.928
2018-04-10 01:30:00,-0.927
2018-04-10 01:15:00,-0.926
2018-04-10 01:00:00,-0.925
2018-04-10 00:45:00,-0.925
2018-04-10 00:30:00,-0.924
2018-04-10 00:15:00,-0.923
2018-04-10 00:00:00,-0.927
2018-04-09 23:45:00,-0.928
2018-04-09 23:30:00,-0.929
2018-04-09 23:15:00,-0.928
2018-04-09 23:00:00,-0.933
2018-04-09 22:45:00,-0.93
2018-04-09 22:30:00,-5.792
2018-04-09 22:15:00,-4.194
2018-04-09 22:00:00,-0.939
2018-04-09 21:45:00,-0.939
2018-04-09 21:30:00,-0.936
2018-04-09 21:15:00,-3.724
2018-04-09 21:00:00,-10.379
2018-04-09 20:45:00,-0.934
2018-04-09 20:30:00,-0.934
2018-04-09 20:15:00,-17.971
2018-04-09 20:00:00,-37.327
2018-04-09 19:45:00,-37.507
2018-04-09 19:30:00,-39.368
2018-04-09 19:15:00,-38.641
2018-04-09 19:00:00,-49.831
2018-04-09 18:45:00,-51.65
2018-04-09 18:30:00,-44.079
2018-04-09 18:15:00,-29.684
2018-04-09 18:00:00,-15.583
2018-04-09 17:45:00,-2.822
2018-04-09 17:30:00,-0.94
2018-04-09 17:15:00,-0.938
2018-04-09 17:00:00,-0.942
2018-04-09 16:45:00,-0.945
2018-04-09 16:30:00,-0.941
2018-04-09 16:15:00,-0.937
2018-04-09 16:00:00,-0.931
2018-04-09 15:45:00,-0.931
2018-04-09 15:30:00,-0.929
2018-04-09 15:15:00,-0.929
2018-04-09 15:00:00,-0.929
2018-04-09 14:45:00,-0.93
2018-04-09 14:30:00,-0.932
2018-04-09 14:15:00,-0.939
2018-04-09 14:00:00,-0.939
2018-04-09 13:45:00,-0.94
2018-04-09 13:30:00,-0.941
2018-04-09 13:15:00,-0.94
2018-04-09 13:00:00,-0.931
2018-04-09 12:45:00,-0.927
2018-04-09 12:30:00,-0.93
2018-04-09 12:15:00,10.506
2018-04-09 12:00:00,121.413
2018-04-09 11:45:00,132.808
2018-04-09 11:30:00,140.26
2018-04-09 11:15:00,139.24
2018-04-09 11:00:00,134.94
2018-04-09 10:45:00,126.993
2018-04-09 10:30:00,121.135
2018-04-09 10:15:00,112.718
2018-04-09 10:00:00,103.452
2018-04-09 09:45:00,92.293
2018-04-09 09:30:00,84.926
2018-04-09 09:15:00,70.141
2018-04-09 09:00:00,57.305
2018-04-09 08:45:00,41.056
2018-04-09 08:30:00,24.863
2018-04-09 08:15:00,8.216
2018-04-09 08:00:00,0.081
2018-04-09 07:45:00,-2.037
2018-04-09 07:30:00,-10.268
2018-04-09 07:15:00,-32.053
2018-04-09 07:00:00,-41.868
2018-04-09 06:45:00,-36.537
2018-04-09 06:30:00,-36.873
2018-04-09 06:15:00,-35.543
2018-04-09 06:00:00,-35.333
2018-04-09 05:45:00,-35.015
2018-04-09 05:30:00,-33.509
2018-04-09 05:15:00,-21.018
2018-04-09 05:00:00,-16.151
2018-04-09 04:45:00,-16.565
2018-04-09 04:30:00,-17.457
2018-04-09 04:15:00,-16.666
2018-04-09 04:00:00,-16.825
2018-04-09 03:45:00,-15.461
2018-04-09 03:30:00,-17.478
2018-04-09 03:15:00,-16.916
2018-04-09 03:00:00,-17.653
2018-04-09 02:45:00,-16.175
2018-04-09 02:30:00,-17.862
2018-04-09 02:15:00,-16.594
2018-04-09 02:00:00,-17.293
2018-04-09 01:45:00,-17.538
2018-04-09 01:30:00,-19.147
2018-04-09 01:15:00,-17.834
2018-04-09 01:00:00,-18.069
2018-04-09 00:45:00,-17.357
2018-04-09 00:30:00,-19.5
2018-04-09 00:15:00,-18.963
2018-04-09 00:00:00,-19.608
2018-04-08 23:45:00,-19.694
2018-04-08 23:30:00,-18.571
2018-04-08 23:15:00,-20.397
2018-04-08 23:00:00,-35.518
2018-04-08 22:45:00,-45.2
2018-04-08 22:30:00,-24.83
2018-04-08 22:15:00,-25.414
2018-04-08 22:00:00,-24.99
2018-04-08 21:45:00,-26.776
2018-04-08 21:30:00,-25.806
2018-04-08 21:15:00,-25.885
2018-04-08 21:00:00,-27.3
2018-04-08 20:45:00,-27.134
2018-04-08 20:30:00,-27.951
2018-04-08 20:15:00,-29.319
2018-04-08 20:00:00,-28.875
2018-04-08 19:45:00,-29.383
2018-04-08 19:30:00,-31.13
2018-04-08 19:15:00,-31.795
2018-04-08 19:00:00,-39.214
2018-04-08 18:45:00,-22.266
2018-04-08 18:30:00,-5.858
2018-04-08 18:15:00,-2.06
2018-04-08 18:00:00,-0.926
2018-04-08 17:45:00,-0.927
2018-04-08 17:30:00,-0.929
2018-04-08 17:15:00,-0.93
2018-04-08 17:00:00,-0.927
2018-04-08 16:45:00,-0.928
2018-04-08 16:30:00,-0.929
2018-04-08 16:15:00,-0.931
2018-04-08 16:00:00,-0.931
2018-04-08 15:45:00,-0.929
2018-04-08 15:30:00,-0.93
2018-04-08 15:15:00,-0.93
2018-04-08 15:00:00,-0.93
2018-04-08 14:45:00,-0.93
2018-04-08 14:30:00,-0.931
2018-04-08 14:15:00,-0.931
2018-04-08 14:00:00,-0.93
2018-04-08 13:45:00,-0.927
2018-04-08 13:30:00,-0.924
2018-04-08 13:15:00,-0.921
2018-04-08 13:00:00,-0.92
2018-04-08 12:45:00,-0.921
2018-04-08 12:30:00,-0.922
2018-04-08 12:15:00,-0.91
2018-04-08 12:00:00,17.814
2018-04-08 11:45:00,187.944
2018-04-08 11:30:00,184.737
2018-04-08 11:15:00,115.447
2018-04-08 11:00:00,145.194
2018-04-08 10:45:00,157.579
2018-04-08 10:30:00,77.257
2018-04-08 10:15:00,101.197
2018-04-08 10:00:00,63.546
2018-04-08 09:45:00,111.4
2018-04-08 09:30:00,77.02
2018-04-08 09:15:00,70.936
2018-04-08 09:00:00,78.963
2018-04-08 08:45:00,59.659
2018-04-08 08:30:00,28.75
2018-04-08 08:15:00,10.695
2018-04-08 08:00:00,14.599
2018-04-08 07:45:00,5.092
2018-04-08 07:30:00,-1.612
2018-04-08 07:15:00,-7.496
2018-04-08 07:00:00,-19.576
2018-04-08 06:45:00,-18.467
2018-04-08 06:30:00,-20.107
2018-04-08 06:15:00,-19.074
2018-04-08 06:00:00,-19.863
2018-04-08 05:45:00,-19.774
2018-04-08 05:30:00,-20.235
2018-04-08 05:15:00,-18.668
2018-04-08 05:00:00,-21.268
2018-04-08 04:45:00,-19.77
2018-04-08 04:30:00,-21.063
2018-04-08 04:15:00,-19.696
2018-04-08 04:00:00,-20.019
2018-04-08 03:45:00,-19.814
2018-04-08 03:30:00,-21.952
2018-04-08 03:15:00,-20.491
2018-04-08 03:00:00,-18.918
2018-04-08 02:45:00,-21.547
2018-04-08 02:30:00,-21.825
2018-04-08 02:15:00,-19.539
2018-04-08 02:00:00,-22.343
2018-04-08 01:45:00,-21.33
2018-04-08 01:30:00,-21.419
2018-04-08 01:15:00,-22.824
2018-04-08 01:00:00,-21.731
2018-04-08 00:45:00,-19.985
2018-04-08 00:30:00,-22.734
2018-04-08 00:15:00,-21.817
2018-04-08 00:00:00,-23.998
2018-04-07 23:45:00,-24.004
2018-04-07 23:30:00,-24.996
2018-04-07 23:15:00,-23.511
2018-04-07 23:00:00,-26.204
2018-04-07 22:45:00,-26.214
2018-04-07 22:30:00,-27.109
2018-04-07 22:15:00,-26.516
2018-04-07 22:00:00,-27.546
2018-04-07 21:45:00,-27.259
2018-04-07 21:30:00,-27.209
2018-04-07 21:15:00,-32.709
2018-04-07 21:00:00,-37.972
2018-04-07 20:45:00,-30.099
2018-04-07 20:30:00,-31.056
2018-04-07 20:15:00,-30.115
2018-04-07 20:00:00,-35.843
2018-04-07 19:45:00,-41.293
2018-04-07 19:30:00,-34.993
2018-04-07 19:15:00,-33.524
2018-04-07 19:00:00,-37.822
2018-04-07 18:45:00,-36.139
2018-04-07 18:30:00,-23.933
2018-04-07 18:15:00,-2.786
2018-04-07 18:00:00,-2.18
2018-04-07 17:45:00,-2.918
2018-04-07 17:30:00,-0.935
2018-04-07 17:15:00,-0.936
2018-04-07 17:00:00,-0.933
2018-04-07 16:45:00,-0.933
2018-04-07 16:30:00,-0.935
2018-04-07 16:15:00,-0.937
2018-04-07 16:00:00,-0.935
2018-04-07 15:45:00,-0.937
2018-04-07 15:30:00,-0.941
2018-04-07 15:15:00,-0.936
2018-04-07 15:00:00,-0.933
2018-04-07 14:45:00,-0.931
2018-04-07 14:30:00,-0.932
2018-04-07 14:15:00,-0.933
2018-04-07 14:00:00,-0.934
2018-04-07 13:45:00,-0.932
2018-04-07 13:30:00,-0.933
2018-04-07 13:15:00,-0.935
2018-04-07 13:00:00,-0.931
2018-04-07 12:45:00,-0.9
2018-04-07 12:30:00,82.938
2018-04-07 12:15:00,142.19
2018-04-07 12:00:00,134.111
2018-04-07 11:45:00,119.197
2018-04-07 11:30:00,106.832
2018-04-07 11:15:00,118.132
2018-04-07 11:00:00,109.476
2018-04-07 10:45:00,127.186
2018-04-07 10:30:00,139.232
2018-04-07 10:15:00,127.274
2018-04-07 10:00:00,117.787
2018-04-07 09:45:00,98.015
2018-04-07 09:30:00,81.707
2018-04-07 09:15:00,67.823
2018-04-07 09:00:00,55.098
2018-04-07 08:45:00,40.574
2018-04-07 08:30:00,24.387
2018-04-07 08:15:00,6.54
2018-04-07 08:00:00,-1.869
2018-04-07 07:45:00,-11.753
2018-04-07 07:30:00,-12.225
2018-04-07 07:15:00,-17.542
2018-04-07 07:00:00,-25.475
2018-04-07 06:45:00,-19.558
2018-04-07 06:30:00,-19.027
2018-04-07 06:15:00,-22.928
2018-04-07 06:00:00,-21.624
2018-04-07 05:45:00,-25.577
2018-04-07 05:30:00,-22.952
2018-04-07 05:15:00,-25.086
2018-04-07 05:00:00,-21.756
2018-04-07 04:45:00,-25.345
2018-04-07 04:30:00,-24.598
2018-04-07 04:15:00,-24.056
2018-04-07 04:00:00,-24.124
2018-04-07 03:45:00,-23.551
2018-04-07 03:30:00,-24.446
2018-04-07 03:15:00,-24.745
2018-04-07 03:00:00,-23.966
2018-04-07 02:45:00,-23.703
2018-04-07 02:30:00,-24.472
2018-04-07 02:15:00,-23.588
2018-04-07 02:00:00,-24.605
2018-04-07 01:45:00,-24.424
2018-04-07 01:30:00,-24.74
2018-04-07 01:15:00,-24.639
2018-04-07 01:00:00,-23.428
2018-04-07 00:45:00,-24.795
2018-04-07 00:30:00,-25.791
2018-04-07 00:15:00,-26.824
2018-04-07 00:00:00,-23.523
2018-04-06 23:45:00,-25.516
2018-04-06 23:30:00,-24.583
2018-04-06 23:15:00,-26.027
2018-04-06 23:00:00,-25.052
2018-04-06 22:45:00,-26.511
2018-04-06 22:30:00,-26.818
2018-04-06 22:15:00,-27.247
2018-04-06 22:00:00,-27.51
2018-04-06 21:45:00,-27.699
2018-04-06 21:30:00,-28.636
2018-04-06 21:15:00,-29.97
2018-04-06 21:00:00,-29.908
2018-04-06 20:45:00,-30.713
2018-04-06 20:30:00,-30.119
2018-04-06 20:15:00,-32.422
2018-04-06 20:00:00,-36.903
2018-04-06 19:45:00,-37.076
2018-04-06 19:30:00,-38.781
2018-04-06 19:15:00,-40.058
2018-04-06 19:00:00,-45.24
2018-04-06 18:45:00,-29.794
2018-04-06 18:30:00,-25.486
2018-04-06 18:15:00,-12.077
2018-04-06 18:00:00,-3.2
2018-04-06 17:45:00,-0.939
2018-04-06 17:30:00,-0.941
2018-04-06 17:15:00,-0.94
2018-04-06 17:00:00,-1.391
2018-04-06 16:45:00,-2.226
2018-04-06 16:30:00,-6.32
2018-04-06 16:15:00,-0.937
2018-04-06 16:00:00,-0.934
2018-04-06 15:45:00,-0.931
2018-04-06 15:30:00,-0.935
2018-04-06 15:15:00,-0.937
2018-04-06 15:00:00,-0.941
2018-04-06 14:45:00,-0.942
2018-04-06 14:30:00,-0.942
2018-04-06 14:15:00,-0.942
2018-04-06 14:00:00,-0.942
2018-04-06 13:45:00,-0.941
2018-04-06 13:30:00,-0.943
2018-04-06 13:15:00,-0.944
2018-04-06 13:00:00,-0.943
2018-04-06 12:45:00,-0.942
2018-04-06 12:30:00,-0.942
2018-04-06 12:15:00,-0.942
2018-04-06 12:00:00,31.111
2018-04-06 11:45:00,137.584
2018-04-06 11:30:00,153.259
2018-04-06 11:15:00,144.634
2018-04-06 11:00:00,152.591
2018-04-06 10:45:00,146.271
2018-04-06 10:30:00,138.661
2018-04-06 10:15:00,127.45
2018-04-06 10:00:00,120.302
2018-04-06 09:45:00,105.086
2018-04-06 09:30:00,90.074
2018-04-06 09:15:00,73.649
2018-04-06 09:00:00,45.76
2018-04-06 08:45:00,40.421
2018-04-06 08:30:00,13.194
2018-04-06 08:15:00,1.6
2018-04-06 08:00:00,-0.755
2018-04-06 07:45:00,-7.416
2018-04-06 07:30:00,-16.877
2018-04-06 07:15:00,-14.028
2018-04-06 07:00:00,-24.447
2018-04-06 06:45:00,-35.966
2018-04-06 06:30:00,-27.206
2018-04-06 06:15:00,-19.444
2018-04-06 06:00:00,-20.721
2018-04-06 05:45:00,-22.866
2018-04-06 05:30:00,-25.349
2018-04-06 05:15:00,-16.996
2018-04-06 05:00:00,-11.799
2018-04-06 04:45:00,-14.122
2018-04-06 04:30:00,-13.49
2018-04-06 04:15:00,-14.286
2018-04-06 04:00:00,-13.424
2018-04-06 03:45:00,-14.699
2018-04-06 03:30:00,-17.826
2018-04-06 03:15:00,-18.548
2018-04-06 03:00:00,-20.205
2018-04-06 02:45:00,-20.527
2018-04-06 02:30:00,-21.614
2018-04-06 02:15:00,-20.067
2018-04-06 02:00:00,-20.066
2018-04-06 01:45:00,-21.374
2018-04-06 01:30:00,-23.053
2018-04-06 01:15:00,-21.479
2018-04-06 01:00:00,-23.308
2018-04-06 00:45:00,-21.852
2018-04-06 00:30:00,-24.873
2018-04-06 00:15:00,-22.683
2018-04-06 00:00:00,-22.109
2018-04-05 23:45:00,-22.851
2018-04-05 23:30:00,-22.461
2018-04-05 23:15:00,-23.509
2018-04-05 23:00:00,-23.381
2018-04-05 22:45:00,-24.542
2018-04-05 22:30:00,-23.897
2018-04-05 22:15:00,-24.349
2018-04-05 22:00:00,-24.535
2018-04-05 21:45:00,-23.786
2018-04-05 21:30:00,-24.829
2018-04-05 21:15:00,-26.004
2018-04-05 21:00:00,-24.62
2018-04-05 20:45:00,-28.164
2018-04-05 20:30:00,-28.004
2018-04-05 20:15:00,-31.083
2018-04-05 20:00:00,-35.113
2018-04-05 19:45:00,-36.248
2018-04-05 19:30:00,-36.412
2018-04-05 19:15:00,-39.1
2018-04-05 19:00:00,-36.422
2018-04-05 18:45:00,-30.846
2018-04-05 18:30:00,-14.387
2018-04-05 18:15:00,-6.229
2018-04-05 18:00:00,-0.95
2018-04-05 17:45:00,-1.171
2018-04-05 17:30:00,-2.236
2018-04-05 17:15:00,-4.435
2018-04-05 17:00:00,-1.749
2018-04-05 16:45:00,-0.942
2018-04-05 16:30:00,-0.941
2018-04-05 16:15:00,-0.941
2018-04-05 16:00:00,-0.941
2018-04-05 15:45:00,-0.94
2018-04-05 15:30:00,-3.856
2018-04-05 15:15:00,-0.952
2018-04-05 15:00:00,-0.95
2018-04-05 14:45:00,-0.95
2018-04-05 14:30:00,-0.95
2018-04-05 14:15:00,-0.948
2018-04-05 14:00:00,-0.946
2018-04-05 13:45:00,-0.946
2018-04-05 13:30:00,-0.944
2018-04-05 13:15:00,-0.944
2018-04-05 13:00:00,-0.945
2018-04-05 12:45:00,-0.86
2018-04-05 12:30:00,124.818
2018-04-05 12:15:00,183.398
2018-04-05 12:00:00,168.223
2018-04-05 11:45:00,162.779
2018-04-05 11:30:00,168.127
2018-04-05 11:15:00,84.488
2018-04-05 11:00:00,174.22
2018-04-05 10:45:00,149.181
2018-04-05 10:30:00,140.062
2018-04-05 10:15:00,130.953
2018-04-05 10:00:00,105.372
2018-04-05 09:45:00,41.946
2018-04-05 09:30:00,6.037
2018-04-05 09:15:00,-1.003
2018-04-05 09:00:00,-1.334
2018-04-05 08:45:00,-7.884
2018-04-05 08:30:00,-13.949
2018-04-05 08:15:00,-17.418
2018-04-05 08:00:00,-14.959
2018-04-05 07:45:00,-18.774
2018-04-05 07:30:00,-19.379
2018-04-05 07:15:00,-13.467
2018-04-05 07:00:00,-34.079
2018-04-05 06:45:00,-33.841
2018-04-05 06:30:00,-29.084
2018-04-05 06:15:00,-28.563
2018-04-05 06:00:00,-31.394
2018-04-05 05:45:00,-29.523
2018-04-05 05:30:00,-31.732
2018-04-05 05:15:00,-30.124
2018-04-05 05:00:00,-12.912
2018-04-05 04:45:00,-10.55
2018-04-05 04:30:00,-12.39
2018-04-05 04:15:00,-13.344
2018-04-05 04:00:00,-12.851
2018-04-05 03:45:00,-12.728
2018-04-05 03:30:00,-11.524
2018-04-05 03:15:00,-12.228
2018-04-05 03:00:00,-11.904
2018-04-05 02:45:00,-10.55
2018-04-05 02:30:00,-13.242
2018-04-05 02:15:00,-12.048
2018-04-05 02:00:00,-11.657
2018-04-05 01:45:00,-13.591
2018-04-05 01:30:00,-13.606
2018-04-05 01:15:00,-11.575
2018-04-05 01:00:00,-14.813
2018-04-05 00:45:00,-13.119
2018-04-05 00:30:00,-13.066
2018-04-05 00:15:00,-14.579
2018-04-05 00:00:00,-14.246
2018-04-04 23:45:00,-14.728
2018-04-04 23:30:00,-13.759
2018-04-04 23:15:00,-14.966
2018-04-04 23:00:00,-14.866
2018-04-04 22:45:00,-15.002
2018-04-04 22:30:00,-15.024
2018-04-04 22:15:00,-15.623
2018-04-04 22:00:00,-16.742
2018-04-04 21:45:00,-16.342
2018-04-04 21:30:00,-17.801
2018-04-04 21:15:00,-19.046
2018-04-04 21:00:00,-21.441
2018-04-04 20:45:00,-23.179
2018-04-04 20:30:00,-22.308
2018-04-04 20:15:00,-28.475
2018-04-04 20:00:00,-32.168
2018-04-04 19:45:00,-35.281
2018-04-04 19:30:00,-33.79
2018-04-04 19:15:00,-35.852
2018-04-04 19:00:00,-35.34
2018-04-04 18:45:00,-39.54
2018-04-04 18:30:00,-22.164
2018-04-04 18:15:00,-15.425
2018-04-04 18:00:00,-6.785
2018-04-04 17:45:00,-1.85
2018-04-04 17:30:00,12.797
2018-04-04 17:15:00,46.293
2018-04-04 17:00:00,64.861
2018-04-04 16:45:00,50.516
2018-04-04 16:30:00,62.048
2018-04-04 16:15:00,44.238
2018-04-04 16:00:00,21.465
2018-04-04 15:45:00,11.648
2018-04-04 15:30:00,-1.363
2018-04-04 15:15:00,28.094
2018-04-04 15:00:00,31.295
2018-04-04 14:45:00,28.079
2018-04-04 14:30:00,9.112
2018-04-04 14:15:00,4.478
2018-04-04 14:00:00,25.451
2018-04-04 13:45:00,39.887
2018-04-04 13:30:00,68.791
2018-04-04 13:15:00,64.589
2018-04-04 13:00:00,43.313
2018-04-04 12:45:00,40.43
2018-04-04 12:30:00,45.79
2018-04-04 12:15:00,126.378
2018-04-04 12:00:00,186.305
2018-04-04 11:45:00,112.732
2018-04-04 11:30:00,83.725
2018-04-04 11:15:00,37.222
2018-04-04 11:00:00,15.253
2018-04-04 10:45:00,23.268
2018-04-04 10:30:00,13.197
2018-04-04 10:15:00,6.402
2018-04-04 10:00:00,5.813
2018-04-04 09:45:00,-2.126
2018-04-04 09:30:00,-1.755
2018-04-04 09:15:00,-4.627
2018-04-04 09:00:00,-1.724
2018-04-04 08:45:00,-1.333
2018-04-04 08:30:00,-0.93
2018-04-04 08:15:00,-2.271
2018-04-04 08:00:00,-10.505
2018-04-04 07:45:00,-15.023
2018-04-04 07:30:00,-17.813
2018-04-04 07:15:00,-28.747
2018-04-04 07:00:00,-10.843
2018-04-04 06:45:00,-11.908
2018-04-04 06:30:00,-10.639
2018-04-04 06:15:00,-12.198
2018-04-04 06:00:00,-6.763
2018-04-04 05:45:00,-7.153
2018-04-04 05:30:00,-6.324
2018-04-04 05:15:00,-6.752
2018-04-04 05:00:00,-5.567
2018-04-04 04:45:00,-6.35
2018-04-04 04:30:00,-8.683
2018-04-04 04:15:00,-8.325
2018-04-04 04:00:00,-11.557
2018-04-04 03:45:00,-9.906
2018-04-04 03:30:00,-9.899
2018-04-04 03:15:00,-11.463
2018-04-04 03:00:00,-12.831
2018-04-04 02:45:00,-12.739
2018-04-04 02:30:00,-11.895
2018-04-04 02:15:00,-13.763
2018-04-04 02:00:00,-14.565
2018-04-04 01:45:00,-17.812
2018-04-04 01:30:00,-17.88
2018-04-04 01:15:00,-18.772
2018-04-04 01:00:00,-18.826
2018-04-04 00:45:00,-18.866
2018-04-04 00:30:00,-20.05
2018-04-04 00:15:00,-20.307
2018-04-04 00:00:00,-20.242
2018-04-03 23:45:00,-20.843
2018-04-03 23:30:00,-21.028
2018-04-03 23:15:00,-22.457
2018-04-03 23:00:00,-22.627
2018-04-03 22:45:00,-22.693
2018-04-03 22:30:00,-23.679
2018-04-03 22:15:00,-24.95
2018-04-03 22:00:00,-25.406
2018-04-03 21:45:00,-24.915
2018-04-03 21:30:00,-25.658
2018-04-03 21:15:00,-26.368
2018-04-03 21:00:00,-28.955
2018-04-03 20:45:00,-28.401
2018-04-03 20:30:00,-29.234
2018-04-03 20:15:00,-36.148
2018-04-03 20:00:00,-50.205
2018-04-03 19:45:00,-50.252
2018-04-03 19:30:00,-55.442
2018-04-03 19:15:00,-55.257
2018-04-03 19:00:00,-52.297
2018-04-03 18:45:00,-49.812
2018-04-03 18:30:00,-38.748
2018-04-03 18:15:00,-27.108
2018-04-03 18:00:00,-12.536
2018-04-03 17:45:00,1.181
2018-04-03 17:30:00,-2.114
2018-04-03 17:15:00,-20.409
2018-04-03 17:00:00,-0.929
2018-04-03 16:45:00,0.123
2018-04-03 16:30:00,-0.723
2018-04-03 16:15:00,-0.928
2018-04-03 16:00:00,-0.925
2018-04-03 15:45:00,-0.924
2018-04-03 15:30:00,-0.923
2018-04-03 15:15:00,0.144
2018-04-03 15:00:00,-0.935
2018-04-03 14:45:00,-0.933
2018-04-03 14:30:00,-0.934
2018-04-03 14:15:00,-0.932
2018-04-03 14:00:00,-0.931
2018-04-03 13:45:00,-0.928
2018-04-03 13:30:00,1.363
2018-04-03 13:15:00,-0.933
2018-04-03 13:00:00,-0.934
2018-04-03 12:45:00,-0.933
2018-04-03 12:30:00,-0.933
2018-04-03 12:15:00,-0.932
2018-04-03 12:00:00,1.495
2018-04-03 11:45:00,-0.925
2018-04-03 11:30:00,-0.924
2018-04-03 11:15:00,-0.126
2018-04-03 11:00:00,-0.929
2018-04-03 10:45:00,-0.931
2018-04-03 10:30:00,0.79
2018-04-03 10:15:00,-0.931
2018-04-03 10:00:00,2.03
2018-04-03 09:45:00,0.2
2018-04-03 09:30:00,0.68
2018-04-03 09:15:00,2.622
2018-04-03 09:00:00,4.086
2018-04-03 08:45:00,34.238
2018-04-03 08:30:00,41.104
2018-04-03 08:15:00,22.778
2018-04-03 08:00:00,5.896
2018-04-03 07:45:00,2.189
2018-04-03 07:30:00,-3.594
2018-04-03 07:15:00,-13.788
2018-04-03 07:00:00,-21.509
2018-04-03 06:45:00,-10.318
2018-04-03 06:30:00,-10.758
2018-04-03 06:15:00,-2.532
2018-04-03 06:00:00,-1.376
2018-04-03 05:45:00,-1.652
2018-04-03 05:30:00,-2.192
2018-04-03 05:15:00,4.627
2018-04-03 05:00:00,17.473
2018-04-03 04:45:00,17.008
2018-04-03 04:30:00,17.991
2018-04-03 04:15:00,15.908
2018-04-03 04:00:00,18.666
2018-04-03 03:45:00,16.179
2018-04-03 03:30:00,18.342
2018-04-03 03:15:00,17.878
2018-04-03 03:00:00,18.383
2018-04-03 02:45:00,18.685
2018-04-03 02:30:00,17.408
2018-04-03 02:15:00,16.886
2018-04-03 02:00:00,17.961
2018-04-03 01:45:00,17.261
2018-04-03 01:30:00,19.026
2018-04-03 01:15:00,16.177
2018-04-03 01:00:00,17.846
2018-04-03 00:45:00,17.604
2018-04-03 00:30:00,18.185
2018-04-03 00:15:00,17.609
2018-04-03 00:00:00,17.168
2018-04-02 23:45:00,16.142
2018-04-02 23:30:00,17.89
2018-04-02 23:15:00,16.633
2018-04-02 23:00:00,17.828
2018-04-02 22:45:00,17.25
2018-04-02 22:30:00,17.689
2018-04-02 22:15:00,16.705
2018-04-02 22:00:00,18.547
2018-04-02 21:45:00,15.922
2018-04-02 21:30:00,18.27
2018-04-02 21:15:00,17.249
2018-04-02 21:00:00,17.26
2018-04-02 20:45:00,15.617
2018-04-02 20:30:00,16.048
2018-04-02 20:15:00,12.531
2018-04-02 20:00:00,1.157
2018-04-02 19:45:00,1.917
2018-04-02 19:30:00,0.562
2018-04-02 19:15:00,-1.321
2018-04-02 19:00:00,0.346
2018-04-02 18:45:00,-0.664
2018-04-02 18:30:00,-1.972
2018-04-02 18:15:00,-1.542
2018-04-02 18:00:00,2.896
2018-04-02 17:45:00,5.893
2018-04-02 17:30:00,18.593
2018-04-02 17:15:00,30.803
2018-04-02 17:00:00,58.15
2018-04-02 16:45:00,36.961
2018-04-02 16:30:00,14.408
2018-04-02 16:15:00,36.899
2018-04-02 16:00:00,54.025
2018-04-02 15:45:00,54.716
2018-04-02 15:30:00,60.314
2018-04-02 15:15:00,54.07
2018-04-02 15:00:00,39.584
2018-04-02 14:45:00,24.742
2018-04-02 14:30:00,35.616
2018-04-02 14:15:00,34.221
2018-04-02 14:00:00,42.032
2018-04-02 13:45:00,37.804
2018-04-02 13:30:00,33.45
2018-04-02 13:15:00,50.925
2018-04-02 13:00:00,37.723
2018-04-02 12:45:00,5.684
2018-04-02 12:30:00,17.887
2018-04-02 12:15:00,23.735
2018-04-02 12:00:00,20.223
2018-04-02 11:45:00,21.553
2018-04-02 11:30:00,19.979
2018-04-02 11:15:00,15.938
2018-04-02 11:00:00,14.3
2018-04-02 10:45:00,5.492
2018-04-02 10:30:00,-1.067
2018-04-02 10:15:00,-0.916
2018-04-02 10:00:00,-2.806
2018-04-02 09:45:00,-7.292
2018-04-02 09:30:00,-7.954
2018-04-02 09:15:00,-22.194
2018-04-02 09:00:00,-25.653
2018-04-02 08:45:00,-29.596
2018-04-02 08:30:00,-40.624
2018-04-02 08:15:00,-45.17
2018-04-02 08:00:00,-47.718
2018-04-02 07:45:00,-49.666
2018-04-02 07:30:00,-49.395
2018-04-02 07:15:00,-54.097
2018-04-02 07:00:00,-52.142
2018-04-02 06:45:00,-36.727
2018-04-02 06:30:00,-34.388
2018-04-02 06:15:00,-34.697
2018-04-02 06:00:00,-32.701
2018-04-02 05:45:00,-32.329
2018-04-02 05:30:00,-31.329
2018-04-02 05:15:00,-19.89
2018-04-02 05:00:00,-11.205
2018-04-02 04:45:00,-12.331
2018-04-02 04:30:00,-11.336
2018-04-02 04:15:00,-12.715
2018-04-02 04:00:00,-10.928
2018-04-02 03:45:00,-13.429
2018-04-02 03:30:00,-11.693
2018-04-02 03:15:00,-12.432
2018-04-02 03:00:00,-14.369
2018-04-02 02:45:00,-12.924
2018-04-02 02:30:00,-11.449
2018-04-02 02:15:00,-13.502
2018-04-02 02:00:00,-11.248
2018-04-02 01:45:00,-12.655
2018-04-02 01:30:00,-13.278
2018-04-02 01:15:00,-11.595
2018-04-02 01:00:00,-12.676
2018-04-02 00:45:00,-13.683
2018-04-02 00:30:00,-12.28
2018-04-02 00:15:00,-14.059
2018-04-02 00:00:00,-14.372
2018-04-01 23:45:00,-13.454
2018-04-01 23:30:00,-14.902
2018-04-01 23:15:00,-13.965
2018-04-01 23:00:00,-14.937
2018-04-01 22:45:00,-15.376
2018-04-01 22:30:00,-35.263
2018-04-01 22:15:00,-25.509
2018-04-01 22:00:00,-16.617
2018-04-01 21:45:00,-16.953
2018-04-01 21:30:00,-18.294
2018-04-01 21:15:00,-20.104
2018-04-01 21:00:00,-17.022
2018-04-01 20:45:00,-19.789
2018-04-01 20:30:00,-17.435
2018-04-01 20:15:00,-17.786
2018-04-01 20:00:00,-19.073
2018-04-01 19:45:00,-19.013
2018-04-01 19:30:00,-19.641
2018-04-01 19:15:00,-20.707
2018-04-01 19:00:00,-17.195
2018-04-01 18:45:00,-16.336
2018-04-01 18:30:00,-6.396
2018-04-01 18:15:00,-1.654
2018-04-01 18:00:00,-0.929
2018-04-01 17:45:00,-0.93
2018-04-01 17:30:00,-0.929
2018-04-01 17:15:00,-0.932
2018-04-01 17:00:00,-0.932
2018-04-01 16:45:00,-0.932
2018-04-01 16:30:00,-0.933
2018-04-01 16:15:00,-0.93
2018-04-01 16:00:00,-0.933
2018-04-01 15:45:00,-0.934
2018-04-01 15:30:00,-0.934
2018-04-01 15:15:00,-0.933
2018-04-01 15:00:00,-0.932
2018-04-01 14:45:00,-0.933
2018-04-01 14:30:00,-0.934
2018-04-01 14:15:00,-0.934
2018-04-01 14:00:00,-0.934
2018-04-01 13:45:00,-0.936
2018-04-01 13:30:00,-0.936
2018-04-01 13:15:00,-0.936
2018-04-01 13:00:00,-0.937
2018-04-01 12:45:00,-0.937
2018-04-01 12:30:00,-0.918
2018-04-01 12:15:00,14.268
2018-04-01 12:00:00,20.223
2018-04-01 11:45:00,174.942
2018-04-01 11:30:00,191.347
2018-04-01 11:15:00,15.938
2018-04-01 11:00:00,177.052
2018-04-01 10:45:00,131.243
2018-04-01 10:30:00,118.399
2018-04-01 10:15:00,100.504
2018-04-01 10:00:00,67.873
2018-04-01 09:45:00,60.336
2018-04-01 09:30:00,52.071
2018-04-01 09:15:00,38.549
2018-04-01 09:00:00,29.784
2018-04-01 08:45:00,13.04
2018-04-01 08:30:00,-1.28
2018-04-01 08:15:00,1.308
2018-04-01 08:00:00,3.248
2018-04-01 07:45:00,-1.27
2018-04-01 07:30:00,-1.343
2018-04-01 07:15:00,-5.346
2018-04-01 07:00:00,-18.767
2018-04-01 06:45:00,-24.213
2018-04-01 06:30:00,-24.314
2018-04-01 06:15:00,-23.093
2018-04-01 06:00:00,-25.05
2018-04-01 05:45:00,-23.594
2018-04-01 05:30:00,-25.744
2018-04-01 05:15:00,-23.22
2018-04-01 05:00:00,-24.82
2018-04-01 04:45:00,-23.879
2018-04-01 04:30:00,-24.724
2018-04-01 04:15:00,-24.561
2018-04-01 04:00:00,-25.438
2018-04-01 03:45:00,-24.455
2018-04-01 03:30:00,-25.485
2018-04-01 03:15:00,-24.106
2018-04-01 03:00:00,-25.24
2018-04-01 02:45:00,-26.878
2018-04-01 02:30:00,-24.737
2018-04-01 02:15:00,-26.022
2018-04-01 02:00:00,-25.227
2018-04-01 01:45:00,-25.806
2018-04-01 01:30:00,-25.934
2018-04-01 01:15:00,-25.278
2018-04-01 01:00:00,-25.702
2018-04-01 00:45:00,-26.796
2018-04-01 00:30:00,-26.784
2018-04-01 00:15:00,-27.171
2018-04-01 00:00:00,-26.642
2018-03-31 23:45:00,-27.167
2018-03-31 23:30:00,-27.176
2018-03-31 23:15:00,-26.603
2018-03-31 23:00:00,-28.052
2018-03-31 22:45:00,-26.606
2018-03-31 22:30:00,-29.185
2018-03-31 22:15:00,-25.803
2018-03-31 22:00:00,-28.244
2018-03-31 21:45:00,-29.199
2018-03-31 21:30:00,-30.348
2018-03-31 21:15:00,-29.7
2018-03-31 21:00:00,-31.778
2018-03-31 20:45:00,-29.379
2018-03-31 20:30:00,-31.728
2018-03-31 20:15:00,-31.905
2018-03-31 20:00:00,-31.64
2018-03-31 19:45:00,-30.888
2018-03-31 19:30:00,-33.007
2018-03-31 19:15:00,-31.19
2018-03-31 19:00:00,-32.401
2018-03-31 18:45:00,-22.706
2018-03-31 18:30:00,-7.592
2018-03-31 18:15:00,-3.33
2018-03-31 18:00:00,-0.931
2018-03-31 17:45:00,-0.93
2018-03-31 17:30:00,-0.929
2018-03-31 17:15:00,-0.93
2018-03-31 17:00:00,-0.929
2018-03-31 16:45:00,-0.927
2018-03-31 16:30:00,-0.928
2018-03-31 16:15:00,-0.928
2018-03-31 16:00:00,-0.927
2018-03-31 15:45:00,-0.927
2018-03-31 15:30:00,-0.928
2018-03-31 15:15:00,-0.926
2018-03-31 15:00:00,-0.925
2018-03-31 14:45:00,-0.924
2018-03-31 14:30:00,-0.925
2018-03-31 14:15:00,-0.925
2018-03-31 14:00:00,-0.922
2018-03-31 13:45:00,-0.92
2018-03-31 13:30:00,-0.92
2018-03-31 13:15:00,-0.921
2018-03-31 13:00:00,-0.92
2018-03-31 12:45:00,-0.919
2018-03-31 12:30:00,49.095
2018-03-31 12:15:00,137.198
2018-03-31 12:00:00,148.367
2018-03-31 11:45:00,124.807
2018-03-31 11:30:00,109.25
2018-03-31 11:15:00,100.035
2018-03-31 11:00:00,94.539
2018-03-31 10:45:00,90.769
2018-03-31 10:30:00,113.658
2018-03-31 10:15:00,126.005
2018-03-31 10:00:00,115.82
2018-03-31 09:45:00,103.989
2018-03-31 09:30:00,90.011
2018-03-31 09:15:00,58.785
2018-03-31 09:00:00,38.236
2018-03-31 08:45:00,31.66
2018-03-31 08:30:00,24.246
2018-03-31 08:15:00,-0.56
2018-03-31 08:00:00,-1.286
2018-03-31 07:45:00,-1.653
2018-03-31 07:30:00,-6.72
2018-03-31 07:15:00,-14.76
2018-03-31 07:00:00,-20.085
2018-03-31 06:45:00,-20.982
2018-03-31 06:30:00,-21.236
2018-03-31 06:15:00,-20.054
2018-03-31 06:00:00,-21.457
2018-03-31 05:45:00,-20.633
2018-03-31 05:30:00,-22.158
2018-03-31 05:15:00,-19.672
2018-03-31 05:00:00,-22.041
2018-03-31 04:45:00,-22.289
2018-03-31 04:30:00,-22.076
2018-03-31 04:15:00,-21.365
2018-03-31 04:00:00,-22.008
2018-03-31 03:45:00,-20.708
2018-03-31 03:30:00,-22.365
2018-03-31 03:15:00,-20.622
2018-03-31 03:00:00,-22.389
2018-03-31 02:45:00,-22.053
2018-03-31 02:30:00,-21.909
2018-03-31 02:15:00,-21.733
2018-03-31 02:00:00,-20.959
2018-03-31 01:45:00,-21.973
2018-03-31 01:30:00,-21.682
2018-03-31 01:15:00,-25.127
2018-03-31 01:00:00,-25.681
2018-03-31 00:45:00,-24.377
2018-03-31 00:30:00,-25.567
2018-03-31 00:15:00,-24.972
2018-03-31 00:00:00,-25.612
2018-03-30 23:45:00,-26.645
2018-03-30 23:30:00,-26.258
2018-03-30 23:15:00,-25.324
2018-03-30 23:00:00,-27.165
2018-03-30 22:45:00,-26.64
2018-03-30 22:30:00,-28.751
2018-03-30 22:15:00,-25.897
2018-03-30 22:00:00,-28.983
2018-03-30 21:45:00,-28.494
2018-03-30 21:30:00,-28.63
2018-03-30 21:15:00,-28.97
2018-03-30 21:00:00,-30.221
2018-03-30 20:45:00,-28.012
2018-03-30 20:30:00,-30.335
2018-03-30 20:15:00,-30.282
2018-03-30 20:00:00,-35.413
2018-03-30 19:45:00,-35.516
2018-03-30 19:30:00,-36.11
2018-03-30 19:15:00,-37.506
2018-03-30 19:00:00,-36.006
2018-03-30 18:45:00,-29.755
2018-03-30 18:30:00,-15.85
2018-03-30 18:15:00,-6.808
2018-03-30 18:00:00,-1.304
2018-03-30 17:45:00,-0.93
2018-03-30 17:30:00,-0.929
2018-03-30 17:15:00,-0.931
2018-03-30 17:00:00,-0.94
2018-03-30 16:45:00,-0.936
2018-03-30 16:30:00,-0.933
2018-03-30 16:15:00,-0.932
2018-03-30 16:00:00,-0.935
2018-03-30 15:45:00,-0.94
2018-03-30 15:30:00,-0.938
2018-03-30 15:15:00,-0.935
2018-03-30 15:00:00,-0.936
2018-03-30 14:45:00,-0.94
2018-03-30 14:30:00,-0.939
2018-03-30 14:15:00,-0.939
2018-03-30 14:00:00,-0.939
2018-03-30 13:45:00,-0.938
2018-03-30 13:30:00,-0.937
2018-03-30 13:15:00,-0.938
2018-03-30 13:00:00,-0.933
2018-03-30 12:45:00,-0.927
2018-03-30 12:30:00,-0.924
2018-03-30 12:15:00,-0.923
2018-03-30 12:00:00,-0.921
2018-03-30 11:45:00,-0.919
2018-03-30 11:30:00,-0.921
2018-03-30 11:15:00,-0.724
2018-03-30 11:00:00,163.799
2018-03-30 10:45:00,166.095
2018-03-30 10:30:00,158.407
2018-03-30 10:15:00,152.769
2018-03-30 10:00:00,141.304
2018-03-30 09:45:00,132.759
2018-03-30 09:30:00,121.093
2018-03-30 09:15:00,109.157
2018-03-30 09:00:00,93.954
2018-03-30 08:45:00,78.746
2018-03-30 08:30:00,61.602
2018-03-30 08:15:00,37.404
2018-03-30 08:00:00,17.693
2018-03-30 07:45:00,0.345
2018-03-30 07:30:00,-3.231
2018-03-30 07:15:00,-7.032
2018-03-30 07:00:00,-13.771
2018-03-30 06:45:00,-19.175
2018-03-30 06:30:00,-16.964
2018-03-30 06:15:00,-19.289
2018-03-30 06:00:00,-25.998
2018-03-30 05:45:00,-13.058
2018-03-30 05:30:00,-11.27
2018-03-30 05:15:00,-9.75
2018-03-30 05:00:00,-12.837
2018-03-30 04:45:00,-10.505
2018-03-30 04:30:00,-13.076
2018-03-30 04:15:00,-11.468
2018-03-30 04:00:00,-13.266
2018-03-30 03:45:00,-11.194
2018-03-30 03:30:00,-13.864
2018-03-30 03:15:00,-17.265
2018-03-30 03:00:00,-22.613
2018-03-30 02:45:00,-21.716
2018-03-30 02:30:00,-22.664
2018-03-30 02:15:00,-21.745
2018-03-30 02:00:00,-22.27
2018-03-30 01:45:00,-21.967
2018-03-30 01:30:00,-22.073
2018-03-30 01:15:00,-23.076
2018-03-30 01:00:00,-22.556
2018-03-30 00:45:00,-22.144
2018-03-30 00:30:00,-22.806
2018-03-30 00:15:00,-23.006
2018-03-30 00:00:00,-22.66
2018-03-29 23:45:00,-24.628
2018-03-29 23:30:00,-22.628
2018-03-29 23:15:00,-25.681
2018-03-29 23:00:00,-25.264
2018-03-29 22:45:00,-24.994
2018-03-29 22:30:00,-23.166
2018-03-29 22:15:00,-24.346
2018-03-29 22:00:00,-25.007
2018-03-29 21:45:00,-25.515
2018-03-29 21:30:00,-25.49
2018-03-29 21:15:00,-26.064
2018-03-29 21:00:00,-27.99
2018-03-29 20:45:00,-27.587
2018-03-29 20:30:00,-30.968
2018-03-29 20:15:00,-31.003
2018-03-29 20:00:00,-35.922
2018-03-29 19:45:00,-35.789
2018-03-29 19:30:00,-37.263
2018-03-29 19:15:00,-36.655
2018-03-29 19:00:00,-37.146
2018-03-29 18:45:00,-33.764
2018-03-29 18:30:00,-24.274
2018-03-29 18:15:00,-19.685
2018-03-29 18:00:00,-4.621
2018-03-29 17:45:00,-0.931
2018-03-29 17:30:00,-0.93
2018-03-29 17:15:00,-0.93
2018-03-29 17:00:00,-0.928
2018-03-29 16:45:00,-0.927
2018-03-29 16:30:00,-0.926
2018-03-29 16:15:00,-0.928
2018-03-29 16:00:00,-0.926
2018-03-29 15:45:00,-0.923
2018-03-29 15:30:00,-0.923
2018-03-29 15:15:00,-0.923
2018-03-29 15:00:00,-0.924
2018-03-29 14:45:00,-0.925
2018-03-29 14:30:00,-0.925
2018-03-29 14:15:00,-0.923
2018-03-29 14:00:00,-0.922
2018-03-29 13:45:00,-0.924
2018-03-29 13:30:00,-0.923
2018-03-29 13:15:00,-0.924
2018-03-29 13:00:00,-0.923
2018-03-29 12:45:00,-0.926
2018-03-29 12:30:00,-0.928
2018-03-29 12:15:00,-0.927
2018-03-29 12:00:00,-0.873
2018-03-29 11:45:00,101.508
2018-03-29 11:30:00,170.746
2018-03-29 11:15:00,167.935
2018-03-29 11:00:00,161.204
2018-03-29 10:45:00,155.006
2018-03-29 10:30:00,148.598
2018-03-29 10:15:00,142.854
2018-03-29 10:00:00,135.523
2018-03-29 09:45:00,118.782
2018-03-29 09:30:00,107.126
2018-03-29 09:15:00,79.389
2018-03-29 09:00:00,14.867
2018-03-29 08:45:00,1.864
2018-03-29 08:30:00,0.019
2018-03-29 08:15:00,0.8
2018-03-29 08:00:00,0.366
2018-03-29 07:45:00,-0.37
2018-03-29 07:30:00,-2.092
2018-03-29 07:15:00,-6.546
2018-03-29 07:00:00,-17.597
2018-03-29 06:45:00,-24.204
2018-03-29 06:30:00,-22.111
2018-03-29 06:15:00,-17.815
2018-03-29 06:00:00,-20.968
2018-03-29 05:45:00,-22.205
2018-03-29 05:30:00,-24.63
2018-03-29 05:15:00,-26.881
2018-03-29 05:00:00,-19.973
2018-03-29 04:45:00,-13.094
2018-03-29 04:30:00,-13.127
2018-03-29 04:15:00,-13.826
2018-03-29 04:00:00,-14.185
2018-03-29 03:45:00,-14.462
2018-03-29 03:30:00,-15.052
2018-03-29 03:15:00,-19.217
2018-03-29 03:00:00,-23.83
2018-03-29 02:45:00,-21.996
2018-03-29 02:30:00,-22.513
2018-03-29 02:15:00,-21.038
2018-03-29 02:00:00,-22.109
2018-03-29 01:45:00,-22.075
2018-03-29 01:30:00,-23.331
2018-03-29 01:15:00,-22.872
2018-03-29 01:00:00,-22.616
2018-03-29 00:45:00,-21.579
2018-03-29 00:30:00,-22.674
2018-03-29 00:15:00,-23.11
2018-03-29 00:00:00,-25.166
2018-03-28 23:45:00,-25.196
2018-03-28 23:30:00,-24.276
2018-03-28 23:15:00,-23.93
2018-03-28 23:00:00,-26.084
2018-03-28 22:45:00,-25.207
2018-03-28 22:30:00,-25.041
2018-03-28 22:15:00,-25.207
2018-03-28 22:00:00,-26.343
2018-03-28 21:45:00,-28.324
2018-03-28 21:30:00,-28.111
2018-03-28 21:15:00,-28.378
2018-03-28 21:00:00,-31.155
2018-03-28 20:45:00,-29.564
2018-03-28 20:30:00,-28.951
2018-03-28 20:15:00,-31.644
2018-03-28 20:00:00,-35.311
2018-03-28 19:45:00,-35.595
2018-03-28 19:30:00,-37.258
2018-03-28 19:15:00,-37.272
2018-03-28 19:00:00,-36.686
2018-03-28 18:45:00,-34.03
2018-03-28 18:30:00,-22.073
2018-03-28 18:15:00,-5.581
2018-03-28 18:00:00,-1.034
2018-03-28 17:45:00,-0.928
2018-03-28 17:30:00,-0.935
2018-03-28 17:15:00,-0.933
2018-03-28 17:00:00,-0.93
2018-03-28 16:45:00,-0.928
2018-03-28 16:30:00,-0.928
2018-03-28 16:15:00,-0.929
2018-03-28 16:00:00,-0.927
2018-03-28 15:45:00,-0.93
2018-03-28 15:30:00,-0.934
2018-03-28 15:15:00,-0.934
2018-03-28 15:00:00,-0.93
2018-03-28 14:45:00,-0.931
2018-03-28 14:30:00,-0.929
2018-03-28 14:15:00,-0.928
2018-03-28 14:00:00,-0.927
2018-03-28 13:45:00,-0.929
2018-03-28 13:30:00,-0.919
2018-03-28 13:15:00,-0.917
2018-03-28 13:00:00,-0.918
2018-03-28 12:45:00,-0.92
2018-03-28 12:30:00,-0.919
2018-03-28 12:15:00,-0.921
2018-03-28 12:00:00,-0.916
2018-03-28 11:45:00,45.551
2018-03-28 11:30:00,171.002
2018-03-28 11:15:00,162.13
2018-03-28 11:00:00,157.773
2018-03-28 10:45:00,153.482
2018-03-28 10:30:00,146.029
2018-03-28 10:15:00,139.128
2018-03-28 10:00:00,125.384
2018-03-28 09:45:00,112.176
2018-03-28 09:30:00,105.445
2018-03-28 09:15:00,96.242
2018-03-28 09:00:00,76.688
2018-03-28 08:45:00,63.464
2018-03-28 08:30:00,44.759
2018-03-28 08:15:00,25.62
2018-03-28 08:00:00,8.144
2018-03-28 07:45:00,-1.204
2018-03-28 07:30:00,-4.081
2018-03-28 07:15:00,-29.491
2018-03-28 07:00:00,-37.407
2018-03-28 06:45:00,-29.714
2018-03-28 06:30:00,-32.039
2018-03-28 06:15:00,-26.473
2018-03-28 06:00:00,-18.219
2018-03-28 05:45:00,-18.702
2018-03-28 05:30:00,-16.762
2018-03-28 05:15:00,-30.496
2018-03-28 05:00:00,-32.325
2018-03-28 04:45:00,-28.499
2018-03-28 04:30:00,-32.165
2018-03-28 04:15:00,-35.813
2018-03-28 04:00:00,-24.706
2018-03-28 03:45:00,-21.716
2018-03-28 03:30:00,-22.217
2018-03-28 03:15:00,-21.676
2018-03-28 03:00:00,-22.739
2018-03-28 02:45:00,-22.515
2018-03-28 02:30:00,-22.985
2018-03-28 02:15:00,-22.431
2018-03-28 02:00:00,-22.712
2018-03-28 01:45:00,-22.93
2018-03-28 01:30:00,-21.389
2018-03-28 01:15:00,-22.638
2018-03-28 01:00:00,-22.556
2018-03-28 00:45:00,-23.258
2018-03-28 00:30:00,-24.239
2018-03-28 00:15:00,-23.564
2018-03-28 00:00:00,-23.047
2018-03-27 23:45:00,-27.718
2018-03-27 23:30:00,-23.952
2018-03-27 23:15:00,-26.517
2018-03-27 23:00:00,-25.004
2018-03-27 22:45:00,-25.491
2018-03-27 22:30:00,-25.635
2018-03-27 22:15:00,-25.955
2018-03-27 22:00:00,-26.089
2018-03-27 21:45:00,-25.754
2018-03-27 21:30:00,-27.615
2018-03-27 21:15:00,-27.895
2018-03-27 21:00:00,-28.472
2018-03-27 20:45:00,-28.081
2018-03-27 20:30:00,-29.065
2018-03-27 20:15:00,-30.32
2018-03-27 20:00:00,-36.511
2018-03-27 19:45:00,-34.978
2018-03-27 19:30:00,-36.211
2018-03-27 19:15:00,-37.534
2018-03-27 19:00:00,-35.128
2018-03-27 18:45:00,-33.222
2018-03-27 18:30:00,-17.855
2018-03-27 18:15:00,-3.559
2018-03-27 18:00:00,-0.924
2018-03-27 17:45:00,-0.922
2018-03-27 17:30:00,-0.926
2018-03-27 17:15:00,-0.931
2018-03-27 17:00:00,-0.932
2018-03-27 16:45:00,-0.932
2018-03-27 16:30:00,-0.933
2018-03-27 16:15:00,-0.932
2018-03-27 16:00:00,-0.929
2018-03-27 15:45:00,-0.931
2018-03-27 15:30:00,-0.931
2018-03-27 15:15:00,-0.93
2018-03-27 15:00:00,-0.929
2018-03-27 14:45:00,-0.928
2018-03-27 14:30:00,-0.927
2018-03-27 14:15:00,-0.927
2018-03-27 14:00:00,-0.926
2018-03-27 13:45:00,-0.926
2018-03-27 13:30:00,-0.926
2018-03-27 13:15:00,-0.925
2018-03-27 13:00:00,-0.925
2018-03-27 12:45:00,-0.926
2018-03-27 12:30:00,-0.926
2018-03-27 12:15:00,-0.927
2018-03-27 12:00:00,-0.926
2018-03-27 11:45:00,15.671
2018-03-27 11:30:00,176.398
2018-03-27 11:15:00,167.63
2018-03-27 11:00:00,157.283
2018-03-27 10:45:00,151.231
2018-03-27 10:30:00,143.035
2018-03-27 10:15:00,127.872
2018-03-27 10:00:00,111.29
2018-03-27 09:45:00,99.602
2018-03-27 09:30:00,93.082
2018-03-27 09:15:00,85.01
2018-03-27 09:00:00,68.153
2018-03-27 08:45:00,52.627
2018-03-27 08:30:00,34.622
2018-03-27 08:15:00,23.824
2018-03-27 08:00:00,15.777
2018-03-27 07:45:00,1.645
2018-03-27 07:30:00,-14.605
2018-03-27 07:15:00,-22.773
2018-03-27 07:00:00,-14.516
2018-03-27 06:45:00,-18.155
2018-03-27 06:30:00,-21.559
2018-03-27 06:15:00,-26.214
2018-03-27 06:00:00,-25.533
2018-03-27 05:45:00,-16.335
2018-03-27 05:30:00,-11.886
2018-03-27 05:15:00,-26.939
2018-03-27 05:00:00,-18.737
2018-03-27 04:45:00,-20.088
2018-03-27 04:30:00,-23.394
2018-03-27 04:15:00,-22.689
2018-03-27 04:00:00,-26.241
2018-03-27 03:45:00,-15.475
2018-03-27 03:30:00,-9.64
2018-03-27 03:15:00,-7.797
2018-03-27 03:00:00,-22.248
2018-03-27 02:45:00,-31.369
2018-03-27 02:30:00,-32.184
2018-03-27 02:15:00,-33.386
2018-03-27 02:00:00,-31.04
2018-03-27 01:45:00,-18.865
2018-03-27 01:30:00,-18.324
2018-03-27 01:15:00,-19.331
2018-03-27 01:00:00,-20.657
2018-03-27 00:45:00,-20.027
2018-03-27 00:30:00,-20.763
2018-03-27 00:15:00,-19.224
2018-03-27 00:00:00,-20.37
2018-03-26 23:45:00,-19.778
2018-03-26 23:30:00,-19.327
2018-03-26 23:15:00,-19.83
2018-03-26 23:00:00,-22.304
2018-03-26 22:45:00,-20.645
2018-03-26 22:30:00,-21.853
2018-03-26 22:15:00,-20.199
2018-03-26 22:00:00,-19.846
2018-03-26 21:45:00,-20.218
2018-03-26 21:30:00,-19.845
2018-03-26 21:15:00,-22.009
2018-03-26 21:00:00,-23.049
2018-03-26 20:45:00,-22.372
2018-03-26 20:30:00,-21.257
2018-03-26 20:15:00,-21.658
2018-03-26 20:00:00,-26.4
2018-03-26 19:45:00,-27.163
2018-03-26 19:30:00,-28.987
2018-03-26 19:15:00,-28.954
2018-03-26 19:00:00,-26.092
2018-03-26 18:45:00,-35.03
2018-03-26 18:30:00,-33.843
2018-03-26 18:15:00,-21.029
2018-03-26 18:00:00,-6.906
2018-03-26 17:45:00,-0.411
2018-03-26 17:30:00,-0.309
2018-03-26 17:15:00,-0.917
2018-03-26 17:00:00,-0.924
2018-03-26 16:45:00,-0.923
2018-03-26 16:30:00,-0.922
2018-03-26 16:15:00,-0.313
2018-03-26 16:00:00,-0.921
2018-03-26 15:45:00,-0.921
2018-03-26 15:30:00,-0.25
2018-03-26 15:15:00,-0.922
2018-03-26 15:00:00,-0.922
2018-03-26 14:45:00,-0.921
2018-03-26 14:30:00,0.059
2018-03-26 14:15:00,-0.917
2018-03-26 14:00:00,-0.923
2018-03-26 13:45:00,0.215
2018-03-26 13:30:00,-0.068
2018-03-26 13:15:00,0.002
2018-03-26 13:00:00,0.715
2018-03-26 12:45:00,1.033
2018-03-26 12:30:00,5.024
2018-03-26 12:15:00,21.477
2018-03-26 12:00:00,104.441
2018-03-26 11:45:00,154.378
2018-03-26 11:30:00,139.467
2018-03-26 11:15:00,33.102
2018-03-26 11:00:00,11.063
2018-03-26 10:45:00,134.89
2018-03-26 10:30:00,144.838
2018-03-26 10:15:00,121.581
2018-03-26 10:00:00,114.853
2018-03-26 09:45:00,124.092
2018-03-26 09:30:00,102.495
2018-03-26 09:15:00,87.265
2018-03-26 09:00:00,72.205
2018-03-26 08:45:00,54.83
2018-03-26 08:30:00,28.557
2018-03-26 08:15:00,3.414
2018-03-26 08:00:00,-1.262
2018-03-26 07:45:00,-12.037
2018-03-26 07:30:00,-24.725
2018-03-26 07:15:00,-25.593
2018-03-26 07:00:00,-25.321
2018-03-26 06:45:00,-27.933
2018-03-26 06:30:00,-29.21
2018-03-26 06:15:00,-32.083
2018-03-26 06:00:00,-34.549
2018-03-26 05:45:00,-36.649
2018-03-26 05:30:00,-39.377
2018-03-26 05:15:00,-25.247
2018-03-26 05:00:00,-23.14
2018-03-26 04:45:00,-22.145
2018-03-26 04:30:00,-22.488
2018-03-26 04:15:00,-22.787
2018-03-26 04:00:00,-21.986
2018-03-26 03:45:00,-23.114
2018-03-26 03:30:00,-5.759
2018-03-26 03:15:00,-6.047
2018-03-26 03:00:00,-4.027
2018-03-26 02:45:00,-5.554
2018-03-26 02:30:00,-16.149
2018-03-26 02:15:00,-24.511
2018-03-26 02:00:00,-24.369
2018-03-26 01:45:00,-26.317
2018-03-26 01:30:00,-26.466
2018-03-26 01:15:00,-30.485
2018-03-26 01:00:00,-26.824
2018-03-26 00:45:00,-17.26
2018-03-26 00:30:00,-17.367
2018-03-26 00:15:00,-16.358
2018-03-26 00:00:00,-17.703
2018-03-25 23:45:00,-19.545
2018-03-25 23:30:00,-24.647
2018-03-25 23:15:00,-25.468
2018-03-25 23:00:00,-42.877
2018-03-25 22:45:00,-37.781
2018-03-25 22:30:00,-21.357
2018-03-25 22:15:00,-23.039
2018-03-25 22:00:00,-21.728
2018-03-25 21:45:00,-22.967
2018-03-25 21:30:00,-22.41
2018-03-25 21:15:00,-23.338
2018-03-25 21:00:00,-22.916
2018-03-25 20:45:00,-23.499
2018-03-25 20:30:00,-21.55
2018-03-25 20:15:00,-22.538
2018-03-25 20:00:00,-22.934
2018-03-25 19:45:00,-22.621
2018-03-25 19:30:00,-22.56
2018-03-25 19:15:00,-24.144
2018-03-25 19:00:00,-21.76
2018-03-25 18:45:00,-19.597
2018-03-25 18:30:00,-3.916
2018-03-25 18:15:00,-1.612
2018-03-25 18:00:00,-0.297
2018-03-25 17:45:00,3.846
2018-03-25 17:30:00,-0.564
2018-03-25 17:15:00,-0.458
2018-03-25 17:00:00,-0.91
2018-03-25 16:45:00,-0.91
2018-03-25 16:30:00,-0.911
2018-03-25 16:15:00,-0.911
2018-03-25 16:00:00,-0.913
2018-03-25 15:45:00,-0.914
2018-03-25 15:30:00,-0.914
2018-03-25 15:15:00,-0.913
2018-03-25 15:00:00,1.213
2018-03-25 14:45:00,1.45
2018-03-25 14:30:00,1.206
2018-03-25 14:15:00,0.116
2018-03-25 14:00:00,-0.917
2018-03-25 13:45:00,-0.199
2018-03-25 13:30:00,0.431
2018-03-25 13:15:00,0.004
2018-03-25 13:00:00,-0.19
2018-03-25 12:45:00,0.59
2018-03-25 12:30:00,3.093
2018-03-25 12:15:00,5.699
2018-03-25 12:00:00,14.651
2018-03-25 11:45:00,124.689
2018-03-25 11:30:00,141.058
2018-03-25 11:15:00,152.852
2018-03-25 11:00:00,174.047
2018-03-25 10:45:00,173.211
2018-03-25 10:30:00,117.805
2018-03-25 10:15:00,139.971
2018-03-25 10:00:00,106.497
2018-03-25 09:45:00,112.56
2018-03-25 09:30:00,77.568
2018-03-25 09:15:00,29.638
2018-03-25 09:00:00,9.685
2018-03-25 08:45:00,22.398
2018-03-25 08:30:00,4.015
2018-03-25 08:15:00,-1.707
2018-03-25 08:00:00,7.816
2018-03-25 07:45:00,-0.309
2018-03-25 07:30:00,-1.254
2018-03-25 07:15:00,-14.904
2018-03-25 07:00:00,-33.564
2018-03-25 06:45:00,-35.784
2018-03-25 06:30:00,-35.322
2018-03-25 06:15:00,-35.788
2018-03-25 06:00:00,-28.105
2018-03-25 05:45:00,-20.593
2018-03-25 05:30:00,-19.133
2018-03-25 05:15:00,-20.029
2018-03-25 05:00:00,-19.707
2018-03-25 04:45:00,-20.269
2018-03-25 04:30:00,-27.313
2018-03-25 04:15:00,-36.231
2018-03-25 04:00:00,-35.592
2018-03-25 03:45:00,-36.121
2018-03-25 03:30:00,-31.886
2018-03-25 03:15:00,-20.866
2018-03-25 03:00:00,-20.372
2018-03-25 02:45:00,-22.44
2018-03-25 02:30:00,-20.187
2018-03-25 02:15:00,-20.796
2018-03-25 02:00:00,-21.668
2018-03-25 01:45:00,-20.055
2018-03-25 01:30:00,-21.131
2018-03-25 01:15:00,-19.712
2018-03-25 01:00:00,-21.515
2018-03-25 00:45:00,-21.495
2018-03-25 00:30:00,-19.491
2018-03-25 00:15:00,-22.813
2018-03-25 00:00:00,-21.473
2018-03-24 23:45:00,-23.177
2018-03-24 23:30:00,-20.952
2018-03-24 23:15:00,-22.554
2018-03-24 23:00:00,-20.921
2018-03-24 22:45:00,-22.933
2018-03-24 22:30:00,-21.566
2018-03-24 22:15:00,-21.494
2018-03-24 22:00:00,-22.495
2018-03-24 21:45:00,-22.804
2018-03-24 21:30:00,-21.935
2018-03-24 21:15:00,-22.812
2018-03-24 21:00:00,-23.343
2018-03-24 20:45:00,-22.897
2018-03-24 20:30:00,-23.317
2018-03-24 20:15:00,-21.785
2018-03-24 20:00:00,-22.682
2018-03-24 19:45:00,-23.306
2018-03-24 19:30:00,-22.481
2018-03-24 19:15:00,-24.574
2018-03-24 19:00:00,-21.318
2018-03-24 18:45:00,-21.903
2018-03-24 18:30:00,-9.053
2018-03-24 18:15:00,-0.921
2018-03-24 18:00:00,-3.763
2018-03-24 17:45:00,-2.824
2018-03-24 17:30:00,-0.92
2018-03-24 17:15:00,-0.921
2018-03-24 17:00:00,-0.921
2018-03-24 16:45:00,-0.92
2018-03-24 16:30:00,-0.919
2018-03-24 16:15:00,-0.92
2018-03-24 16:00:00,-0.919
2018-03-24 15:45:00,-0.918
2018-03-24 15:30:00,-0.922
2018-03-24 15:15:00,-0.923
2018-03-24 15:00:00,-0.925
2018-03-24 14:45:00,-0.923
2018-03-24 14:30:00,-0.923
2018-03-24 14:15:00,-0.923
2018-03-24 14:00:00,-0.924
2018-03-24 13:45:00,-0.924
2018-03-24 13:30:00,-0.924
2018-03-24 13:15:00,-0.921
2018-03-24 13:00:00,-1.223
2018-03-24 12:45:00,-0.917
2018-03-24 12:30:00,-0.565
2018-03-24 12:15:00,101.667
2018-03-24 12:00:00,173.53
2018-03-24 11:45:00,134.873
2018-03-24 11:30:00,151.059
2018-03-24 11:15:00,129.514
2018-03-24 11:00:00,97.923
2018-03-24 10:45:00,117.996
2018-03-24 10:30:00,87.997
2018-03-24 10:15:00,50.395
2018-03-24 10:00:00,63.176
2018-03-24 09:45:00,126.514
2018-03-24 09:30:00,117.439
2018-03-24 09:15:00,52.33
2018-03-24 09:00:00,26.902
2018-03-24 08:45:00,23.453
2018-03-24 08:30:00,34.969
2018-03-24 08:15:00,25.759
2018-03-24 08:00:00,16.87
2018-03-24 07:45:00,16.501
2018-03-24 07:30:00,-0.376
2018-03-24 07:15:00,-1.427
2018-03-24 07:00:00,-4.438
2018-03-24 06:45:00,-5.075
2018-03-24 06:30:00,-9.795
2018-03-24 06:15:00,-10.102
2018-03-24 06:00:00,-13.944
2018-03-24 05:45:00,-20.432
2018-03-24 05:30:00,-19.762
2018-03-24 05:15:00,-18.174
2018-03-24 05:00:00,-22.221
2018-03-24 04:45:00,-20.169
2018-03-24 04:30:00,-21.805
2018-03-24 04:15:00,-20.562
2018-03-24 04:00:00,-20.602
2018-03-24 03:45:00,-20.785
2018-03-24 03:30:00,-20.7
2018-03-24 03:15:00,-21.396
2018-03-24 03:00:00,-22.62
2018-03-24 02:45:00,-21.346
2018-03-24 02:30:00,-23.325
2018-03-24 02:15:00,-20.272
2018-03-24 02:00:00,-22.726
2018-03-24 01:45:00,-20.963
2018-03-24 01:30:00,-21.956
2018-03-24 01:15:00,-21.83
2018-03-24 01:00:00,-22.955
2018-03-24 00:45:00,-21.972
2018-03-24 00:30:00,-22.067
2018-03-24 00:15:00,-23.471
2018-03-24 00:00:00,-22.01
2018-03-23 23:45:00,-24.876
2018-03-23 23:30:00,-23.335
2018-03-23 23:15:00,-23.901
2018-03-23 23:00:00,-22.498
2018-03-23 22:45:00,-23.027
2018-03-23 22:30:00,-23.306
2018-03-23 22:15:00,-22.913
2018-03-23 22:00:00,-24.791
2018-03-23 21:45:00,-24.323
2018-03-23 21:30:00,-25.01
2018-03-23 21:15:00,-24.042
2018-03-23 21:00:00,-26.549
2018-03-23 20:45:00,-25.722
2018-03-23 20:30:00,-28.039
2018-03-23 20:15:00,-31.749
2018-03-23 20:00:00,-37.242
2018-03-23 19:45:00,-36.7
2018-03-23 19:30:00,-38.049
2018-03-23 19:15:00,-38.952
2018-03-23 19:00:00,-38.101
2018-03-23 18:45:00,-36.669
2018-03-23 18:30:00,-26.149
2018-03-23 18:15:00,-22.228
2018-03-23 18:00:00,-13.513
2018-03-23 17:45:00,-19.487
2018-03-23 17:30:00,-6.534
2018-03-23 17:15:00,-1.127
2018-03-23 17:00:00,-0.929
2018-03-23 16:45:00,-0.928
2018-03-23 16:30:00,-0.929
2018-03-23 16:15:00,-0.923
2018-03-23 16:00:00,-0.222
2018-03-23 15:45:00,-0.922
2018-03-23 15:30:00,-0.923
2018-03-23 15:15:00,-0.922
2018-03-23 15:00:00,-0.93
2018-03-23 14:45:00,-0.926
2018-03-23 14:30:00,0.952
2018-03-23 14:15:00,-0.089
2018-03-23 14:00:00,-0.39
2018-03-23 13:45:00,-0.552
2018-03-23 13:30:00,-0.922
2018-03-23 13:15:00,-0.922
2018-03-23 13:00:00,0.18
2018-03-23 12:45:00,-0.918
2018-03-23 12:30:00,0.796
2018-03-23 12:15:00,0.119
2018-03-23 12:00:00,1.073
2018-03-23 11:45:00,2.61
2018-03-23 11:30:00,5.322
2018-03-23 11:15:00,47.223
2018-03-23 11:00:00,163.716
2018-03-23 10:45:00,30.486
2018-03-23 10:30:00,118.224
2018-03-23 10:15:00,161.793
2018-03-23 10:00:00,107.214
2018-03-23 09:45:00,16.237
2018-03-23 09:30:00,6.209
2018-03-23 09:15:00,47.924
2018-03-23 09:00:00,55.78
2018-03-23 08:45:00,2.871
2018-03-23 08:30:00,-5.195
2018-03-23 08:15:00,-15.164
2018-03-23 08:00:00,-18.424
2018-03-23 07:45:00,-2.232
2018-03-23 07:30:00,-1.673
2018-03-23 07:15:00,-0.92
2018-03-23 07:00:00,-1.869
2018-03-23 06:45:00,-2.3
2018-03-23 06:30:00,-1.865
2018-03-23 06:15:00,-1.806
2018-03-23 06:00:00,-0.92
2018-03-23 05:45:00,-1.418
2018-03-23 05:30:00,-1.791
2018-03-23 05:15:00,-1.802
2018-03-23 05:00:00,13.837
2018-03-23 04:45:00,15.286
2018-03-23 04:30:00,14.369
2018-03-23 04:15:00,15.434
2018-03-23 04:00:00,13.605
2018-03-23 03:45:00,15.444
2018-03-23 03:30:00,13.479
2018-03-23 03:15:00,14.06
2018-03-23 03:00:00,15.013
2018-03-23 02:45:00,13.572
2018-03-23 02:30:00,13.88
2018-03-23 02:15:00,13.324
2018-03-23 02:00:00,15.109
2018-03-23 01:45:00,12.392
2018-03-23 01:30:00,16.052
2018-03-23 01:15:00,12.732
2018-03-23 01:00:00,14.934
2018-03-23 00:45:00,14.064
2018-03-23 00:30:00,14.08
2018-03-23 00:15:00,14.151
2018-03-23 00:00:00,13.702
2018-03-22 23:45:00,12.131
2018-03-22 23:30:00,13.953
2018-03-22 23:15:00,13.888
2018-03-22 23:00:00,14.988
2018-03-22 22:45:00,13.886
2018-03-22 22:30:00,13.388
2018-03-22 22:15:00,14.117
2018-03-22 22:00:00,13.468
2018-03-22 21:45:00,14.231
2018-03-22 21:30:00,12.267
2018-03-22 21:15:00,13.497
2018-03-22 21:00:00,12.335
2018-03-22 20:45:00,13.521
2018-03-22 20:30:00,11.309
2018-03-22 20:15:00,9.641
2018-03-22 20:00:00,-1.87
2018-03-22 19:45:00,-2.989
2018-03-22 19:30:00,-1.37
2018-03-22 19:15:00,-1.761
2018-03-22 19:00:00,-1.335
2018-03-22 18:45:00,-1.381
2018-03-22 18:30:00,-1.148
2018-03-22 18:15:00,0.346
2018-03-22 18:00:00,5.591
2018-03-22 17:45:00,-0.542
2018-03-22 17:30:00,14.983
2018-03-22 17:15:00,17.303
2018-03-22 17:00:00,15.876
2018-03-22 16:45:00,22.678
2018-03-22 16:30:00,71.639
2018-03-22 16:15:00,81.763
2018-03-22 16:00:00,35.662
2018-03-22 15:45:00,16.947
2018-03-22 15:30:00,17.04
2018-03-22 15:15:00,28.37
2018-03-22 15:00:00,5.524
2018-03-22 14:45:00,10.212
2018-03-22 14:30:00,19.171
2018-03-22 14:15:00,12.276
2018-03-22 14:00:00,11.929
2018-03-22 13:45:00,3.777
2018-03-22 13:30:00,20.119
2018-03-22 13:15:00,16.931
2018-03-22 13:00:00,14.483
2018-03-22 12:45:00,9.284
2018-03-22 12:30:00,1.585
2018-03-22 12:15:00,4.613
2018-03-22 12:00:00,4.718
2018-03-22 11:45:00,1.955
2018-03-22 11:30:00,2.204
2018-03-22 11:15:00,1.297
2018-03-22 11:00:00,4.383
2018-03-22 10:45:00,-6.352
2018-03-22 10:30:00,-7.455
2018-03-22 10:15:00,-8.822
2018-03-22 10:00:00,-14.787
2018-03-22 09:45:00,-22.96
2018-03-22 09:30:00,-14.863
2018-03-22 09:15:00,-11.671
2018-03-22 09:00:00,-2.153
2018-03-22 08:45:00,-14.649
2018-03-22 08:30:00,-38.782
2018-03-22 08:15:00,-48.693
2018-03-22 08:00:00,-51.881
2018-03-22 07:45:00,-49.759
2018-03-22 07:30:00,-47.503
2018-03-22 07:15:00,-26.779
2018-03-22 07:00:00,-30.739
2018-03-22 06:45:00,-30.572
2018-03-22 06:30:00,-28.761
2018-03-22 06:15:00,-27.478
2018-03-22 06:00:00,-28.291
2018-03-22 05:45:00,-28.086
2018-03-22 05:30:00,-25.964
2018-03-22 05:15:00,-26.571
2018-03-22 05:00:00,-5.49
2018-03-22 04:45:00,-4.612
2018-03-22 04:30:00,-4.8
2018-03-22 04:15:00,-5.798
2018-03-22 04:00:00,-5.058
2018-03-22 03:45:00,-5.699
2018-03-22 03:30:00,-4.434
2018-03-22 03:15:00,-5.099
2018-03-22 03:00:00,-7.193
2018-03-22 02:45:00,-7.998
2018-03-22 02:30:00,-6.407
2018-03-22 02:15:00,-9.56
2018-03-22 02:00:00,-8.246
2018-03-22 01:45:00,-10.533
2018-03-22 01:30:00,-11.422
2018-03-22 01:15:00,-13.504
2018-03-22 01:00:00,-12.256
2018-03-22 00:45:00,-16.349
2018-03-22 00:30:00,-17.257
2018-03-22 00:15:00,-16.29
2018-03-22 00:00:00,-18.411
2018-03-21 23:45:00,-17.858
2018-03-21 23:30:00,-19.301
2018-03-21 23:15:00,-16.196
2018-03-21 23:00:00,-20.178
2018-03-21 22:45:00,-18.423
2018-03-21 22:30:00,-19.499
2018-03-21 22:15:00,-18.755
2018-03-21 22:00:00,-23.113
2018-03-21 21:45:00,-20.077
2018-03-21 21:30:00,-22.839
2018-03-21 21:15:00,-21.451
2018-03-21 21:00:00,-24.333
2018-03-21 20:45:00,-23.582
2018-03-21 20:30:00,-25.068
2018-03-21 20:15:00,-26.537
2018-03-21 20:00:00,-31.512
2018-03-21 19:45:00,-30.836
2018-03-21 19:30:00,-32.532
2018-03-21 19:15:00,-32.57
2018-03-21 19:00:00,-32.983
2018-03-21 18:45:00,-33.583
2018-03-21 18:30:00,-25.717
2018-03-21 18:15:00,-11.665
2018-03-21 18:00:00,-9.638
2018-03-21 17:45:00,-2.53
2018-03-21 17:30:00,-11.037
2018-03-21 17:15:00,-19.31
2018-03-21 17:00:00,-2.086
2018-03-21 16:45:00,-0.927
2018-03-21 16:30:00,-0.93
2018-03-21 16:15:00,-0.928
2018-03-21 16:00:00,-1.873
2018-03-21 15:45:00,-6.182
2018-03-21 15:30:00,-6.198
2018-03-21 15:15:00,-0.923
2018-03-21 15:00:00,-0.922
2018-03-21 14:45:00,-0.919
2018-03-21 14:30:00,-0.92
2018-03-21 14:15:00,-0.918
2018-03-21 14:00:00,-0.918
2018-03-21 13:45:00,-0.922
2018-03-21 13:30:00,-0.92
2018-03-21 13:15:00,-0.913
2018-03-21 13:00:00,-1.586
2018-03-21 12:45:00,-0.921
2018-03-21 12:30:00,-0.924
2018-03-21 12:15:00,-0.565
2018-03-21 12:00:00,163.835
2018-03-21 11:45:00,156.305
2018-03-21 11:30:00,144.942
2018-03-21 11:15:00,148.353
2018-03-21 11:00:00,138.234
2018-03-21 10:45:00,121.685
2018-03-21 10:30:00,102.494
2018-03-21 10:15:00,110.301
2018-03-21 10:00:00,91.355
2018-03-21 09:45:00,85.911
2018-03-21 09:30:00,53.687
2018-03-21 09:15:00,41.147
2018-03-21 09:00:00,54.289
2018-03-21 08:45:00,45.922
2018-03-21 08:30:00,23.29
2018-03-21 08:15:00,7.901
2018-03-21 08:00:00,-1.703
2018-03-21 07:45:00,-4.236
2018-03-21 07:30:00,-22.818
2018-03-21 07:15:00,-33.788
2018-03-21 07:00:00,-55.88
2018-03-21 06:45:00,-34.457
2018-03-21 06:30:00,-31.37
2018-03-21 06:15:00,-31.206
2018-03-21 06:00:00,-31.47
2018-03-21 05:45:00,-36.365
2018-03-21 05:30:00,-33.194
2018-03-21 05:15:00,-34.276
2018-03-21 05:00:00,-14.685
2018-03-21 04:45:00,-16.08
2018-03-21 04:30:00,-14.719
2018-03-21 04:15:00,-16.133
2018-03-21 04:00:00,-15.986
2018-03-21 03:45:00,-15.284
2018-03-21 03:30:00,-16.569
2018-03-21 03:15:00,-15.611
2018-03-21 03:00:00,-16.407
2018-03-21 02:45:00,-17.175
2018-03-21 02:30:00,-16.313
2018-03-21 02:15:00,-16.28
2018-03-21 02:00:00,-14.987
2018-03-21 01:45:00,-17.896
2018-03-21 01:30:00,-16.606
2018-03-21 01:15:00,-16.814
2018-03-21 01:00:00,-16.974
2018-03-21 00:45:00,-18.02
2018-03-21 00:30:00,-16.99
2018-03-21 00:15:00,-18.931
2018-03-21 00:00:00,-19.198
2018-03-20 23:45:00,-19.516
2018-03-20 23:30:00,-16.283
2018-03-20 23:15:00,-20.062
2018-03-20 23:00:00,-18.497
2018-03-20 22:45:00,-20.379
2018-03-20 22:30:00,-21.106
2018-03-20 22:15:00,-20.77
2018-03-20 22:00:00,-21.208
2018-03-20 21:45:00,-22.504
2018-03-20 21:30:00,-20.907
2018-03-20 21:15:00,-25.053
2018-03-20 21:00:00,-22.635
2018-03-20 20:45:00,-24.596
2018-03-20 20:30:00,-23.891
2018-03-20 20:15:00,-26.333
2018-03-20 20:00:00,-29.708
2018-03-20 19:45:00,-29.613
2018-03-20 19:30:00,-31.071
2018-03-20 19:15:00,-30.308
2018-03-20 19:00:00,-32.012
2018-03-20 18:45:00,-28.646
2018-03-20 18:30:00,-14.272
2018-03-20 18:15:00,-19.668
2018-03-20 18:00:00,-12.442
2018-03-20 17:45:00,-1.792
2018-03-20 17:30:00,-0.918
2018-03-20 17:15:00,-0.926
2018-03-20 17:00:00,-0.924
2018-03-20 16:45:00,-0.92
2018-03-20 16:30:00,-0.919
2018-03-20 16:15:00,-0.921
2018-03-20 16:00:00,-0.92
2018-03-20 15:45:00,-0.928
2018-03-20 15:30:00,-0.926
2018-03-20 15:15:00,-0.927
2018-03-20 15:00:00,-0.925
2018-03-20 14:45:00,-0.924
2018-03-20 14:30:00,-0.923
2018-03-20 14:15:00,-0.922
2018-03-20 14:00:00,-0.918
2018-03-20 13:45:00,-0.917
2018-03-20 13:30:00,-1.912
2018-03-20 13:15:00,-0.919
2018-03-20 13:00:00,-0.919
2018-03-20 12:45:00,-0.917
2018-03-20 12:30:00,-0.918
2018-03-20 12:15:00,-0.915
2018-03-20 12:00:00,43.74
2018-03-20 11:45:00,160.838
2018-03-20 11:30:00,156.742
2018-03-20 11:15:00,137.61
2018-03-20 11:00:00,146.254
2018-03-20 10:45:00,131.937
2018-03-20 10:30:00,122.617
2018-03-20 10:15:00,116.019
2018-03-20 10:00:00,111.157
2018-03-20 09:45:00,64.981
2018-03-20 09:30:00,78.469
2018-03-20 09:15:00,76.088
2018-03-20 09:00:00,53.603
2018-03-20 08:45:00,40.109
2018-03-20 08:30:00,35.186
2018-03-20 08:15:00,13.445
2018-03-20 08:00:00,-3.393
2018-03-20 07:45:00,-13.391
2018-03-20 07:30:00,-28.711
2018-03-20 07:15:00,-24.865
2018-03-20 07:00:00,-14.556
2018-03-20 06:45:00,-10.35
2018-03-20 06:30:00,-17.376
2018-03-20 06:15:00,-12.823
2018-03-20 06:00:00,-24.782
2018-03-20 05:45:00,-28.235
2018-03-20 05:30:00,-31.883
2018-03-20 05:15:00,-33.916
2018-03-20 05:00:00,-21.095
2018-03-20 04:45:00,-21.261
2018-03-20 04:30:00,-9.274
2018-03-20 04:15:00,-9.621
2018-03-20 04:00:00,-9.66
2018-03-20 03:45:00,-9.026
2018-03-20 03:30:00,-11.51
2018-03-20 03:15:00,-12.55
2018-03-20 03:00:00,-19.473
2018-03-20 02:45:00,-17.01
2018-03-20 02:30:00,-18.963
2018-03-20 02:15:00,-16.771
2018-03-20 02:00:00,-18.811
2018-03-20 01:45:00,-17.894
2018-03-20 01:30:00,-18.123
2018-03-20 01:15:00,-17.788
2018-03-20 01:00:00,-18.571
2018-03-20 00:45:00,-19.796
2018-03-20 00:30:00,-18.073
2018-03-20 00:15:00,-19.342
2018-03-20 00:00:00,-19.05
2018-03-19 23:45:00,-21.266
2018-03-19 23:30:00,-20.624
2018-03-19 23:15:00,-20.571
2018-03-19 23:00:00,-21.013
2018-03-19 22:45:00,-20.616
2018-03-19 22:30:00,-22.435
2018-03-19 22:15:00,-20.846
2018-03-19 22:00:00,-23.509
2018-03-19 21:45:00,-21.104
2018-03-19 21:30:00,-22.353
2018-03-19 21:15:00,-22.556
2018-03-19 21:00:00,-22.94
2018-03-19 20:45:00,-24.917
2018-03-19 20:30:00,-26.394
2018-03-19 20:15:00,-28.15
2018-03-19 20:00:00,-33.373
2018-03-19 19:45:00,-32.34
2018-03-19 19:30:00,-34.17
2018-03-19 19:15:00,-33.745
2018-03-19 19:00:00,-38.883
2018-03-19 18:45:00,-50.419
2018-03-19 18:30:00,-47.027
2018-03-19 18:15:00,-32.447
2018-03-19 18:00:00,-13.703
2018-03-19 17:45:00,-0.93
2018-03-19 17:30:00,-0.928
2018-03-19 17:15:00,-0.939
2018-03-19 17:00:00,-0.936
2018-03-19 16:45:00,-0.935
2018-03-19 16:30:00,-0.936
2018-03-19 16:15:00,-0.94
2018-03-19 16:00:00,-0.938
2018-03-19 15:45:00,-0.937
2018-03-19 15:30:00,-0.933
2018-03-19 15:15:00,-0.935
2018-03-19 15:00:00,-0.934
2018-03-19 14:45:00,-0.936
2018-03-19 14:30:00,-0.934
2018-03-19 14:15:00,-0.935
2018-03-19 14:00:00,-0.933
2018-03-19 13:45:00,-0.933
2018-03-19 13:30:00,-0.934
2018-03-19 13:15:00,-0.936
2018-03-19 13:00:00,-0.937
2018-03-19 12:45:00,-0.935
2018-03-19 12:30:00,-0.927
2018-03-19 12:15:00,53.409
2018-03-19 12:00:00,175.3
2018-03-19 11:45:00,171.448
2018-03-19 11:30:00,166.827
2018-03-19 11:15:00,160.977
2018-03-19 11:00:00,156.21
2018-03-19 10:45:00,138.948
2018-03-19 10:30:00,144.823
2018-03-19 10:15:00,86.884
2018-03-19 10:00:00,96.442
2018-03-19 09:45:00,99.893
2018-03-19 09:30:00,77.301
2018-03-19 09:15:00,61.309
2018-03-19 09:00:00,25.467
2018-03-19 08:45:00,-2.044
2018-03-19 08:30:00,-2.035
2018-03-19 08:15:00,-1.619
2018-03-19 08:00:00,-9.173
2018-03-19 07:45:00,-6.67
2018-03-19 07:30:00,-27.612
2018-03-19 07:15:00,-37.199
2018-03-19 07:00:00,-30.951
2018-03-19 06:45:00,-35.602
2018-03-19 06:30:00,-37.963
2018-03-19 06:15:00,-42.873
2018-03-19 06:00:00,-32.266
2018-03-19 05:45:00,-27.101
2018-03-19 05:30:00,-24.668
2018-03-19 05:15:00,-23.107
2018-03-19 05:00:00,-23.091
2018-03-19 04:45:00,-24.165
2018-03-19 04:30:00,-23.821
2018-03-19 04:15:00,-25.473
2018-03-19 04:00:00,-24.042
2018-03-19 03:45:00,-23.429
2018-03-19 03:30:00,-23.214
2018-03-19 03:15:00,-14.238
2018-03-19 03:00:00,-4.376
2018-03-19 02:45:00,-5.225
2018-03-19 02:30:00,-3.983
2018-03-19 02:15:00,-5.43
2018-03-19 02:00:00,-23.657
2018-03-19 01:45:00,-27.896
2018-03-19 01:30:00,-26.88
2018-03-19 01:15:00,-31.598
2018-03-19 01:00:00,-34.987
2018-03-19 00:45:00,-27.922
2018-03-19 00:30:00,-16.458
2018-03-19 00:15:00,-18.081
2018-03-19 00:00:00,-16.707
2018-03-18 23:45:00,-18.347
2018-03-18 23:30:00,-17.635
2018-03-18 23:15:00,-20.044
2018-03-18 23:00:00,-42.024
2018-03-18 22:45:00,-37.71
2018-03-18 22:30:00,-25.322
2018-03-18 22:15:00,-25.682
2018-03-18 22:00:00,-26.124
2018-03-18 21:45:00,-25.152
2018-03-18 21:30:00,-26.105
2018-03-18 21:15:00,-26.224
2018-03-18 21:00:00,-26.579
2018-03-18 20:45:00,-25.616
2018-03-18 20:30:00,-26.677
2018-03-18 20:15:00,-27.672
2018-03-18 20:00:00,-27.758
2018-03-18 19:45:00,-26.571
2018-03-18 19:30:00,-27.671
2018-03-18 19:15:00,-28.022
2018-03-18 19:00:00,-30.636
2018-03-18 18:45:00,-28.284
2018-03-18 18:30:00,-14.015
2018-03-18 18:15:00,-5.757
2018-03-18 18:00:00,-1.357
2018-03-18 17:45:00,-0.922
2018-03-18 17:30:00,-0.921
2018-03-18 17:15:00,-0.922
2018-03-18 17:00:00,-0.916
2018-03-18 16:45:00,-0.914
2018-03-18 16:30:00,-0.913
2018-03-18 16:15:00,-0.915
2018-03-18 16:00:00,-0.912
2018-03-18 15:45:00,-0.911
2018-03-18 15:30:00,-0.911
2018-03-18 15:15:00,-0.913
2018-03-18 15:00:00,-0.916
2018-03-18 14:45:00,-0.916
2018-03-18 14:30:00,-0.916
2018-03-18 14:15:00,-0.917
2018-03-18 14:00:00,-0.916
2018-03-18 13:45:00,-0.918
2018-03-18 13:30:00,-0.918
2018-03-18 13:15:00,-0.919
2018-03-18 13:00:00,-0.918
2018-03-18 12:45:00,-0.919
2018-03-18 12:30:00,-0.918
2018-03-18 12:15:00,-0.919
2018-03-18 12:00:00,-0.924
2018-03-18 11:45:00,-0.923
2018-03-18 11:30:00,-1.719
2018-03-18 11:15:00,47.325
2018-03-18 11:00:00,181.216
2018-03-18 10:45:00,179.73
2018-03-18 10:30:00,166.035
2018-03-18 10:15:00,166.259
2018-03-18 10:00:00,139.272
2018-03-18 09:45:00,126.695
2018-03-18 09:30:00,127.697
2018-03-18 09:15:00,119.471
2018-03-18 09:00:00,96.844
2018-03-18 08:45:00,82.238
2018-03-18 08:30:00,55.106
2018-03-18 08:15:00,40.603
2018-03-18 08:00:00,21.378
2018-03-18 07:45:00,3.464
2018-03-18 07:30:00,-3.194
2018-03-18 07:15:00,-7.434
2018-03-18 07:00:00,-12.158
2018-03-18 06:45:00,-20.1
2018-03-18 06:30:00,-25.64
2018-03-18 06:15:00,-27.796
2018-03-18 06:00:00,-15.966
2018-03-18 05:45:00,-10.367
2018-03-18 05:30:00,-8.681
2018-03-18 05:15:00,-21.05
2018-03-18 05:00:00,-27.354
2018-03-18 04:45:00,-29.709
2018-03-18 04:30:00,-30.289
2018-03-18 04:15:00,-32.305
2018-03-18 04:00:00,-32.193
2018-03-18 03:45:00,-18.103
2018-03-18 03:30:00,-14.146
2018-03-18 03:15:00,-13.744
2018-03-18 03:00:00,-15.079
2018-03-18 02:45:00,-18.178
2018-03-18 02:30:00,-31.228
2018-03-18 02:15:00,-31.507
2018-03-18 02:00:00,-32.023
2018-03-18 01:45:00,-36.387
2018-03-18 01:30:00,-37.366
2018-03-18 01:15:00,-39.443
2018-03-18 01:00:00,-31.033
2018-03-18 00:45:00,-23.692
2018-03-18 00:30:00,-24.549
2018-03-18 00:15:00,-25.859
2018-03-18 00:00:00,-25.828
2018-03-17 23:45:00,-25.325
2018-03-17 23:30:00,-25.604
2018-03-17 23:15:00,-24.872
2018-03-17 23:00:00,-25.196
2018-03-17 22:45:00,-24.935
2018-03-17 22:30:00,-25.733
2018-03-17 22:15:00,-25.685
2018-03-17 22:00:00,-26.37
2018-03-17 21:45:00,-26.531
2018-03-17 21:30:00,-24.962
2018-03-17 21:15:00,-26.567
2018-03-17 21:00:00,-26.544
2018-03-17 20:45:00,-26.088
2018-03-17 20:30:00,-27.505
2018-03-17 20:15:00,-27.404
2018-03-17 20:00:00,-28.288
2018-03-17 19:45:00,-27.663
2018-03-17 19:30:00,-27.669
2018-03-17 19:15:00,-27.486
2018-03-17 19:00:00,-26.849
2018-03-17 18:45:00,-23.469
2018-03-17 18:30:00,-9.598
2018-03-17 18:15:00,-2.022
2018-03-17 18:00:00,-7.062
2018-03-17 17:45:00,-1.678
2018-03-17 17:30:00,-2.176
2018-03-17 17:15:00,-1.259
2018-03-17 17:00:00,-0.925
2018-03-17 16:45:00,-0.923
2018-03-17 16:30:00,-0.924
2018-03-17 16:15:00,-0.922
2018-03-17 16:00:00,-0.919
2018-03-17 15:45:00,-0.921
2018-03-17 15:30:00,-0.924
2018-03-17 15:15:00,-0.924
2018-03-17 15:00:00,-0.925
2018-03-17 14:45:00,-0.924
2018-03-17 14:30:00,-0.927
2018-03-17 14:15:00,-0.926
2018-03-17 14:00:00,-0.926
2018-03-17 13:45:00,-0.928
2018-03-17 13:30:00,-0.925
2018-03-17 13:15:00,-0.929
2018-03-17 13:00:00,-0.912
2018-03-17 12:45:00,55.591
2018-03-17 12:30:00,161.589
2018-03-17 12:15:00,140.82
2018-03-17 12:00:00,110.53
2018-03-17 11:45:00,173.928
2018-03-17 11:30:00,182.739
2018-03-17 11:15:00,102.893
2018-03-17 11:00:00,40.925
2018-03-17 10:45:00,51.167
2018-03-17 10:30:00,93.227
2018-03-17 10:15:00,87.994
2018-03-17 10:00:00,72.459
2018-03-17 09:45:00,72.087
2018-03-17 09:30:00,116.646
2018-03-17 09:15:00,29.056
2018-03-17 09:00:00,5.702
2018-03-17 08:45:00,13.336
2018-03-17 08:30:00,9.894
2018-03-17 08:15:00,5.488
2018-03-17 08:00:00,-0.066
2018-03-17 07:45:00,-4.834
2018-03-17 07:30:00,-6.071
2018-03-17 07:15:00,-8.914
2018-03-17 07:00:00,-7.471
2018-03-17 06:45:00,-1.04
2018-03-17 06:30:00,-1.375
2018-03-17 06:15:00,-7.722
2018-03-17 06:00:00,-18.706
2018-03-17 05:45:00,-21.248
2018-03-17 05:30:00,-18.661
2018-03-17 05:15:00,-4.419
2018-03-17 05:00:00,-1.81
2018-03-17 04:45:00,-2.758
2018-03-17 04:30:00,-2.993
2018-03-17 04:15:00,-24.085
2018-03-17 04:00:00,-25.422
2018-03-17 03:45:00,-28.827
2018-03-17 03:30:00,-30.18
2018-03-17 03:15:00,-36.266
2018-03-17 03:00:00,-26.781
2018-03-17 02:45:00,-23.342
2018-03-17 02:30:00,-24.195
2018-03-17 02:15:00,-24.091
2018-03-17 02:00:00,-24.701
2018-03-17 01:45:00,-24.331
2018-03-17 01:30:00,-25.602
2018-03-17 01:15:00,-25.045
2018-03-17 01:00:00,-23.466
2018-03-17 00:45:00,-25.449
2018-03-17 00:30:00,-24.744
2018-03-17 00:15:00,-25.451
2018-03-17 00:00:00,-25.101
2018-03-16 23:45:00,-25.738
2018-03-16 23:30:00,-24.39
2018-03-16 23:15:00,-26.456
2018-03-16 23:00:00,-26.354
2018-03-16 22:45:00,-27.13
2018-03-16 22:30:00,-25.944
2018-03-16 22:15:00,-27.518
2018-03-16 22:00:00,-26.338
2018-03-16 21:45:00,-27.283
2018-03-16 21:30:00,-28.605
2018-03-16 21:15:00,-26.941
2018-03-16 21:00:00,-29.316
2018-03-16 20:45:00,-27.483
2018-03-16 20:30:00,-29.549
2018-03-16 20:15:00,-30.369
2018-03-16 20:00:00,-35.21
2018-03-16 19:45:00,-34.87
2018-03-16 19:30:00,-33.465
2018-03-16 19:15:00,-37.651
2018-03-16 19:00:00,-36.655
2018-03-16 18:45:00,-33.467
2018-03-16 18:30:00,-15.242
2018-03-16 18:15:00,-2.147
2018-03-16 18:00:00,-1.168
2018-03-16 17:45:00,2.554
2018-03-16 17:30:00,-0.635
2018-03-16 17:15:00,-0.919
2018-03-16 17:00:00,-0.919
2018-03-16 16:45:00,0.818
2018-03-16 16:30:00,-1.044
2018-03-16 16:15:00,0.942
2018-03-16 16:00:00,0.686
2018-03-16 15:45:00,-0.927
2018-03-16 15:30:00,-1.128
2018-03-16 15:15:00,-0.926
2018-03-16 15:00:00,-0.937
2018-03-16 14:45:00,-0.937
2018-03-16 14:30:00,-0.935
2018-03-16 14:15:00,-0.932
2018-03-16 14:00:00,-0.932
2018-03-16 13:45:00,-0.932
2018-03-16 13:30:00,-0.931
2018-03-16 13:15:00,0.654
2018-03-16 13:00:00,-0.922
2018-03-16 12:45:00,-0.922
2018-03-16 12:30:00,-0.921
2018-03-16 12:15:00,-0.175
2018-03-16 12:00:00,-0.926
2018-03-16 11:45:00,-0.926
2018-03-16 11:30:00,0.106
2018-03-16 11:15:00,-0.56
2018-03-16 11:00:00,-0.922
2018-03-16 10:45:00,0.254
2018-03-16 10:30:00,1.79
2018-03-16 10:15:00,4.52
2018-03-16 10:00:00,32.028
2018-03-16 09:45:00,44.852
2018-03-16 09:30:00,53.29
2018-03-16 09:15:00,27.25
2018-03-16 09:00:00,42.055
2018-03-16 08:45:00,21.448
2018-03-16 08:30:00,-2.925
2018-03-16 08:15:00,-2.917
2018-03-16 08:00:00,-16.941
2018-03-16 07:45:00,-18.968
2018-03-16 07:30:00,-33.484
2018-03-16 07:15:00,-26.09
2018-03-16 07:00:00,-14.843
2018-03-16 06:45:00,-14.583
2018-03-16 06:30:00,-13.609
2018-03-16 06:15:00,-13.188
2018-03-16 06:00:00,-8.207
2018-03-16 05:45:00,-2.108
2018-03-16 05:30:00,-4.048
2018-03-16 05:15:00,-9.782
2018-03-16 05:00:00,-2.563
2018-03-16 04:45:00,-0.913
2018-03-16 04:30:00,-0.915
2018-03-16 04:15:00,-0.905
2018-03-16 04:00:00,-0.909
2018-03-16 03:45:00,-0.935
2018-03-16 03:30:00,1.086
2018-03-16 03:15:00,1.364
2018-03-16 03:00:00,0.147
2018-03-16 02:45:00,3.911
2018-03-16 02:30:00,-0.908
2018-03-16 02:15:00,-0.908
2018-03-16 02:00:00,-0.908
2018-03-16 01:45:00,-1.372
2018-03-16 01:30:00,-1.21
2018-03-16 01:15:00,-0.919
2018-03-16 01:00:00,-0.919
2018-03-16 00:45:00,-0.919
2018-03-16 00:30:00,-0.925
2018-03-16 00:15:00,-0.923
2018-03-16 00:00:00,-0.918
2018-03-15 23:45:00,-0.924
2018-03-15 23:30:00,-0.921
2018-03-15 23:15:00,-0.441
2018-03-15 23:00:00,1.932
2018-03-15 22:45:00,-0.917
2018-03-15 22:30:00,-0.923
2018-03-15 22:15:00,0.076
2018-03-15 22:00:00,0.423
2018-03-15 21:45:00,-0.929
2018-03-15 21:30:00,-0.927
2018-03-15 21:15:00,-0.927
2018-03-15 21:00:00,-0.564
2018-03-15 20:45:00,-0.643
2018-03-15 20:30:00,-0.919
2018-03-15 20:15:00,3.72
2018-03-15 20:00:00,-0.925
2018-03-15 19:45:00,-0.923
2018-03-15 19:30:00,-0.923
2018-03-15 19:15:00,-0.925
2018-03-15 19:00:00,-0.926
2018-03-15 18:45:00,-2.259
2018-03-15 18:30:00,-0.925
2018-03-15 18:15:00,-0.925
2018-03-15 18:00:00,-0.468
2018-03-15 17:45:00,-0.476
2018-03-15 17:30:00,-0.564
2018-03-15 17:15:00,-0.923
2018-03-15 17:00:00,-0.923
2018-03-15 16:45:00,-0.209
2018-03-15 16:30:00,-0.924
2018-03-15 16:15:00,-0.924
2018-03-15 16:00:00,-0.923
2018-03-15 15:45:00,0.229
2018-03-15 15:30:00,-0.531
2018-03-15 15:15:00,-0.926
2018-03-15 15:00:00,0.255
2018-03-15 14:45:00,-0.938
2018-03-15 14:30:00,-0.072
2018-03-15 14:15:00,0.428
2018-03-15 14:00:00,1.86
2018-03-15 13:45:00,3.346
2018-03-15 13:30:00,26.915
2018-03-15 13:15:00,147.117
2018-03-15 13:00:00,76.419
2018-03-15 12:45:00,116.217
2018-03-15 12:30:00,103.057
2018-03-15 12:15:00,142.175
2018-03-15 12:00:00,111.949
2018-03-15 11:45:00,122.019
2018-03-15 11:30:00,117.305
2018-03-15 11:15:00,65.634
2018-03-15 11:00:00,53.006
2018-03-15 10:45:00,87.736
2018-03-15 10:30:00,108.391
2018-03-15 10:15:00,74.981
2018-03-15 10:00:00,42.159
2018-03-15 09:45:00,42.774
2018-03-15 09:30:00,11.59
2018-03-15 09:15:00,28.67
2018-03-15 09:00:00,0.56
2018-03-15 08:45:00,-3.521
2018-03-15 08:30:00,-17.42
2018-03-15 08:15:00,-16.948
2018-03-15 08:00:00,-29.145
2018-03-15 07:45:00,-29.368
2018-03-15 07:30:00,-37.591
2018-03-15 07:15:00,-34.431
2018-03-15 07:00:00,-27.226
2018-03-15 06:45:00,-26.912
2018-03-15 06:30:00,-26.687
2018-03-15 06:15:00,-28.446
2018-03-15 06:00:00,-27.633
2018-03-15 05:45:00,-27.948
2018-03-15 05:30:00,-27.656
2018-03-15 05:15:00,-24.735
2018-03-15 05:00:00,-10.615
2018-03-15 04:45:00,-11.291
2018-03-15 04:30:00,-10.897
2018-03-15 04:15:00,-12.283
2018-03-15 04:00:00,-13.13
2018-03-15 03:45:00,-10.975
2018-03-15 03:30:00,-12.046
2018-03-15 03:15:00,-11.879
2018-03-15 03:00:00,-10.403
2018-03-15 02:45:00,-12.649
2018-03-15 02:30:00,-11.13
2018-03-15 02:15:00,-12.423
2018-03-15 02:00:00,-10.8
2018-03-15 01:45:00,-12.478
2018-03-15 01:30:00,-14.347
2018-03-15 01:15:00,-12.709
2018-03-15 01:00:00,-12.98
2018-03-15 00:45:00,-12.38
2018-03-15 00:30:00,-13.156
2018-03-15 00:15:00,-13.379
2018-03-15 00:00:00,-13.603
2018-03-14 23:45:00,-12.865
2018-03-14 23:30:00,-14.826
2018-03-14 23:15:00,-14.279
2018-03-14 23:00:00,-16.779
2018-03-14 22:45:00,-14.6
2018-03-14 22:30:00,-16.895
2018-03-14 22:15:00,-16.708
2018-03-14 22:00:00,-19.753
2018-03-14 21:45:00,-18.299
2018-03-14 21:30:00,-17.855
2018-03-14 21:15:00,-19.554
2018-03-14 21:00:00,-22.859
2018-03-14 20:45:00,-22.163
2018-03-14 20:30:00,-25.396
2018-03-14 20:15:00,-26.039
2018-03-14 20:00:00,-33.398
2018-03-14 19:45:00,-32.608
2018-03-14 19:30:00,-41.125
2018-03-14 19:15:00,-39.517
2018-03-14 19:00:00,-38.522
2018-03-14 18:45:00,-39.587
2018-03-14 18:30:00,-29.67
2018-03-14 18:15:00,-21.469
2018-03-14 18:00:00,-9.392
2018-03-14 17:45:00,-5.339
2018-03-14 17:30:00,-16.323
2018-03-14 17:15:00,-4.695
2018-03-14 17:00:00,-1.82
2018-03-14 16:45:00,-2.045
2018-03-14 16:30:00,-0.936
2018-03-14 16:15:00,-0.936
2018-03-14 16:00:00,-0.936
2018-03-14 15:45:00,-0.932
2018-03-14 15:30:00,-0.932
2018-03-14 15:15:00,-0.928
2018-03-14 15:00:00,-0.928
2018-03-14 14:45:00,-0.931
2018-03-14 14:30:00,-0.932
2018-03-14 14:15:00,-0.933
2018-03-14 14:00:00,-0.934
2018-03-14 13:45:00,-0.933
2018-03-14 13:30:00,-0.751
2018-03-14 13:15:00,163.257
2018-03-14 13:00:00,167.289
2018-03-14 12:45:00,143.814
2018-03-14 12:30:00,176.549
2018-03-14 12:15:00,122.703
2018-03-14 12:00:00,89.721
2018-03-14 11:45:00,72.816
2018-03-14 11:30:00,86.83
2018-03-14 11:15:00,122.916
2018-03-14 11:00:00,83.128
2018-03-14 10:45:00,11.119
2018-03-14 10:30:00,62.103
2018-03-14 10:15:00,47.924
2018-03-14 10:00:00,9.483
2018-03-14 09:45:00,-6.263
2018-03-14 09:30:00,3.528
2018-03-14 09:15:00,6.344
2018-03-14 09:00:00,-8.759
2018-03-14 08:45:00,-10.242
2018-03-14 08:30:00,-5.342
2018-03-14 08:15:00,-1.169
2018-03-14 08:00:00,-10.338
2018-03-14 07:45:00,-4.969
2018-03-14 07:30:00,-18.007
2018-03-14 07:15:00,-20.367
2018-03-14 07:00:00,-7.853
2018-03-14 06:45:00,-5.527
2018-03-14 06:30:00,-2.353
2018-03-14 06:15:00,-3.081
2018-03-14 06:00:00,-2.519
2018-03-14 05:45:00,-2.105
2018-03-14 05:30:00,-1.745
2018-03-14 05:15:00,-2.041
2018-03-14 05:00:00,-1.695
2018-03-14 04:45:00,-2.264
2018-03-14 04:30:00,-2.146
2018-03-14 04:15:00,-3.474
2018-03-14 04:00:00,-4.184
2018-03-14 03:45:00,-3.909
2018-03-14 03:30:00,-3.844
2018-03-14 03:15:00,-3.696
2018-03-14 03:00:00,-4.129
2018-03-14 02:45:00,-4.402
2018-03-14 02:30:00,-4.865
2018-03-14 02:15:00,-6.74
2018-03-14 02:00:00,-5.429
2018-03-14 01:45:00,-7.121
2018-03-14 01:30:00,-7.626
2018-03-14 01:15:00,-6.791
2018-03-14 01:00:00,-11.177
2018-03-14 00:45:00,-9.565
2018-03-14 00:30:00,-9.992
2018-03-14 00:15:00,-9.308
2018-03-14 00:00:00,-11.013
2018-03-13 23:45:00,-11.47
2018-03-13 23:30:00,-10.461
2018-03-13 23:15:00,-10.942
2018-03-13 23:00:00,-11.79
2018-03-13 22:45:00,-12.432
2018-03-13 22:30:00,-13.587
2018-03-13 22:15:00,-15.51
2018-03-13 22:00:00,-18.996
2018-03-13 21:45:00,-18.115
2018-03-13 21:30:00,-20.589
2018-03-13 21:15:00,-20.683
2018-03-13 21:00:00,-23.538
2018-03-13 20:45:00,-23.149
2018-03-13 20:30:00,-24.945
2018-03-13 20:15:00,-33.516
2018-03-13 20:00:00,-49.773
2018-03-13 19:45:00,-50.945
2018-03-13 19:30:00,-50.348
2018-03-13 19:15:00,-51.968
2018-03-13 19:00:00,-54.052
2018-03-13 18:45:00,-56.096
2018-03-13 18:30:00,-59.162
2018-03-13 18:15:00,-49.48
2018-03-13 18:00:00,-38.854
2018-03-13 17:45:00,-38.815
2018-03-13 17:30:00,-43.913
2018-03-13 17:15:00,-41.811
2018-03-13 17:00:00,-40.425
2018-03-13 16:45:00,-42.806
2018-03-13 16:30:00,-23.937
2018-03-13 16:15:00,-6.945
2018-03-13 16:00:00,-1.327
2018-03-13 15:45:00,-0.924
2018-03-13 15:30:00,-0.923
2018-03-13 15:15:00,-0.86
2018-03-13 15:00:00,118.551
2018-03-13 14:45:00,131.26
2018-03-13 14:30:00,141.221
2018-03-13 14:15:00,100.319
2018-03-13 14:00:00,110.676
2018-03-13 13:45:00,106.918
2018-03-13 13:30:00,108.907
2018-03-13 13:15:00,121.328
2018-03-13 13:00:00,98.07
2018-03-13 12:45:00,83.251
2018-03-13 12:30:00,104.945
2018-03-13 12:15:00,120.085
2018-03-13 12:00:00,83.259
2018-03-13 11:45:00,82.97
2018-03-13 11:30:00,75.598
2018-03-13 11:15:00,81.887
2018-03-13 11:00:00,20.471
2018-03-13 10:45:00,5.374
2018-03-13 10:30:00,-2.581
2018-03-13 10:15:00,-7.206
2018-03-13 10:00:00,-12.356
2018-03-13 09:45:00,-17.731
2018-03-13 09:30:00,-21.805
2018-03-13 09:15:00,-20.041
2018-03-13 09:00:00,-17.457
2018-03-13 08:45:00,-20.173
2018-03-13 08:30:00,-22.498
2018-03-13 08:15:00,-26.277
2018-03-13 08:00:00,-28.19
2018-03-13 07:45:00,-26.933
2018-03-13 07:30:00,-33.792
2018-03-13 07:15:00,-38.784
2018-03-13 07:00:00,-21.497
2018-03-13 06:45:00,-21.236
2018-03-13 06:30:00,-19.997
2018-03-13 06:15:00,-20.364
2018-03-13 06:00:00,-20.197
2018-03-13 05:45:00,-22.752
2018-03-13 05:30:00,-22.751
2018-03-13 05:15:00,-25.262
2018-03-13 05:00:00,-5.697
2018-03-13 04:45:00,-6.625
2018-03-13 04:30:00,-4.764
2018-03-13 04:15:00,-7.717
2018-03-13 04:00:00,-6.137
2018-03-13 03:45:00,-8.058
2018-03-13 03:30:00,-5.264
2018-03-13 03:15:00,-10.878
2018-03-13 03:00:00,-11.793
2018-03-13 02:45:00,-12.593
2018-03-13 02:30:00,-12.421
2018-03-13 02:15:00,-11.986
2018-03-13 02:00:00,-12.748
2018-03-13 01:45:00,-13.335
2018-03-13 01:30:00,-11.626
2018-03-13 01:15:00,-11.842
2018-03-13 01:00:00,-13.504
2018-03-13 00:45:00,-13.496
2018-03-13 00:30:00,-13.606
2018-03-13 00:15:00,-13.846
2018-03-13 00:00:00,-16.424
2018-03-12 23:45:00,-17.867
2018-03-12 23:30:00,-17.227
2018-03-12 23:15:00,-16.33
2018-03-12 23:00:00,-16.661
2018-03-12 22:45:00,-18.024
2018-03-12 22:30:00,-16.572
2018-03-12 22:15:00,-19.924
2018-03-12 22:00:00,-17.995
2018-03-12 21:45:00,-19.824
2018-03-12 21:30:00,-18.836
2018-03-12 21:15:00,-22.84
2018-03-12 21:00:00,-22.999
2018-03-12 20:45:00,-24.82
2018-03-12 20:30:00,-25.81
2018-03-12 20:15:00,-26.942
2018-03-12 20:00:00,-32.964
2018-03-12 19:45:00,-34.307
2018-03-12 19:30:00,-32.981
2018-03-12 19:15:00,-35.276
2018-03-12 19:00:00,-35.466
2018-03-12 18:45:00,-46.145
2018-03-12 18:30:00,-52.141
2018-03-12 18:15:00,-49.379
2018-03-12 18:00:00,-50.195
2018-03-12 17:45:00,-28.544
2018-03-12 17:30:00,-2.966
2018-03-12 17:15:00,-8.47
2018-03-12 17:00:00,-3.508
2018-03-12 16:45:00,-0.933
2018-03-12 16:30:00,-0.931
2018-03-12 16:15:00,-0.926
2018-03-12 16:00:00,-0.936
2018-03-12 15:45:00,-0.937
2018-03-12 15:30:00,-0.937
2018-03-12 15:15:00,-0.933
2018-03-12 15:00:00,-0.934
2018-03-12 14:45:00,-0.933
2018-03-12 14:30:00,-0.931
2018-03-12 14:15:00,-0.927
2018-03-12 14:00:00,-0.926
2018-03-12 13:45:00,-0.926
2018-03-12 13:30:00,-0.925
2018-03-12 13:15:00,-0.927
2018-03-12 13:00:00,5.671
2018-03-12 12:45:00,128.097
2018-03-12 12:30:00,130.06
2018-03-12 12:15:00,145.237
2018-03-12 12:00:00,131.837
2018-03-12 11:45:00,149.768
2018-03-12 11:30:00,141.732
2018-03-12 11:15:00,138.868
2018-03-12 11:00:00,141.767
2018-03-12 10:45:00,127.967
2018-03-12 10:30:00,130.186
2018-03-12 10:15:00,117.564
2018-03-12 10:00:00,83.818
2018-03-12 09:45:00,43.919
2018-03-12 09:30:00,5.064
2018-03-12 09:15:00,-2.004
2018-03-12 09:00:00,-9.217
2018-03-12 08:45:00,-15.62
2018-03-12 08:30:00,-16.082
2018-03-12 08:15:00,-20.892
2018-03-12 08:00:00,-24.654
2018-03-12 07:45:00,-31.522
2018-03-12 07:30:00,-32.204
2018-03-12 07:15:00,-39.072
2018-03-12 07:00:00,-33.866
2018-03-12 06:45:00,-25.23
2018-03-12 06:30:00,-27.917
2018-03-12 06:15:00,-24.97
2018-03-12 06:00:00,-29.066
2018-03-12 05:45:00,-27.956
2018-03-12 05:30:00,-31.499
2018-03-12 05:15:00,-23.082
2018-03-12 05:00:00,-12.463
2018-03-12 04:45:00,-10.789
2018-03-12 04:30:00,-12.565
2018-03-12 04:15:00,-11.329
2018-03-12 04:00:00,-11.531
2018-03-12 03:45:00,-11.036
2018-03-12 03:30:00,-11.618
2018-03-12 03:15:00,-11.546
2018-03-12 03:00:00,-10.876
2018-03-12 02:45:00,-12.208
2018-03-12 02:30:00,-10.967
2018-03-12 02:15:00,-11.493
2018-03-12 02:00:00,-11.854
2018-03-12 01:45:00,-13.112
2018-03-12 01:30:00,-11.963
2018-03-12 01:15:00,-11.202
2018-03-12 01:00:00,-12.886
2018-03-12 00:45:00,-12.17
2018-03-12 00:30:00,-13.01
2018-03-12 00:15:00,-11.426
2018-03-12 00:00:00,-13.094
2018-03-11 23:45:00,-12.09
2018-03-11 23:30:00,-13.073
2018-03-11 23:15:00,-17.463
2018-03-11 23:00:00,-39.099
2018-03-11 22:45:00,-31.003
2018-03-11 22:30:00,-24.038
2018-03-11 22:15:00,-23.95
2018-03-11 22:00:00,-23.703
2018-03-11 21:45:00,-24.114
2018-03-11 21:30:00,-24.013
2018-03-11 21:15:00,-24.218
2018-03-11 21:00:00,-25.237
2018-03-11 20:45:00,-25.086
2018-03-11 20:30:00,-24.974
2018-03-11 20:15:00,-25.109
2018-03-11 20:00:00,-25.36
2018-03-11 19:45:00,-27.34
2018-03-11 19:30:00,-31.15
2018-03-11 19:15:00,-32.395
2018-03-11 19:00:00,-36.669
2018-03-11 18:45:00,-36.045
2018-03-11 18:30:00,-26.771
2018-03-11 18:15:00,-20.75
2018-03-11 18:00:00,-9.403
2018-03-11 17:45:00,-1.518
2018-03-11 17:30:00,-1.187
2018-03-11 17:15:00,-0.916
2018-03-11 17:00:00,1.51
2018-03-11 16:45:00,0.104
2018-03-11 16:30:00,-0.912
2018-03-11 16:15:00,-0.914
2018-03-11 16:00:00,-0.269
2018-03-11 15:45:00,-0.92
2018-03-11 15:30:00,-0.918
2018-03-11 15:15:00,0.553
2018-03-11 15:00:00,1.758
2018-03-11 14:45:00,-1.022
2018-03-11 14:30:00,-0.034
2018-03-11 14:15:00,-0.919
2018-03-11 14:00:00,-1.058
2018-03-11 13:45:00,2.924
2018-03-11 13:30:00,-0.914
2018-03-11 13:15:00,0.915
2018-03-11 13:00:00,1.376
2018-03-11 12:45:00,1.921
2018-03-11 12:30:00,3.51
2018-03-11 12:15:00,8.132
2018-03-11 12:00:00,30.026
2018-03-11 11:45:00,149.768
2018-03-11 11:30:00,196.811
2018-03-11 11:15:00,176.141
2018-03-11 11:00:00,132.36
2018-03-11 10:45:00,92.86
2018-03-11 10:30:00,69.512
2018-03-11 10:15:00,39.96
2018-03-11 10:00:00,20.328
2018-03-11 09:45:00,30.711
2018-03-11 09:30:00,28.175
2018-03-11 09:15:00,9.186
2018-03-11 09:00:00,9.795
2018-03-11 08:45:00,18.509
2018-03-11 08:30:00,12.089
2018-03-11 08:15:00,7.499
2018-03-11 08:00:00,3.692
2018-03-11 07:45:00,-1.394
2018-03-11 07:30:00,-1.565
2018-03-11 07:15:00,-3.922
2018-03-11 07:00:00,-12.601
2018-03-11 06:45:00,-10.113
2018-03-11 06:30:00,-1.707
2018-03-11 06:15:00,-1.939
2018-03-11 06:00:00,-1.703
2018-03-11 05:45:00,-1.795
2018-03-11 05:30:00,-1.63
2018-03-11 05:15:00,-1.747
2018-03-11 05:00:00,-1.749
2018-03-11 04:45:00,-11.948
2018-03-11 04:30:00,-13.645
2018-03-11 04:15:00,-3.644
2018-03-11 04:00:00,-1.769
2018-03-11 03:45:00,-2.034
2018-03-11 03:30:00,-1.873
2018-03-11 03:15:00,-2.142
2018-03-11 03:00:00,-1.659
2018-03-11 02:45:00,-12.208
2018-03-11 02:30:00,-10.967
2018-03-11 02:15:00,-11.493
2018-03-11 02:00:00,-11.854
2018-03-11 01:45:00,-2.076
2018-03-11 01:30:00,-1.713
2018-03-11 01:15:00,-11.601
2018-03-11 01:00:00,-14.603
2018-03-11 00:45:00,-7.433
2018-03-11 00:30:00,-1.942
2018-03-11 00:15:00,-1.776
2018-03-11 00:00:00,-1.859
2018-03-10 23:45:00,-1.654
2018-03-10 23:30:00,-1.941
2018-03-10 23:15:00,-1.869
2018-03-10 23:00:00,-1.921
2018-03-10 22:45:00,-1.899
2018-03-10 22:30:00,-1.975
2018-03-10 22:15:00,-1.484
2018-03-10 22:00:00,-12.941
2018-03-10 21:45:00,-15.535
2018-03-10 21:30:00,-11.737
2018-03-10 21:15:00,-1.717
2018-03-10 21:00:00,-1.972
2018-03-10 20:45:00,-1.735
2018-03-10 20:30:00,-1.377
2018-03-10 20:15:00,-1.9
2018-03-10 20:00:00,-1.404
2018-03-10 19:45:00,-1.594
2018-03-10 19:30:00,-0.927
2018-03-10 19:15:00,-1.979
2018-03-10 19:00:00,-1.923
2018-03-10 18:45:00,-1.112
2018-03-10 18:30:00,-1.45
2018-03-10 18:15:00,-1.619
2018-03-10 18:00:00,-1.899
2018-03-10 17:45:00,-2.122
2018-03-10 17:30:00,-1.858
2018-03-10 17:15:00,-2.005
2018-03-10 17:00:00,-1.831
2018-03-10 16:45:00,3.442
2018-03-10 16:30:00,5.62
2018-03-10 16:15:00,6.858
2018-03-10 16:00:00,9.832
2018-03-10 15:45:00,11.519
2018-03-10 15:30:00,14.23
2018-03-10 15:15:00,7.108
2018-03-10 15:00:00,6.658
2018-03-10 14:45:00,22.897
2018-03-10 14:30:00,24.041
2018-03-10 14:15:00,21.64
2018-03-10 14:00:00,7.945
2018-03-10 13:45:00,10.663
2018-03-10 13:30:00,18.656
2018-03-10 13:15:00,27.826
2018-03-10 13:00:00,26.955
2018-03-10 12:45:00,31.867
2018-03-10 12:30:00,27.277
2018-03-10 12:15:00,22.139
2018-03-10 12:00:00,37.838
2018-03-10 11:45:00,45.582
2018-03-10 11:30:00,36.028
2018-03-10 11:15:00,29.859
2018-03-10 11:00:00,29.485
2018-03-10 10:45:00,33.654
2018-03-10 10:30:00,31.628
2018-03-10 10:15:00,32.32
2018-03-10 10:00:00,31.513
2018-03-10 09:45:00,18.451
2018-03-10 09:30:00,28.281
2018-03-10 09:15:00,17.568
2018-03-10 09:00:00,18.765
2018-03-10 08:45:00,20.838
2018-03-10 08:30:00,3.326
2018-03-10 08:15:00,-1.348
2018-03-10 08:00:00,-1.203
2018-03-10 07:45:00,-1.899
2018-03-10 07:30:00,-2.63
2018-03-10 07:15:00,-3.723
2018-03-10 07:00:00,-4.39
2018-03-10 06:45:00,-18.396
2018-03-10 06:30:00,-5.851
2018-03-10 06:15:00,-5.251
2018-03-10 06:00:00,-11.216
2018-03-10 05:45:00,-14.915
2018-03-10 05:30:00,-13.857
2018-03-10 05:15:00,-14.55
2018-03-10 05:00:00,-14.612
2018-03-10 04:45:00,-15.833
2018-03-10 04:30:00,-13.636
2018-03-10 04:15:00,-15.943
2018-03-10 04:00:00,-13.0
2018-03-10 03:45:00,-16.124
2018-03-10 03:30:00,-14.723
2018-03-10 03:15:00,-16.851
2018-03-10 03:00:00,-14.614
2018-03-10 02:45:00,-17.547
2018-03-10 02:30:00,-15.575
2018-03-10 02:15:00,-18.04
2018-03-10 02:00:00,-16.07
2018-03-10 01:45:00,-16.218
2018-03-10 01:30:00,-16.608
2018-03-10 01:15:00,-15.069
2018-03-10 01:00:00,-17.536
2018-03-10 00:45:00,-15.705
2018-03-10 00:30:00,-21.001
2018-03-10 00:15:00,-19.988
2018-03-10 00:00:00,-21.687
2018-03-09 23:45:00,-21.064
2018-03-09 23:30:00,-21.577
2018-03-09 23:15:00,-22.595
2018-03-09 23:00:00,-22.369
2018-03-09 22:45:00,-23.037
2018-03-09 22:30:00,-22.389
2018-03-09 22:15:00,-22.454
2018-03-09 22:00:00,-23.377
2018-03-09 21:45:00,-24.003
2018-03-09 21:30:00,-24.001
2018-03-09 21:15:00,-25.634
2018-03-09 21:00:00,-25.739
2018-03-09 20:45:00,-26.143
2018-03-09 20:30:00,-26.914
2018-03-09 20:15:00,-29.612
2018-03-09 20:00:00,-34.17
2018-03-09 19:45:00,-34.537
2018-03-09 19:30:00,-33.656
2018-03-09 19:15:00,-35.024
2018-03-09 19:00:00,-33.914
2018-03-09 18:45:00,-35.322
2018-03-09 18:30:00,-34.262
2018-03-09 18:15:00,-36.092
2018-03-09 18:00:00,-35.465
2018-03-09 17:45:00,-36.705
2018-03-09 17:30:00,-34.601
2018-03-09 17:15:00,-30.874
2018-03-09 17:00:00,-25.231
2018-03-09 16:45:00,-11.49
2018-03-09 16:30:00,-10.759
2018-03-09 16:15:00,-17.343
2018-03-09 16:00:00,-21.485
2018-03-09 15:45:00,-22.536
2018-03-09 15:30:00,-1.264
2018-03-09 15:15:00,-0.923
2018-03-09 15:00:00,-0.921
2018-03-09 14:45:00,-0.926
2018-03-09 14:30:00,-0.926
2018-03-09 14:15:00,-0.92
2018-03-09 14:00:00,-0.92
2018-03-09 13:45:00,-0.92
2018-03-09 13:30:00,-0.917
2018-03-09 13:15:00,-0.915
2018-03-09 13:00:00,-0.919
2018-03-09 12:45:00,-0.919
2018-03-09 12:30:00,-0.92
2018-03-09 12:15:00,-0.918
2018-03-09 12:00:00,-0.915
2018-03-09 11:45:00,-0.878
2018-03-09 11:30:00,102.681
2018-03-09 11:15:00,147.299
2018-03-09 11:00:00,163.311
2018-03-09 10:45:00,156.207
2018-03-09 10:30:00,150.182
2018-03-09 10:15:00,133.273
2018-03-09 10:00:00,132.321
2018-03-09 09:45:00,118.912
2018-03-09 09:30:00,101.894
2018-03-09 09:15:00,103.297
2018-03-09 09:00:00,80.981
2018-03-09 08:45:00,65.128
2018-03-09 08:30:00,48.045
2018-03-09 08:15:00,38.967
2018-03-09 08:00:00,29.093
2018-03-09 07:45:00,27.727
2018-03-09 07:30:00,11.062
2018-03-09 07:15:00,-1.094
2018-03-09 07:00:00,-4.64
2018-03-09 06:45:00,-2.47
2018-03-09 06:30:00,-1.383
2018-03-09 06:15:00,-1.509
2018-03-09 06:00:00,-1.706
2018-03-09 05:45:00,-1.66
2018-03-09 05:30:00,-19.139
2018-03-09 05:15:00,-28.609
2018-03-09 05:00:00,-18.172
2018-03-09 04:45:00,-24.464
2018-03-09 04:30:00,-26.757
2018-03-09 04:15:00,-15.041
2018-03-09 04:00:00,-16.309
2018-03-09 03:45:00,-16.517
2018-03-09 03:30:00,-14.967
2018-03-09 03:15:00,-15.15
2018-03-09 03:00:00,-16.051
2018-03-09 02:45:00,-14.574
2018-03-09 02:30:00,-15.6
2018-03-09 02:15:00,-15.411
2018-03-09 02:00:00,-16.303
2018-03-09 01:45:00,-14.581
2018-03-09 01:30:00,-17.074
2018-03-09 01:15:00,-14.758
2018-03-09 01:00:00,-16.815
2018-03-09 00:45:00,-15.889
2018-03-09 00:30:00,-17.103
2018-03-09 00:15:00,-15.032
2018-03-09 00:00:00,-17.103
2018-03-08 23:45:00,-16.44
2018-03-08 23:30:00,-18.555
2018-03-08 23:15:00,-16.845
2018-03-08 23:00:00,-21.627
2018-03-08 22:45:00,-21.052
2018-03-08 22:30:00,-21.586
2018-03-08 22:15:00,-22.024
2018-03-08 22:00:00,-22.318
2018-03-08 21:45:00,-24.122
2018-03-08 21:30:00,-23.522
2018-03-08 21:15:00,-25.149
2018-03-08 21:00:00,-23.769
2018-03-08 20:45:00,-24.366
2018-03-08 20:30:00,-23.986
2018-03-08 20:15:00,-28.6
2018-03-08 20:00:00,-34.722
2018-03-08 19:45:00,-35.451
2018-03-08 19:30:00,-35.282
2018-03-08 19:15:00,-36.327
2018-03-08 19:00:00,-37.076
2018-03-08 18:45:00,-37.058
2018-03-08 18:30:00,-38.437
2018-03-08 18:15:00,-42.592
2018-03-08 18:00:00,-42.747
2018-03-08 17:45:00,-42.3
2018-03-08 17:30:00,-35.858
2018-03-08 17:15:00,-29.787
2018-03-08 17:00:00,-22.797
2018-03-08 16:45:00,-11.479
2018-03-08 16:30:00,-18.265
2018-03-08 16:15:00,-19.95
2018-03-08 16:00:00,-20.252
2018-03-08 15:45:00,-3.738
2018-03-08 15:30:00,-0.928
2018-03-08 15:15:00,-0.925
2018-03-08 15:00:00,-0.922
2018-03-08 14:45:00,-0.926
2018-03-08 14:30:00,-0.932
2018-03-08 14:15:00,-0.927
2018-03-08 14:00:00,-0.925
2018-03-08 13:45:00,-0.926
2018-03-08 13:30:00,-0.924
2018-03-08 13:15:00,-0.923
2018-03-08 13:00:00,-0.922
2018-03-08 12:45:00,-0.922
2018-03-08 12:30:00,-0.924
2018-03-08 12:15:00,-0.852
2018-03-08 12:00:00,100.802
2018-03-08 11:45:00,96.416
2018-03-08 11:30:00,106.934
2018-03-08 11:15:00,107.73
2018-03-08 11:00:00,104.213
2018-03-08 10:45:00,87.838
2018-03-08 10:30:00,71.324
2018-03-08 10:15:00,72.562
2018-03-08 10:00:00,73.835
2018-03-08 09:45:00,64.124
2018-03-08 09:30:00,121.377
2018-03-08 09:15:00,114.792
2018-03-08 09:00:00,76.903
2018-03-08 08:45:00,74.439
2018-03-08 08:30:00,41.669
2018-03-08 08:15:00,65.262
2018-03-08 08:00:00,30.399
2018-03-08 07:45:00,-16.959
2018-03-08 07:30:00,-10.485
2018-03-08 07:15:00,-7.399
2018-03-08 07:00:00,-1.219
2018-03-08 06:45:00,-0.92
2018-03-08 06:30:00,-1.244
2018-03-08 06:15:00,-13.313
2018-03-08 06:00:00,-23.926
2018-03-08 05:45:00,-28.601
2018-03-08 05:30:00,-32.882
2018-03-08 05:15:00,-33.637
2018-03-08 05:00:00,-7.084
2018-03-08 04:45:00,-7.09
2018-03-08 04:30:00,-8.137
2018-03-08 04:15:00,-8.13
2018-03-08 04:00:00,-6.548
2018-03-08 03:45:00,-7.407
2018-03-08 03:30:00,-7.987
2018-03-08 03:15:00,-11.737
2018-03-08 03:00:00,-12.591
2018-03-08 02:45:00,-12.439
2018-03-08 02:30:00,-12.653
2018-03-08 02:15:00,-10.255
2018-03-08 02:00:00,-13.141
2018-03-08 01:45:00,-13.946
2018-03-08 01:30:00,-14.355
2018-03-08 01:15:00,-14.187
2018-03-08 01:00:00,-14.951
2018-03-08 00:45:00,-15.428
2018-03-08 00:30:00,-17.058
2018-03-08 00:15:00,-16.434
2018-03-08 00:00:00,-15.705
2018-03-07 23:45:00,-15.119
2018-03-07 23:30:00,-17.556
2018-03-07 23:15:00,-16.683
2018-03-07 23:00:00,-17.385
2018-03-07 22:45:00,-17.83
2018-03-07 22:30:00,-18.096
2018-03-07 22:15:00,-18.352
2018-03-07 22:00:00,-18.944
2018-03-07 21:45:00,-19.733
2018-03-07 21:30:00,-19.83
2018-03-07 21:15:00,-21.29
2018-03-07 21:00:00,-21.856
2018-03-07 20:45:00,-21.383
2018-03-07 20:30:00,-19.693
2018-03-07 20:15:00,-28.243
2018-03-07 20:00:00,-31.883
2018-03-07 19:45:00,-31.57
2018-03-07 19:30:00,-32.853
2018-03-07 19:15:00,-32.534
2018-03-07 19:00:00,-33.181
2018-03-07 18:45:00,-32.571
2018-03-07 18:30:00,-33.347
2018-03-07 18:15:00,-33.784
2018-03-07 18:00:00,-34.756
2018-03-07 17:45:00,-42.646
2018-03-07 17:30:00,-49.707
2018-03-07 17:15:00,-40.735
2018-03-07 17:00:00,-32.346
2018-03-07 16:45:00,-13.815
2018-03-07 16:30:00,-4.805
2018-03-07 16:15:00,-1.636
2018-03-07 16:00:00,-0.925
2018-03-07 15:45:00,-0.933
2018-03-07 15:30:00,-0.93
2018-03-07 15:15:00,-0.928
2018-03-07 15:00:00,-0.931
2018-03-07 14:45:00,-0.93
2018-03-07 14:30:00,-0.928
2018-03-07 14:15:00,-0.93
2018-03-07 14:00:00,-0.928
2018-03-07 13:45:00,-0.929
2018-03-07 13:30:00,-0.929
2018-03-07 13:15:00,-0.928
2018-03-07 13:00:00,-0.925
2018-03-07 12:45:00,-0.92
2018-03-07 12:30:00,-0.918
2018-03-07 12:15:00,6.508
2018-03-07 12:00:00,105.085
2018-03-07 11:45:00,122.463
2018-03-07 11:30:00,116.9
2018-03-07 11:15:00,98.036
2018-03-07 11:00:00,111.482
2018-03-07 10:45:00,134.432
2018-03-07 10:30:00,131.104
2018-03-07 10:15:00,134.489
2018-03-07 10:00:00,106.979
2018-03-07 09:45:00,102.319
2018-03-07 09:30:00,70.759
2018-03-07 09:15:00,59.352
2018-03-07 09:00:00,31.592
2018-03-07 08:45:00,55.113
2018-03-07 08:30:00,36.461
2018-03-07 08:15:00,48.513
2018-03-07 08:00:00,13.458
2018-03-07 07:45:00,2.804
2018-03-07 07:30:00,0.775
2018-03-07 07:15:00,-0.775
2018-03-07 07:00:00,-11.318
2018-03-07 06:45:00,-9.034
2018-03-07 06:30:00,-16.246
2018-03-07 06:15:00,-28.037
2018-03-07 06:00:00,-18.38
2018-03-07 05:45:00,-19.595
2018-03-07 05:30:00,-21.537
2018-03-07 05:15:00,-15.299
2018-03-07 05:00:00,-21.319
2018-03-07 04:45:00,-26.47
2018-03-07 04:30:00,-28.426
2018-03-07 04:15:00,-28.968
2018-03-07 04:00:00,-32.038
2018-03-07 03:45:00,-18.907
2018-03-07 03:30:00,-18.976
2018-03-07 03:15:00,-19.069
2018-03-07 03:00:00,-20.876
2018-03-07 02:45:00,-19.677
2018-03-07 02:30:00,-18.95
2018-03-07 02:15:00,-18.912
2018-03-07 02:00:00,-19.699
2018-03-07 01:45:00,-18.317
2018-03-07 01:30:00,-18.871
2018-03-07 01:15:00,-18.787
2018-03-07 01:00:00,-18.974
2018-03-07 00:45:00,-20.87
2018-03-07 00:30:00,-18.491
2018-03-07 00:15:00,-20.471
2018-03-07 00:00:00,-19.15
2018-03-06 23:45:00,-21.564
2018-03-06 23:30:00,-18.71
2018-03-06 23:15:00,-20.981
2018-03-06 23:00:00,-19.779
2018-03-06 22:45:00,-20.635
2018-03-06 22:30:00,-20.241
2018-03-06 22:15:00,-20.849
2018-03-06 22:00:00,-21.148
2018-03-06 21:45:00,-20.797
2018-03-06 21:30:00,-21.9
2018-03-06 21:15:00,-20.458
2018-03-06 21:00:00,-22.503
2018-03-06 20:45:00,-20.711
2018-03-06 20:30:00,-23.064
2018-03-06 20:15:00,-23.175
2018-03-06 20:00:00,-28.186
2018-03-06 19:45:00,-27.379
2018-03-06 19:30:00,-27.157
2018-03-06 19:15:00,-26.96
2018-03-06 19:00:00,-34.54
2018-03-06 18:45:00,-35.478
2018-03-06 18:30:00,-35.646
2018-03-06 18:15:00,-35.404
2018-03-06 18:00:00,-41.166
2018-03-06 17:45:00,-43.424
2018-03-06 17:30:00,-28.425
2018-03-06 17:15:00,-19.61
2018-03-06 17:00:00,-4.404
2018-03-06 16:45:00,-2.804
2018-03-06 16:30:00,-0.927
2018-03-06 16:15:00,-0.932
2018-03-06 16:00:00,-0.929
2018-03-06 15:45:00,-0.926
2018-03-06 15:30:00,-0.923
2018-03-06 15:15:00,-0.92
2018-03-06 15:00:00,-0.921
2018-03-06 14:45:00,-0.923
2018-03-06 14:30:00,-0.92
2018-03-06 14:15:00,-0.922
2018-03-06 14:00:00,-0.932
2018-03-06 13:45:00,-0.933
2018-03-06 13:30:00,-0.932
2018-03-06 13:15:00,-0.932
2018-03-06 13:00:00,-0.932
2018-03-06 12:45:00,-0.925
2018-03-06 12:30:00,-0.918
2018-03-06 12:15:00,-0.919
2018-03-06 12:00:00,-0.92
2018-03-06 11:45:00,-0.917
2018-03-06 11:30:00,-0.913
2018-03-06 11:15:00,-0.89
2018-03-06 11:00:00,99.329
2018-03-06 10:45:00,154.232
2018-03-06 10:30:00,151.283
2018-03-06 10:15:00,147.661
2018-03-06 10:00:00,142.659
2018-03-06 09:45:00,138.667
2018-03-06 09:30:00,129.29
2018-03-06 09:15:00,119.884
2018-03-06 09:00:00,107.384
2018-03-06 08:45:00,96.043
2018-03-06 08:30:00,82.144
2018-03-06 08:15:00,64.504
2018-03-06 08:00:00,34.776
2018-03-06 07:45:00,32.025
2018-03-06 07:30:00,24.03
2018-03-06 07:15:00,-0.594
2018-03-06 07:00:00,-3.572
2018-03-06 06:45:00,-11.025
2018-03-06 06:30:00,-20.258
2018-03-06 06:15:00,-18.778
2018-03-06 06:00:00,-28.345
2018-03-06 05:45:00,-28.497
2018-03-06 05:30:00,-38.388
2018-03-06 05:15:00,-23.378
2018-03-06 05:00:00,-6.512
2018-03-06 04:45:00,-5.642
2018-03-06 04:30:00,-19.977
2018-03-06 04:15:00,-26.382
2018-03-06 04:00:00,-26.329
2018-03-06 03:45:00,-26.575
2018-03-06 03:30:00,-15.618
2018-03-06 03:15:00,-8.317
2018-03-06 03:00:00,-8.888
2018-03-06 02:45:00,-12.063
2018-03-06 02:30:00,-29.436
2018-03-06 02:15:00,-28.415
2018-03-06 02:00:00,-28.022
2018-03-06 01:45:00,-21.694
2018-03-06 01:30:00,-11.945
2018-03-06 01:15:00,-11.722
2018-03-06 01:00:00,-10.292
2018-03-06 00:45:00,-11.478
2018-03-06 00:30:00,-10.718
2018-03-06 00:15:00,-11.83
2018-03-06 00:00:00,-11.67
2018-03-05 23:45:00,-11.97
2018-03-05 23:30:00,-12.887
2018-03-05 23:15:00,-11.15
2018-03-05 23:00:00,-12.05
2018-03-05 22:45:00,-10.208
2018-03-05 22:30:00,-13.571
2018-03-05 22:15:00,-11.117
2018-03-05 22:00:00,-12.184
2018-03-05 21:45:00,-11.2
2018-03-05 21:30:00,-13.144
2018-03-05 21:15:00,-14.124
2018-03-05 21:00:00,-16.178
2018-03-05 20:45:00,-16.573
2018-03-05 20:30:00,-15.63
2018-03-05 20:15:00,-21.717
2018-03-05 20:00:00,-29.557
2018-03-05 19:45:00,-32.03
2018-03-05 19:30:00,-29.837
2018-03-05 19:15:00,-36.406
2018-03-05 19:00:00,-37.856
2018-03-05 18:45:00,-59.465
2018-03-05 18:30:00,-62.463
2018-03-05 18:15:00,-62.865
2018-03-05 18:00:00,-63.045
2018-03-05 17:45:00,-53.651
2018-03-05 17:30:00,-37.922
2018-03-05 17:15:00,-29.903
2018-03-05 17:00:00,-7.535
2018-03-05 16:45:00,-0.93
2018-03-05 16:30:00,-4.757
2018-03-05 16:15:00,-1.425
2018-03-05 16:00:00,-2.6
2018-03-05 15:45:00,-0.925
2018-03-05 15:30:00,-0.93
2018-03-05 15:15:00,-0.935
2018-03-05 15:00:00,-0.933
2018-03-05 14:45:00,-0.933
2018-03-05 14:30:00,-0.932
2018-03-05 14:15:00,-0.933
2018-03-05 14:00:00,-0.926
2018-03-05 13:45:00,-0.926
2018-03-05 13:30:00,-0.925
2018-03-05 13:15:00,-0.926
2018-03-05 13:00:00,-0.926
2018-03-05 12:45:00,-0.925
2018-03-05 12:30:00,-0.926
2018-03-05 12:15:00,-0.926
2018-03-05 12:00:00,-0.926
2018-03-05 11:45:00,-0.927
2018-03-05 11:30:00,-0.927
2018-03-05 11:15:00,-0.922
2018-03-05 11:00:00,56.719
2018-03-05 10:45:00,164.0
2018-03-05 10:30:00,162.402
2018-03-05 10:15:00,153.925
2018-03-05 10:00:00,154.18
2018-03-05 09:45:00,144.791
2018-03-05 09:30:00,140.976
2018-03-05 09:15:00,129.296
2018-03-05 09:00:00,105.892
2018-03-05 08:45:00,91.196
2018-03-05 08:30:00,75.559
2018-03-05 08:15:00,66.969
2018-03-05 08:00:00,47.921
2018-03-05 07:45:00,39.209
2018-03-05 07:30:00,23.464
2018-03-05 07:15:00,3.339
2018-03-05 07:00:00,-2.784
2018-03-05 06:45:00,-18.248
2018-03-05 06:30:00,-14.092
2018-03-05 06:15:00,-4.788
2018-03-05 06:00:00,-10.265
2018-03-05 05:45:00,-23.176
2018-03-05 05:30:00,-22.623
2018-03-05 05:15:00,-32.381
2018-03-05 05:00:00,-19.166
2018-03-05 04:45:00,-22.587
2018-03-05 04:30:00,-20.837
2018-03-05 04:15:00,-21.921
2018-03-05 04:00:00,-20.933
2018-03-05 03:45:00,-21.449
2018-03-05 03:30:00,-22.578
2018-03-05 03:15:00,-23.446
2018-03-05 03:00:00,-22.458
2018-03-05 02:45:00,-21.747
2018-03-05 02:30:00,-22.447
2018-03-05 02:15:00,-23.233
2018-03-05 02:00:00,-24.369
2018-03-05 01:45:00,-23.181
2018-03-05 01:30:00,-24.484
2018-03-05 01:15:00,-25.515
2018-03-05 01:00:00,-25.861
2018-03-05 00:45:00,-21.278
2018-03-05 00:30:00,-6.801
2018-03-05 00:15:00,-6.083
2018-03-05 00:00:00,-6.739
2018-03-04 23:45:00,-5.448
2018-03-04 23:30:00,-24.438
2018-03-04 23:15:00,-24.758
2018-03-04 23:00:00,-32.147
2018-03-04 22:45:00,-52.519
2018-03-04 22:30:00,-44.874
2018-03-04 22:15:00,-23.947
2018-03-04 22:00:00,-22.526
2018-03-04 21:45:00,-24.615
2018-03-04 21:30:00,-21.295
2018-03-04 21:15:00,-23.813
2018-03-04 21:00:00,-22.178
2018-03-04 20:45:00,-23.392
2018-03-04 20:30:00,-22.513
2018-03-04 20:15:00,-23.555
2018-03-04 20:00:00,-24.358
2018-03-04 19:45:00,-24.489
2018-03-04 19:30:00,-24.743
2018-03-04 19:15:00,-24.049
2018-03-04 19:00:00,-24.221
2018-03-04 18:45:00,-24.042
2018-03-04 18:30:00,-24.386
2018-03-04 18:15:00,-24.182
2018-03-04 18:00:00,-24.375
2018-03-04 17:45:00,-27.63
2018-03-04 17:30:00,-24.676
2018-03-04 17:15:00,-8.101
2018-03-04 17:00:00,-0.905
2018-03-04 16:45:00,-0.905
2018-03-04 16:30:00,-0.905
2018-03-04 16:15:00,0.515
2018-03-04 16:00:00,0.272
2018-03-04 15:45:00,2.423
2018-03-04 15:30:00,-0.903
2018-03-04 15:15:00,-0.903
2018-03-04 15:00:00,-0.903
2018-03-04 14:45:00,-0.903
2018-03-04 14:30:00,-0.903
2018-03-04 14:15:00,0.664
2018-03-04 14:00:00,-0.907
2018-03-04 13:45:00,-0.907
2018-03-04 13:30:00,-0.906
2018-03-04 13:15:00,-0.906
2018-03-04 13:00:00,-0.996
2018-03-04 12:45:00,0.784
2018-03-04 12:30:00,-0.907
2018-03-04 12:15:00,0.027
2018-03-04 12:00:00,-0.909
2018-03-04 11:45:00,-0.193
2018-03-04 11:30:00,0.147
2018-03-04 11:15:00,0.102
2018-03-04 11:00:00,1.304
2018-03-04 10:45:00,1.956
2018-03-04 10:30:00,5.51
2018-03-04 10:15:00,90.893
2018-03-04 10:00:00,135.577
2018-03-04 09:45:00,197.221
2018-03-04 09:30:00,136.865
2018-03-04 09:15:00,120.727
2018-03-04 09:00:00,147.544
2018-03-04 08:45:00,137.091
2018-03-04 08:30:00,122.277
2018-03-04 08:15:00,109.585
2018-03-04 08:00:00,87.734
2018-03-04 07:45:00,35.328
2018-03-04 07:30:00,51.429
2018-03-04 07:15:00,21.171
2018-03-04 07:00:00,2.773
2018-03-04 06:45:00,-1.903
2018-03-04 06:30:00,-2.211
2018-03-04 06:15:00,-1.362
2018-03-04 06:00:00,-5.091
2018-03-04 05:45:00,-14.769
2018-03-04 05:30:00,-18.345
2018-03-04 05:15:00,-22.43
2018-03-04 05:00:00,-22.868
2018-03-04 04:45:00,-21.765
2018-03-04 04:30:00,-7.702
2018-03-04 04:15:00,-4.037
2018-03-04 04:00:00,-4.877
2018-03-04 03:45:00,-13.689
2018-03-04 03:30:00,-25.105
2018-03-04 03:15:00,-27.618
2018-03-04 03:00:00,-27.918
2018-03-04 02:45:00,-27.376
2018-03-04 02:30:00,-24.269
2018-03-04 02:15:00,-12.292
2018-03-04 02:00:00,-10.829
2018-03-04 01:45:00,-11.255
2018-03-04 01:30:00,-10.508
2018-03-04 01:15:00,-10.544
2018-03-04 01:00:00,-22.647
2018-03-04 00:45:00,-28.659
2018-03-04 00:30:00,-29.999
2018-03-04 00:15:00,-30.804
2018-03-04 00:00:00,-31.032
2018-03-03 23:45:00,-33.885
2018-03-03 23:30:00,-21.25
2018-03-03 23:15:00,-22.167
2018-03-03 23:00:00,-21.381
2018-03-03 22:45:00,-22.126
2018-03-03 22:30:00,-23.335
2018-03-03 22:15:00,-23.23
2018-03-03 22:00:00,-22.273
2018-03-03 21:45:00,-21.612
2018-03-03 21:30:00,-23.636
2018-03-03 21:15:00,-20.47
2018-03-03 21:00:00,-23.894
2018-03-03 20:45:00,-21.759
2018-03-03 20:30:00,-23.263
2018-03-03 20:15:00,-27.121
2018-03-03 20:00:00,-26.603
2018-03-03 19:45:00,-28.441
2018-03-03 19:30:00,-28.65
2018-03-03 19:15:00,-29.711
2018-03-03 19:00:00,-30.376
2018-03-03 18:45:00,-29.533
2018-03-03 18:30:00,-30.489
2018-03-03 18:15:00,-30.133
2018-03-03 18:00:00,-31.89
2018-03-03 17:45:00,-30.449
2018-03-03 17:30:00,-28.278
2018-03-03 17:15:00,-24.065
2018-03-03 17:00:00,-7.972
2018-03-03 16:45:00,-0.926
2018-03-03 16:30:00,-0.929
2018-03-03 16:15:00,-0.927
2018-03-03 16:00:00,-0.926
2018-03-03 15:45:00,-0.924
2018-03-03 15:30:00,-0.926
2018-03-03 15:15:00,-0.924
2018-03-03 15:00:00,-0.923
2018-03-03 14:45:00,0.231
2018-03-03 14:30:00,-0.921
2018-03-03 14:15:00,-0.92
2018-03-03 14:00:00,-0.921
2018-03-03 13:45:00,-0.918
2018-03-03 13:30:00,-0.916
2018-03-03 13:15:00,-0.918
2018-03-03 13:00:00,-0.916
2018-03-03 12:45:00,0.189
2018-03-03 12:30:00,-0.919
2018-03-03 12:15:00,-0.918
2018-03-03 12:00:00,-0.919
2018-03-03 11:45:00,-0.921
2018-03-03 11:30:00,-0.919
2018-03-03 11:15:00,0.318
2018-03-03 11:00:00,-0.929
2018-03-03 10:45:00,-0.929
2018-03-03 10:30:00,-0.034
2018-03-03 10:15:00,-0.915
2018-03-03 10:00:00,1.128
2018-03-03 09:45:00,2.445
2018-03-03 09:30:00,2.68
2018-03-03 09:15:00,0.088
2018-03-03 09:00:00,29.838
2018-03-03 08:45:00,37.742
2018-03-03 08:30:00,44.238
2018-03-03 08:15:00,38.588
2018-03-03 08:00:00,18.013
2018-03-03 07:45:00,7.125
2018-03-03 07:30:00,5.873
2018-03-03 07:15:00,-0.242
2018-03-03 07:00:00,14.804
2018-03-03 06:45:00,10.7
2018-03-03 06:30:00,3.12
2018-03-03 06:15:00,3.615
2018-03-03 06:00:00,-0.876
2018-03-03 05:45:00,-1.855
2018-03-03 05:30:00,-4.095
2018-03-03 05:15:00,-4.674
2018-03-03 05:00:00,-3.919
2018-03-03 04:45:00,-2.152
2018-03-03 04:30:00,-2.286
2018-03-03 04:15:00,-2.165
2018-03-03 04:00:00,-2.574
2018-03-03 03:45:00,-2.093
2018-03-03 03:30:00,-2.29
2018-03-03 03:15:00,-2.562
2018-03-03 03:00:00,-2.029
2018-03-03 02:45:00,-2.067
2018-03-03 02:30:00,-2.024
2018-03-03 02:15:00,-1.94
2018-03-03 02:00:00,-2.329
2018-03-03 01:45:00,-2.465
2018-03-03 01:30:00,-2.149
2018-03-03 01:15:00,-2.077
2018-03-03 01:00:00,-1.478
2018-03-03 00:45:00,-1.96
2018-03-03 00:30:00,-2.184
2018-03-03 00:15:00,-1.735
2018-03-03 00:00:00,-1.574
2018-03-02 23:45:00,-1.939
2018-03-02 23:30:00,-0.555
2018-03-02 23:15:00,-1.302
2018-03-02 23:00:00,-1.62
2018-03-02 22:45:00,-1.952
2018-03-02 22:30:00,-2.046
2018-03-02 22:15:00,-1.828
2018-03-02 22:00:00,-1.149
2018-03-02 21:45:00,-1.475
2018-03-02 21:30:00,-0.935
2018-03-02 21:15:00,-1.638
2018-03-02 21:00:00,-1.407
2018-03-02 20:45:00,-1.526
2018-03-02 20:30:00,-1.842
2018-03-02 20:15:00,-4.846
2018-03-02 20:00:00,-9.634
2018-03-02 19:45:00,-7.947
2018-03-02 19:30:00,-11.977
2018-03-02 19:15:00,-10.275
2018-03-02 19:00:00,-9.922
2018-03-02 18:45:00,-9.928
2018-03-02 18:30:00,-10.625
2018-03-02 18:15:00,-9.979
2018-03-02 18:00:00,-11.646
2018-03-02 17:45:00,-15.633
2018-03-02 17:30:00,-11.261
2018-03-02 17:15:00,-2.339
2018-03-02 17:00:00,-0.927
2018-03-02 16:45:00,-0.925
2018-03-02 16:30:00,-0.926
2018-03-02 16:15:00,-0.924
2018-03-02 16:00:00,-0.921
2018-03-02 15:45:00,-0.919
2018-03-02 15:30:00,-0.927
2018-03-02 15:15:00,-0.932
2018-03-02 15:00:00,-0.933
2018-03-02 14:45:00,-0.933
2018-03-02 14:30:00,-0.932
2018-03-02 14:15:00,-0.933
2018-03-02 14:00:00,-0.932
2018-03-02 13:45:00,-0.931
2018-03-02 13:30:00,-0.931
2018-03-02 13:15:00,-0.932
2018-03-02 13:00:00,-0.93
2018-03-02 12:45:00,-0.93
2018-03-02 12:30:00,-0.93
2018-03-02 12:15:00,-0.929
2018-03-02 12:00:00,-0.93
2018-03-02 11:45:00,-0.929
2018-03-02 11:30:00,-0.923
2018-03-02 11:15:00,34.61
2018-03-02 11:00:00,163.983
2018-03-02 10:45:00,159.788
2018-03-02 10:30:00,156.666
2018-03-02 10:15:00,155.924
2018-03-02 10:00:00,147.619
2018-03-02 09:45:00,131.527
2018-03-02 09:30:00,121.573
2018-03-02 09:15:00,113.74
2018-03-02 09:00:00,102.248
2018-03-02 08:45:00,91.463
2018-03-02 08:30:00,68.272
2018-03-02 08:15:00,49.505
2018-03-02 08:00:00,31.395
2018-03-02 07:45:00,27.895
2018-03-02 07:30:00,15.455
2018-03-02 07:15:00,0.573
2018-03-02 07:00:00,0.432
2018-03-02 06:45:00,-7.447
2018-03-02 06:30:00,-8.121
2018-03-02 06:15:00,-9.207
2018-03-02 06:00:00,-13.53
2018-03-02 05:45:00,-14.705
2018-03-02 05:30:00,-20.925
2018-03-02 05:15:00,-18.876
2018-03-02 05:00:00,-10.266
2018-03-02 04:45:00,-11.004
2018-03-02 04:30:00,-10.276
2018-03-02 04:15:00,-13.633
2018-03-02 04:00:00,-13.641
2018-03-02 03:45:00,-16.829
2018-03-02 03:30:00,-17.563
2018-03-02 03:15:00,-18.773
2018-03-02 03:00:00,-21.472
2018-03-02 02:45:00,-23.407
2018-03-02 02:30:00,-23.795
2018-03-02 02:15:00,-25.551
2018-03-02 02:00:00,-9.33
2018-03-02 01:45:00,-7.451
2018-03-02 01:30:00,-21.651
2018-03-02 01:15:00,-28.79
2018-03-02 01:00:00,-31.118
2018-03-02 00:45:00,-31.021
2018-03-02 00:30:00,-31.423
2018-03-02 00:15:00,-28.587
2018-03-02 00:00:00,-14.945
2018-03-01 23:45:00,-14.313
2018-03-01 23:30:00,-16.061
2018-03-01 23:15:00,-14.191
2018-03-01 23:00:00,-16.188
2018-03-01 22:45:00,-18.332
2018-03-01 22:30:00,-33.489
2018-03-01 22:15:00,-35.646
2018-03-01 22:00:00,-30.319
2018-03-01 21:45:00,-21.654
2018-03-01 21:30:00,-22.839
2018-03-01 21:15:00,-23.792
2018-03-01 21:00:00,-22.753
2018-03-01 20:45:00,-23.344
2018-03-01 20:30:00,-23.42
2018-03-01 20:15:00,-25.296
2018-03-01 20:00:00,-28.365
2018-03-01 19:45:00,-28.963
2018-03-01 19:30:00,-28.788
2018-03-01 19:15:00,-36.077
2018-03-01 19:00:00,-37.006
2018-03-01 18:45:00,-38.254
2018-03-01 18:30:00,-37.866
2018-03-01 18:15:00,-39.09
2018-03-01 18:00:00,-40.153
2018-03-01 17:45:00,-46.798
2018-03-01 17:30:00,-44.399
2018-03-01 17:15:00,-33.914
2018-03-01 17:00:00,-9.246
2018-03-01 16:45:00,-3.925
2018-03-01 16:30:00,-0.916
2018-03-01 16:15:00,-0.923
2018-03-01 16:00:00,-0.922
2018-03-01 15:45:00,-0.922
2018-03-01 15:30:00,-0.922
2018-03-01 15:15:00,-0.921
2018-03-01 15:00:00,-0.919
2018-03-01 14:45:00,-0.917
2018-03-01 14:30:00,-0.924
2018-03-01 14:15:00,-0.928
2018-03-01 14:00:00,-0.925
2018-03-01 13:45:00,-0.924
2018-03-01 13:30:00,-0.923
2018-03-01 13:15:00,-0.923
2018-03-01 13:00:00,-0.923
2018-03-01 12:45:00,-0.922
2018-03-01 12:30:00,-0.922
2018-03-01 12:15:00,-0.92
2018-03-01 12:00:00,-0.924
2018-03-01 11:45:00,-0.863
2018-03-01 11:30:00,119.953
2018-03-01 11:15:00,137.245
2018-03-01 11:00:00,133.056
2018-03-01 10:45:00,126.907
2018-03-01 10:30:00,104.975
2018-03-01 10:15:00,124.948
2018-03-01 10:00:00,117.982
2018-03-01 09:45:00,108.277
2018-03-01 09:30:00,80.433
2018-03-01 09:15:00,65.896
2018-03-01 09:00:00,52.913
2018-03-01 08:45:00,43.063
2018-03-01 08:30:00,27.111
2018-03-01 08:15:00,10.807
2018-03-01 08:00:00,-1.12
2018-03-01 07:45:00,-1.945
2018-03-01 07:30:00,-1.427
2018-03-01 07:15:00,-14.744
2018-03-01 07:00:00,-32.114
2018-03-01 06:45:00,-43.051
2018-03-01 06:30:00,-45.406
2018-03-01 06:15:00,-45.829
2018-03-01 06:00:00,-47.392
2018-03-01 05:45:00,-48.258
2018-03-01 05:30:00,-47.239
2018-03-01 05:15:00,-41.504
2018-03-01 05:00:00,-31.387
2018-03-01 04:45:00,-34.236
2018-03-01 04:30:00,-32.853
2018-03-01 04:15:00,-33.244
2018-03-01 04:00:00,-32.039
2018-03-01 03:45:00,-33.951
2018-03-01 03:30:00,-33.914
2018-03-01 03:15:00,-36.442
2018-03-01 03:00:00,-36.115
2018-03-01 02:45:00,-36.748
2018-03-01 02:30:00,-35.689
2018-03-01 02:15:00,-36.416
2018-03-01 02:00:00,-36.47
2018-03-01 01:45:00,-36.292
2018-03-01 01:30:00,-36.627
2018-03-01 01:15:00,-37.397
2018-03-01 01:00:00,-33.125
2018-03-01 00:45:00,-22.441
2018-03-01 00:30:00,-19.569
2018-03-01 00:15:00,-4.235
2018-03-01 00:00:00,-0.909
2018-02-28 23:45:00,-0.908
2018-02-28 23:30:00,-0.915
2018-02-28 23:15:00,-0.913
2018-02-28 23:00:00,-1.014
2018-02-28 22:45:00,10.62
2018-02-28 22:30:00,12.979
2018-02-28 22:15:00,11.576
2018-02-28 22:00:00,12.564
2018-02-28 21:45:00,-0.925
2018-02-28 21:30:00,-0.924
2018-02-28 21:15:00,-0.968
2018-02-28 21:00:00,0.962
2018-02-28 20:45:00,12.181
2018-02-28 20:30:00,11.852
2018-02-28 20:15:00,7.016
2018-02-28 20:00:00,-0.922
2018-02-28 19:45:00,-3.767
2018-02-28 19:30:00,-16.874
2018-02-28 19:15:00,-15.626
2018-02-28 19:00:00,-8.135
2018-02-28 18:45:00,-3.882
2018-02-28 18:30:00,-2.376
2018-02-28 18:15:00,-1.083
2018-02-28 18:00:00,-3.916
2018-02-28 17:45:00,-1.83
2018-02-28 17:30:00,-7.468
2018-02-28 17:15:00,-8.679
2018-02-28 17:00:00,-0.606
2018-02-28 16:45:00,-0.918
2018-02-28 16:30:00,-0.917
2018-02-28 16:15:00,-0.919
2018-02-28 16:00:00,-0.917
2018-02-28 15:45:00,-0.16
2018-02-28 15:30:00,-0.914
2018-02-28 15:15:00,-0.296
2018-02-28 15:00:00,-0.913
2018-02-28 14:45:00,-0.443
2018-02-28 14:30:00,-0.91
2018-02-28 14:15:00,-0.912
2018-02-28 14:00:00,-0.91
2018-02-28 13:45:00,0.244
2018-02-28 13:30:00,-0.909
2018-02-28 13:15:00,-0.115
2018-02-28 13:00:00,0.033
2018-02-28 12:45:00,0.07
2018-02-28 12:30:00,1.355
2018-02-28 12:15:00,1.961
2018-02-28 12:00:00,5.016
2018-02-28 11:45:00,21.431
2018-02-28 11:30:00,107.669
2018-02-28 11:15:00,19.482
2018-02-28 11:00:00,34.41
2018-02-28 10:45:00,81.775
2018-02-28 10:30:00,104.608
2018-02-28 10:15:00,141.292
2018-02-28 10:00:00,143.623
2018-02-28 09:45:00,132.452
2018-02-28 09:30:00,120.641
2018-02-28 09:15:00,113.031
2018-02-28 09:00:00,104.738
2018-02-28 08:45:00,91.83
2018-02-28 08:30:00,74.875
2018-02-28 08:15:00,58.441
2018-02-28 08:00:00,46.333
2018-02-28 07:45:00,32.713
2018-02-28 07:30:00,18.208
2018-02-28 07:15:00,-0.412
2018-02-28 07:00:00,-21.176
2018-02-28 06:45:00,-7.512
2018-02-28 06:30:00,-9.56
2018-02-28 06:15:00,-10.223
2018-02-28 06:00:00,-13.984
2018-02-28 05:45:00,-15.55
2018-02-28 05:30:00,-17.861
2018-02-28 05:15:00,-17.994
2018-02-28 05:00:00,-8.515
2018-02-28 04:45:00,-12.286
2018-02-28 04:30:00,-10.768
2018-02-28 04:15:00,-13.178
2018-02-28 04:00:00,-12.552
2018-02-28 03:45:00,-13.161
2018-02-28 03:30:00,-13.867
2018-02-28 03:15:00,-12.865
2018-02-28 03:00:00,-13.773
2018-02-28 02:45:00,-13.286
2018-02-28 02:30:00,-14.639
2018-02-28 02:15:00,-15.242
2018-02-28 02:00:00,-15.252
2018-02-28 01:45:00,-16.818
2018-02-28 01:30:00,-16.643
2018-02-28 01:15:00,-16.613
2018-02-28 01:00:00,-18.041
2018-02-28 00:45:00,-16.735
2018-02-28 00:30:00,-18.652
2018-02-28 00:15:00,-17.391
2018-02-28 00:00:00,-19.556
2018-02-27 23:45:00,-19.176
2018-02-27 23:30:00,-21.886
2018-02-27 23:15:00,-21.702
2018-02-27 23:00:00,-22.954
2018-02-27 22:45:00,-21.002
2018-02-27 22:30:00,-19.31
2018-02-27 22:15:00,-3.844
2018-02-27 22:00:00,-3.431
2018-02-27 21:45:00,-4.893
2018-02-27 21:30:00,-24.288
2018-02-27 21:15:00,-24.897
2018-02-27 21:00:00,-27.039
2018-02-27 20:45:00,-31.754
2018-02-27 20:30:00,-24.029
2018-02-27 20:15:00,-28.517
2018-02-27 20:00:00,-31.988
2018-02-27 19:45:00,-33.309
2018-02-27 19:30:00,-33.17
2018-02-27 19:15:00,-34.316
2018-02-27 19:00:00,-33.264
2018-02-27 18:45:00,-33.795
2018-02-27 18:30:00,-34.205
2018-02-27 18:15:00,-34.366
2018-02-27 18:00:00,-34.942
2018-02-27 17:45:00,-36.244
2018-02-27 17:30:00,-33.77
2018-02-27 17:15:00,-33.192
2018-02-27 17:00:00,-23.301
2018-02-27 16:45:00,-38.471
2018-02-27 16:30:00,-8.945
2018-02-27 16:15:00,-15.313
2018-02-27 16:00:00,2.134
2018-02-27 15:45:00,0.081
2018-02-27 15:30:00,-0.922
2018-02-27 15:15:00,-0.299
2018-02-27 15:00:00,-0.918
2018-02-27 14:45:00,-0.919
2018-02-27 14:30:00,-0.982
2018-02-27 14:15:00,0.138
2018-02-27 14:00:00,1.484
2018-02-27 13:45:00,-1.651
2018-02-27 13:30:00,0.486
2018-02-27 13:15:00,-0.323
2018-02-27 13:00:00,1.196
2018-02-27 12:45:00,3.479
2018-02-27 12:30:00,0.118
2018-02-27 12:15:00,7.006
2018-02-27 12:00:00,89.668
2018-02-27 11:45:00,190.269
2018-02-27 11:30:00,38.257
2018-02-27 11:15:00,101.185
2018-02-27 11:00:00,92.966
2018-02-27 10:45:00,185.277
2018-02-27 10:30:00,176.676
2018-02-27 10:15:00,123.344
2018-02-27 10:00:00,150.729
2018-02-27 09:45:00,148.284
2018-02-27 09:30:00,27.106
2018-02-27 09:15:00,-18.308
2018-02-27 09:00:00,-4.962
2018-02-27 08:45:00,24.588
2018-02-27 08:30:00,36.689
2018-02-27 08:15:00,44.491
2018-02-27 08:00:00,2.264
2018-02-27 07:45:00,-6.787
2018-02-27 07:30:00,-11.189
2018-02-27 07:15:00,-13.308
2018-02-27 07:00:00,-10.017
2018-02-27 06:45:00,-14.333
2018-02-27 06:30:00,-17.623
2018-02-27 06:15:00,-18.01
2018-02-27 06:00:00,-22.406
2018-02-27 05:45:00,-28.679
2018-02-27 05:30:00,-15.187
2018-02-27 05:15:00,-6.975
2018-02-27 05:00:00,-2.83
2018-02-27 04:45:00,-13.65
2018-02-27 04:30:00,-14.084
2018-02-27 04:15:00,-16.709
2018-02-27 04:00:00,-18.033
2018-02-27 03:45:00,-2.711
2018-02-27 03:30:00,-1.648
2018-02-27 03:15:00,-0.924
2018-02-27 03:00:00,-1.836
2018-02-27 02:45:00,-18.092
2018-02-27 02:30:00,-20.677
2018-02-27 02:15:00,-21.832
2018-02-27 02:00:00,-24.273
2018-02-27 01:45:00,-17.212
2018-02-27 01:30:00,-7.192
2018-02-27 01:15:00,-9.722
2018-02-27 01:00:00,-8.187
2018-02-27 00:45:00,-18.208
2018-02-27 00:30:00,-26.019
2018-02-27 00:15:00,-26.454
2018-02-27 00:00:00,-25.488
2018-02-26 23:45:00,-14.279
2018-02-26 23:30:00,-12.883
2018-02-26 23:15:00,-14.313
2018-02-26 23:00:00,-12.859
2018-02-26 22:45:00,-14.644
2018-02-26 22:30:00,-13.719
2018-02-26 22:15:00,-16.889
2018-02-26 22:00:00,-17.615
2018-02-26 21:45:00,-17.791
2018-02-26 21:30:00,-19.57
2018-02-26 21:15:00,-21.17
2018-02-26 21:00:00,-18.594
2018-02-26 20:45:00,-22.043
2018-02-26 20:30:00,-20.274
2018-02-26 20:15:00,-25.541
2018-02-26 20:00:00,-31.924
2018-02-26 19:45:00,-32.883
2018-02-26 19:30:00,-31.734
2018-02-26 19:15:00,-34.365
2018-02-26 19:00:00,-33.37
2018-02-26 18:45:00,-47.766
2018-02-26 18:30:00,-55.09
2018-02-26 18:15:00,-54.747
2018-02-26 18:00:00,-60.966
2018-02-26 17:45:00,-57.386
2018-02-26 17:30:00,-43.683
2018-02-26 17:15:00,-31.995
2018-02-26 17:00:00,-8.363
2018-02-26 16:45:00,-0.928
2018-02-26 16:30:00,-0.927
2018-02-26 16:15:00,-0.926
2018-02-26 16:00:00,-0.923
2018-02-26 15:45:00,-0.922
2018-02-26 15:30:00,-0.925
2018-02-26 15:15:00,-0.923
2018-02-26 15:00:00,-0.934
2018-02-26 14:45:00,-0.935
2018-02-26 14:30:00,-0.935
2018-02-26 14:15:00,-0.933
2018-02-26 14:00:00,-0.933
2018-02-26 13:45:00,-0.931
2018-02-26 13:30:00,-0.93
2018-02-26 13:15:00,-0.932
2018-02-26 13:00:00,-0.933
2018-02-26 12:45:00,-0.933
2018-02-26 12:30:00,-0.926
2018-02-26 12:15:00,-0.924
2018-02-26 12:00:00,-0.926
2018-02-26 11:45:00,-0.924
2018-02-26 11:30:00,-0.934
2018-02-26 11:15:00,-0.933
2018-02-26 11:00:00,-0.931
2018-02-26 10:45:00,-0.928
2018-02-26 10:30:00,46.907
2018-02-26 10:15:00,116.264
2018-02-26 10:00:00,110.943
2018-02-26 09:45:00,105.846
2018-02-26 09:30:00,92.414
2018-02-26 09:15:00,84.329
2018-02-26 09:00:00,57.144
2018-02-26 08:45:00,45.112
2018-02-26 08:30:00,42.467
2018-02-26 08:15:00,38.521
2018-02-26 08:00:00,30.34
2018-02-26 07:45:00,0.858
2018-02-26 07:30:00,-2.683
2018-02-26 07:15:00,-24.804
2018-02-26 07:00:00,-41.167
2018-02-26 06:45:00,-51.329
2018-02-26 06:30:00,-28.897
2018-02-26 06:15:00,-29.312
2018-02-26 06:00:00,-30.073
2018-02-26 05:45:00,-30.262
2018-02-26 05:30:00,-32.432
2018-02-26 05:15:00,-24.342
2018-02-26 05:00:00,-9.901
2018-02-26 04:45:00,-10.603
2018-02-26 04:30:00,-10.263
2018-02-26 04:15:00,-10.489
2018-02-26 04:00:00,-12.437
2018-02-26 03:45:00,-14.147
2018-02-26 03:30:00,-11.153
2018-02-26 03:15:00,-10.293
2018-02-26 03:00:00,-9.947
2018-02-26 02:45:00,-11.016
2018-02-26 02:30:00,-10.479
2018-02-26 02:15:00,-11.428
2018-02-26 02:00:00,-12.737
2018-02-26 01:45:00,-11.968
2018-02-26 01:30:00,-2.873
2018-02-26 01:15:00,-2.127
2018-02-26 01:00:00,-8.825
2018-02-26 00:45:00,-11.46
2018-02-26 00:30:00,-11.315
2018-02-26 00:15:00,-14.205
2018-02-26 00:00:00,-12.899
2018-02-25 23:45:00,-13.128
2018-02-25 23:30:00,-10.419
2018-02-25 23:15:00,-9.575
2018-02-25 23:00:00,-15.459
2018-02-25 22:45:00,-9.457
2018-02-25 22:30:00,-0.928
2018-02-25 22:15:00,-8.376
2018-02-25 22:00:00,-15.214
2018-02-25 21:45:00,-14.863
2018-02-25 21:30:00,-12.344
2018-02-25 21:15:00,-9.439
2018-02-25 21:00:00,-0.935
2018-02-25 20:45:00,-0.936
2018-02-25 20:30:00,-0.934
2018-02-25 20:15:00,-0.934
2018-02-25 20:00:00,-0.933
2018-02-25 19:45:00,-0.933
2018-02-25 19:30:00,-0.932
2018-02-25 19:15:00,-1.438
2018-02-25 19:00:00,-0.936
2018-02-25 18:45:00,-0.936
2018-02-25 18:30:00,-0.935
2018-02-25 18:15:00,-1.215
2018-02-25 18:00:00,-1.633
2018-02-25 17:45:00,-1.49
2018-02-25 17:30:00,-0.911
2018-02-25 17:15:00,-0.909
2018-02-25 17:00:00,-0.909
2018-02-25 16:45:00,-0.911
2018-02-25 16:30:00,-0.911
2018-02-25 16:15:00,-0.911
2018-02-25 16:00:00,-0.911
2018-02-25 15:45:00,-0.91
2018-02-25 15:30:00,-0.911
2018-02-25 15:15:00,-0.913
2018-02-25 15:00:00,-0.912
2018-02-25 14:45:00,-0.911
2018-02-25 14:30:00,-0.913
2018-02-25 14:15:00,-0.913
2018-02-25 14:00:00,-0.913
2018-02-25 13:45:00,-0.914
2018-02-25 13:30:00,-0.913
2018-02-25 13:15:00,-0.915
2018-02-25 13:00:00,-0.918
2018-02-25 12:45:00,-0.918
2018-02-25 12:30:00,-0.919
2018-02-25 12:15:00,-0.919
2018-02-25 12:00:00,-0.919
2018-02-25 11:45:00,-0.918
2018-02-25 11:30:00,-0.917
2018-02-25 11:15:00,-0.917
2018-02-25 11:00:00,-0.915
2018-02-25 10:45:00,-0.751
2018-02-25 10:30:00,160.281
2018-02-25 10:15:00,175.33
2018-02-25 10:00:00,166.853
2018-02-25 09:45:00,162.734
2018-02-25 09:30:00,155.77
2018-02-25 09:15:00,144.625
2018-02-25 09:00:00,133.323
2018-02-25 08:45:00,120.148
2018-02-25 08:30:00,107.176
2018-02-25 08:15:00,89.87
2018-02-25 08:00:00,75.082
2018-02-25 07:45:00,57.583
2018-02-25 07:30:00,38.259
2018-02-25 07:15:00,15.586
2018-02-25 07:00:00,-0.545
2018-02-25 06:45:00,-1.625
2018-02-25 06:30:00,-2.987
2018-02-25 06:15:00,-2.319
2018-02-25 06:00:00,-5.286
2018-02-25 05:45:00,-4.034
2018-02-25 05:30:00,-5.316
2018-02-25 05:15:00,-8.966
2018-02-25 05:00:00,-16.669
2018-02-25 04:45:00,-19.132
2018-02-25 04:30:00,-20.483
2018-02-25 04:15:00,-22.454
2018-02-25 04:00:00,-23.093
2018-02-25 03:45:00,-22.939
2018-02-25 03:30:00,-24.699
2018-02-25 03:15:00,-25.342
2018-02-25 03:00:00,-26.353
2018-02-25 02:45:00,-24.714
2018-02-25 02:30:00,-24.801
2018-02-25 02:15:00,-24.312
2018-02-25 02:00:00,-25.987
2018-02-25 01:45:00,-25.733
2018-02-25 01:30:00,-26.374
2018-02-25 01:15:00,-26.803
2018-02-25 01:00:00,-26.37
2018-02-25 00:45:00,-27.07
2018-02-25 00:30:00,-28.094
2018-02-25 00:15:00,-28.142
2018-02-25 00:00:00,-27.703
2018-02-24 23:45:00,-30.31
2018-02-24 23:30:00,-30.412
2018-02-24 23:15:00,-30.795
2018-02-24 23:00:00,-29.476
2018-02-24 22:45:00,-29.165
2018-02-24 22:30:00,-30.13
2018-02-24 22:15:00,-29.455
2018-02-24 22:00:00,-27.466
2018-02-24 21:45:00,-13.997
2018-02-24 21:30:00,-14.984
2018-02-24 21:15:00,-16.264
2018-02-24 21:00:00,-31.268
2018-02-24 20:45:00,-31.243
2018-02-24 20:30:00,-31.279
2018-02-24 20:15:00,-33.351
2018-02-24 20:00:00,-36.156
2018-02-24 19:45:00,-39.228
2018-02-24 19:30:00,-43.195
2018-02-24 19:15:00,-29.131
2018-02-24 19:00:00,-29.899
2018-02-24 18:45:00,-31.794
2018-02-24 18:30:00,-33.005
2018-02-24 18:15:00,-32.084
2018-02-24 18:00:00,-33.342
2018-02-24 17:45:00,-33.196
2018-02-24 17:30:00,-35.239
2018-02-24 17:15:00,-22.614
2018-02-24 17:00:00,-2.302
2018-02-24 16:45:00,-0.914
2018-02-24 16:30:00,-0.914
2018-02-24 16:15:00,-0.915
2018-02-24 16:00:00,-0.916
2018-02-24 15:45:00,-0.916
2018-02-24 15:30:00,-0.921
2018-02-24 15:15:00,-0.913
2018-02-24 15:00:00,-0.912
2018-02-24 14:45:00,-0.912
2018-02-24 14:30:00,-0.911
2018-02-24 14:15:00,-0.908
2018-02-24 14:00:00,-0.907
2018-02-24 13:45:00,-0.906
2018-02-24 13:30:00,-0.904
2018-02-24 13:15:00,-0.906
2018-02-24 13:00:00,-0.907
2018-02-24 12:45:00,-0.906
2018-02-24 12:30:00,-0.905
2018-02-24 12:15:00,-0.904
2018-02-24 12:00:00,-0.91
2018-02-24 11:45:00,-0.919
2018-02-24 11:30:00,-0.918
2018-02-24 11:15:00,-0.916
2018-02-24 11:00:00,-0.911
2018-02-24 10:45:00,-0.891
2018-02-24 10:30:00,75.397
2018-02-24 10:15:00,182.914
2018-02-24 10:00:00,176.818
2018-02-24 09:45:00,169.215
2018-02-24 09:30:00,160.586
2018-02-24 09:15:00,149.207
2018-02-24 09:00:00,138.069
2018-02-24 08:45:00,125.344
2018-02-24 08:30:00,111.786
2018-02-24 08:15:00,97.337
2018-02-24 08:00:00,78.76
2018-02-24 07:45:00,61.259
2018-02-24 07:30:00,39.008
2018-02-24 07:15:00,15.451
2018-02-24 07:00:00,-1.094
2018-02-24 06:45:00,-1.387
2018-02-24 06:30:00,-1.278
2018-02-24 06:15:00,-0.918
2018-02-24 06:00:00,-2.351
2018-02-24 05:45:00,-5.855
2018-02-24 05:30:00,-7.176
2018-02-24 05:15:00,-8.791
2018-02-24 05:00:00,-6.968
2018-02-24 04:45:00,-7.886
2018-02-24 04:30:00,-8.767
2018-02-24 04:15:00,-9.502
2018-02-24 04:00:00,-12.704
2018-02-24 03:45:00,-13.12
2018-02-24 03:30:00,-15.052
2018-02-24 03:15:00,-12.095
2018-02-24 03:00:00,-13.117
2018-02-24 02:45:00,-11.98
2018-02-24 02:30:00,-16.605
2018-02-24 02:15:00,-16.004
2018-02-24 02:00:00,-18.214
2018-02-24 01:45:00,-19.2
2018-02-24 01:30:00,-19.811
2018-02-24 01:15:00,-20.095
2018-02-24 01:00:00,-21.828
2018-02-24 00:45:00,-21.936
2018-02-24 00:30:00,-23.346
2018-02-24 00:15:00,-23.835
2018-02-24 00:00:00,-27.491
2018-02-23 23:45:00,-27.292
2018-02-23 23:30:00,-26.851
2018-02-23 23:15:00,-25.297
2018-02-23 23:00:00,-23.277
2018-02-23 22:45:00,-8.275
2018-02-23 22:30:00,-14.72
2018-02-23 22:15:00,-27.111
2018-02-23 22:00:00,-29.136
2018-02-23 21:45:00,-30.541
2018-02-23 21:30:00,-31.007
2018-02-23 21:15:00,-33.071
2018-02-23 21:00:00,-33.4
2018-02-23 20:45:00,-25.482
2018-02-23 20:30:00,-19.595
2018-02-23 20:15:00,-25.602
2018-02-23 20:00:00,-34.544
2018-02-23 19:45:00,-40.677
2018-02-23 19:30:00,-48.063
2018-02-23 19:15:00,-40.603
2018-02-23 19:00:00,-33.859
2018-02-23 18:45:00,-39.556
2018-02-23 18:30:00,-41.843
2018-02-23 18:15:00,-44.017
2018-02-23 18:00:00,-44.811
2018-02-23 17:45:00,-44.115
2018-02-23 17:30:00,-42.748
2018-02-23 17:15:00,-30.743
2018-02-23 17:00:00,-16.777
2018-02-23 16:45:00,-4.386
2018-02-23 16:30:00,-0.535
2018-02-23 16:15:00,-0.912
2018-02-23 16:00:00,-0.915
2018-02-23 15:45:00,-0.564
2018-02-23 15:30:00,-0.911
2018-02-23 15:15:00,-0.911
2018-02-23 15:00:00,-0.911
2018-02-23 14:45:00,-0.911
2018-02-23 14:30:00,-0.021
2018-02-23 14:15:00,-0.924
2018-02-23 14:00:00,-0.92
2018-02-23 13:45:00,0.125
2018-02-23 13:30:00,-0.926
2018-02-23 13:15:00,0.134
2018-02-23 13:00:00,-0.928
2018-02-23 12:45:00,-0.071
2018-02-23 12:30:00,0.331
2018-02-23 12:15:00,2.265
2018-02-23 12:00:00,2.388
2018-02-23 11:45:00,28.049
2018-02-23 11:30:00,-0.918
2018-02-23 11:15:00,195.853
2018-02-23 11:00:00,107.337
2018-02-23 10:45:00,67.162
2018-02-23 10:30:00,117.731
2018-02-23 10:15:00,128.156
2018-02-23 10:00:00,96.594
2018-02-23 09:45:00,101.615
2018-02-23 09:30:00,86.31
2018-02-23 09:15:00,58.302
2018-02-23 09:00:00,45.519
2018-02-23 08:45:00,85.439
2018-02-23 08:30:00,43.354
2018-02-23 08:15:00,56.647
2018-02-23 08:00:00,31.2
2018-02-23 07:45:00,5.741
2018-02-23 07:30:00,-13.109
2018-02-23 07:15:00,-0.255
2018-02-23 07:00:00,-10.487
2018-02-23 06:45:00,-16.661
2018-02-23 06:30:00,-13.404
2018-02-23 06:15:00,-17.472
2018-02-23 06:00:00,-19.516
2018-02-23 05:45:00,-22.372
2018-02-23 05:30:00,-25.175
2018-02-23 05:15:00,-8.023
2018-02-23 05:00:00,-1.803
2018-02-23 04:45:00,-6.515
2018-02-23 04:30:00,-6.235
2018-02-23 04:15:00,-6.989
2018-02-23 04:00:00,-5.51
2018-02-23 03:45:00,-7.393
2018-02-23 03:30:00,-5.089
2018-02-23 03:15:00,-6.63
2018-02-23 03:00:00,-7.811
2018-02-23 02:45:00,-6.678
2018-02-23 02:30:00,-1.539
2018-02-23 02:15:00,-4.724
2018-02-23 02:00:00,-12.257
2018-02-23 01:45:00,-13.583
2018-02-23 01:30:00,-14.449
2018-02-23 01:15:00,-13.768
2018-02-23 01:00:00,-11.793
2018-02-23 00:45:00,-1.548
2018-02-23 00:30:00,-1.585
2018-02-23 00:15:00,-12.12
2018-02-23 00:00:00,-16.607
2018-02-22 23:45:00,-18.959
2018-02-22 23:30:00,-20.355
2018-02-22 23:15:00,-21.313
2018-02-22 23:00:00,-20.339
2018-02-22 22:45:00,-10.967
2018-02-22 22:30:00,-1.841
2018-02-22 22:15:00,-2.903
2018-02-22 22:00:00,-20.967
2018-02-22 21:45:00,-21.716
2018-02-22 21:30:00,-21.065
2018-02-22 21:15:00,-3.997
2018-02-22 21:00:00,-2.16
2018-02-22 20:45:00,-3.456
2018-02-22 20:30:00,-18.506
2018-02-22 20:15:00,-31.983
2018-02-22 20:00:00,-45.015
2018-02-22 19:45:00,-42.029
2018-02-22 19:30:00,-30.341
2018-02-22 19:15:00,-30.797
2018-02-22 19:00:00,-32.71
2018-02-22 18:45:00,-36.644
2018-02-22 18:30:00,-51.246
2018-02-22 18:15:00,-54.445
2018-02-22 18:00:00,-53.218
2018-02-22 17:45:00,-44.895
2018-02-22 17:30:00,-38.343
2018-02-22 17:15:00,-34.475
2018-02-22 17:00:00,-16.067
2018-02-22 16:45:00,-16.295
2018-02-22 16:30:00,-28.219
2018-02-22 16:15:00,-31.49
2018-02-22 16:00:00,-32.323
2018-02-22 15:45:00,-46.949
2018-02-22 15:30:00,-21.739
2018-02-22 15:15:00,-2.179
2018-02-22 15:00:00,-0.196
2018-02-22 14:45:00,-0.926
2018-02-22 14:30:00,0.582
2018-02-22 14:15:00,0.397
2018-02-22 14:00:00,0.637
2018-02-22 13:45:00,0.399
2018-02-22 13:30:00,1.725
2018-02-22 13:15:00,-0.431
2018-02-22 13:00:00,50.801
2018-02-22 12:45:00,192.856
2018-02-22 12:30:00,185.519
2018-02-22 12:15:00,154.335
2018-02-22 12:00:00,92.677
2018-02-22 11:45:00,34.303
2018-02-22 11:30:00,119.34
2018-02-22 11:15:00,38.169
2018-02-22 11:00:00,83.055
2018-02-22 10:45:00,50.223
2018-02-22 10:30:00,80.055
2018-02-22 10:15:00,76.915
2018-02-22 10:00:00,100.46
2018-02-22 09:45:00,68.663
2018-02-22 09:30:00,17.185
2018-02-22 09:15:00,13.978
2018-02-22 09:00:00,24.702
2018-02-22 08:45:00,15.167
2018-02-22 08:30:00,62.304
2018-02-22 08:15:00,-1.555
2018-02-22 08:00:00,-18.3
2018-02-22 07:45:00,-17.315
2018-02-22 07:30:00,-13.898
2018-02-22 07:15:00,-21.83
2018-02-22 07:00:00,-29.833
2018-02-22 06:45:00,-10.051
2018-02-22 06:30:00,-10.03
2018-02-22 06:15:00,-6.138
2018-02-22 06:00:00,-10.135
2018-02-22 05:45:00,-10.488
2018-02-22 05:30:00,-14.487
2018-02-22 05:15:00,-14.024
2018-02-22 05:00:00,-3.226
2018-02-22 04:45:00,-2.373
2018-02-22 04:30:00,-2.032
2018-02-22 04:15:00,-4.43
2018-02-22 04:00:00,-4.923
2018-02-22 03:45:00,-5.367
2018-02-22 03:30:00,-3.945
2018-02-22 03:15:00,-4.658
2018-02-22 03:00:00,-5.472
2018-02-22 02:45:00,-5.873
2018-02-22 02:30:00,-5.933
2018-02-22 02:15:00,-4.174
2018-02-22 02:00:00,-5.409
2018-02-22 01:45:00,-7.533
2018-02-22 01:30:00,-8.559
2018-02-22 01:15:00,-8.292
2018-02-22 01:00:00,-7.425
2018-02-22 00:45:00,-7.727
2018-02-22 00:30:00,-9.152
2018-02-22 00:15:00,-10.058
2018-02-22 00:00:00,-10.209
2018-02-21 23:45:00,-9.799
2018-02-21 23:30:00,-8.985
2018-02-21 23:15:00,-9.153
2018-02-21 23:00:00,-13.305
2018-02-21 22:45:00,-12.242
2018-02-21 22:30:00,-12.667
2018-02-21 22:15:00,-11.888
2018-02-21 22:00:00,-15.373
2018-02-21 21:45:00,-18.861
2018-02-21 21:30:00,-20.821
2018-02-21 21:15:00,-20.74
2018-02-21 21:00:00,-23.723
2018-02-21 20:45:00,-24.254
2018-02-21 20:30:00,-28.715
2018-02-21 20:15:00,-36.272
2018-02-21 20:00:00,-40.144
2018-02-21 19:45:00,-32.883
2018-02-21 19:30:00,-36.891
2018-02-21 19:15:00,-40.593
2018-02-21 19:00:00,-43.298
2018-02-21 18:45:00,-49.665
2018-02-21 18:30:00,-57.776
2018-02-21 18:15:00,-58.447
2018-02-21 18:00:00,-59.356
2018-02-21 17:45:00,-51.212
2018-02-21 17:30:00,-66.056
2018-02-21 17:15:00,-58.132
2018-02-21 17:00:00,-32.527
2018-02-21 16:45:00,-8.87
2018-02-21 16:30:00,-0.936
2018-02-21 16:15:00,0.453
2018-02-21 16:00:00,0.638
2018-02-21 15:45:00,6.546
2018-02-21 15:30:00,-5.619
2018-02-21 15:15:00,0.457
2018-02-21 15:00:00,3.257
2018-02-21 14:45:00,3.932
2018-02-21 14:30:00,52.413
2018-02-21 14:15:00,101.596
2018-02-21 14:00:00,68.356
2018-02-21 13:45:00,132.0
2018-02-21 13:30:00,68.095
2018-02-21 13:15:00,186.211
2018-02-21 13:00:00,88.389
2018-02-21 12:45:00,90.806
2018-02-21 12:30:00,1.245
2018-02-21 12:15:00,166.133
2018-02-21 12:00:00,92.677
2018-02-21 11:45:00,88.873
2018-02-21 11:30:00,-25.77
2018-02-21 11:15:00,-43.661
2018-02-21 11:00:00,43.399
2018-02-21 10:45:00,64.073
2018-02-21 10:30:00,31.278
2018-02-21 10:15:00,109.641
2018-02-21 10:00:00,38.324
2018-02-21 09:45:00,-1.197
2018-02-21 09:30:00,1.248
2018-02-21 09:15:00,-30.523
2018-02-21 09:00:00,-28.482
2018-02-21 08:45:00,-18.226
2018-02-21 08:30:00,-2.033
2018-02-21 08:15:00,26.45
2018-02-21 08:00:00,53.619
2018-02-21 07:45:00,9.61
2018-02-21 07:30:00,2.431
2018-02-21 07:15:00,-13.56
2018-02-21 07:00:00,-12.89
2018-02-21 06:45:00,-10.423
2018-02-21 06:30:00,-10.803
2018-02-21 06:15:00,-13.69
2018-02-21 06:00:00,-16.004
2018-02-21 05:45:00,-17.399
2018-02-21 05:30:00,-24.02
2018-02-21 05:15:00,-12.876
2018-02-21 05:00:00,-12.5
2018-02-21 04:45:00,-11.821
2018-02-21 04:30:00,-11.565
2018-02-21 04:15:00,-10.242
2018-02-21 04:00:00,-14.372
2018-02-21 03:45:00,-13.094
2018-02-21 03:30:00,-16.517
2018-02-21 03:15:00,-15.183
2018-02-21 03:00:00,-15.954
2018-02-21 02:45:00,-16.48
2018-02-21 02:30:00,-18.06
2018-02-21 02:15:00,-18.071
2018-02-21 02:00:00,-16.519
2018-02-21 01:45:00,-16.772
2018-02-21 01:30:00,-17.817
2018-02-21 01:15:00,-20.27
2018-02-21 01:00:00,-20.476
2018-02-21 00:45:00,-19.334
2018-02-21 00:30:00,-19.747
2018-02-21 00:15:00,-21.268
2018-02-21 00:00:00,-22.177
2018-02-20 23:45:00,-22.206
2018-02-20 23:30:00,-22.16
2018-02-20 23:15:00,-22.645
2018-02-20 23:00:00,-22.971
2018-02-20 22:45:00,-23.667
2018-02-20 22:30:00,-25.67
2018-02-20 22:15:00,-24.455
2018-02-20 22:00:00,-26.735
2018-02-20 21:45:00,-26.601
2018-02-20 21:30:00,-29.098
2018-02-20 21:15:00,-28.173
2018-02-20 21:00:00,-17.133
2018-02-20 20:45:00,-7.985
2018-02-20 20:30:00,-17.604
2018-02-20 20:15:00,-31.928
2018-02-20 20:00:00,-43.548
2018-02-20 19:45:00,-41.334
2018-02-20 19:30:00,-42.643
2018-02-20 19:15:00,-27.137
2018-02-20 19:00:00,-28.456
2018-02-20 18:45:00,-27.35
2018-02-20 18:30:00,-29.738
2018-02-20 18:15:00,-28.185
2018-02-20 18:00:00,-29.576
2018-02-20 17:45:00,-27.974
2018-02-20 17:30:00,-28.29
2018-02-20 17:15:00,-21.827
2018-02-20 17:00:00,-1.963
2018-02-20 16:45:00,-1.534
2018-02-20 16:30:00,-0.923
2018-02-20 16:15:00,-0.92
2018-02-20 16:00:00,-0.916
2018-02-20 15:45:00,-0.915
2018-02-20 15:30:00,-0.915
2018-02-20 15:15:00,-0.353
2018-02-20 15:00:00,-0.928
2018-02-20 14:45:00,-0.932
2018-02-20 14:30:00,-0.928
2018-02-20 14:15:00,-0.929
2018-02-20 14:00:00,-0.93
2018-02-20 13:45:00,-0.93
2018-02-20 13:30:00,-0.928
2018-02-20 13:15:00,-0.923
2018-02-20 13:00:00,-0.915
2018-02-20 12:45:00,-0.915
2018-02-20 12:30:00,0.272
2018-02-20 12:15:00,-0.923
2018-02-20 12:00:00,-0.919
2018-02-20 11:45:00,-0.918
2018-02-20 11:30:00,-0.101
2018-02-20 11:15:00,-0.917
2018-02-20 11:00:00,-0.914
2018-02-20 10:45:00,-0.099
2018-02-20 10:30:00,-0.911
2018-02-20 10:15:00,0.118
2018-02-20 10:00:00,-0.175
2018-02-20 09:45:00,0.898
2018-02-20 09:30:00,0.018
2018-02-20 09:15:00,38.623
2018-02-20 09:00:00,79.449
2018-02-20 08:45:00,70.952
2018-02-20 08:30:00,53.641
2018-02-20 08:15:00,34.864
2018-02-20 08:00:00,23.126
2018-02-20 07:45:00,14.737
2018-02-20 07:30:00,-3.126
2018-02-20 07:15:00,-18.665
2018-02-20 07:00:00,-39.56
2018-02-20 06:45:00,-37.825
2018-02-20 06:30:00,-20.643
2018-02-20 06:15:00,-16.597
2018-02-20 06:00:00,-21.784
2018-02-20 05:45:00,-21.63
2018-02-20 05:30:00,-20.955
2018-02-20 05:15:00,-2.075
2018-02-20 05:00:00,-1.893
2018-02-20 04:45:00,-2.257
2018-02-20 04:30:00,-1.818
2018-02-20 04:15:00,-3.189
2018-02-20 04:00:00,-2.978
2018-02-20 03:45:00,-2.466
2018-02-20 03:30:00,-1.84
2018-02-20 03:15:00,-2.579
2018-02-20 03:00:00,-4.521
2018-02-20 02:45:00,-3.843
2018-02-20 02:30:00,-4.312
2018-02-20 02:15:00,-2.771
2018-02-20 02:00:00,-3.908
2018-02-20 01:45:00,-3.614
2018-02-20 01:30:00,-5.027
2018-02-20 01:15:00,-4.296
2018-02-20 01:00:00,-4.271
2018-02-20 00:45:00,-2.966
2018-02-20 00:30:00,-4.132
2018-02-20 00:15:00,-4.767
2018-02-20 00:00:00,-3.209
2018-02-19 23:45:00,-0.925
2018-02-19 23:30:00,-0.926
2018-02-19 23:15:00,-0.925
2018-02-19 23:00:00,-0.927
2018-02-19 22:45:00,-0.926
2018-02-19 22:30:00,-4.71
2018-02-19 22:15:00,-4.944
2018-02-19 22:00:00,-3.012
2018-02-19 21:45:00,-3.595
2018-02-19 21:30:00,-3.534
2018-02-19 21:15:00,-3.963
2018-02-19 21:00:00,-1.296
2018-02-19 20:45:00,-0.928
2018-02-19 20:30:00,-0.929
2018-02-19 20:15:00,-0.93
2018-02-19 20:00:00,-0.931
2018-02-19 19:45:00,-0.93
2018-02-19 19:30:00,-0.93
2018-02-19 19:15:00,-0.935
2018-02-19 19:00:00,-0.935
2018-02-19 18:45:00,-1.004
2018-02-19 18:30:00,-6.591
2018-02-19 18:15:00,-8.953
2018-02-19 18:00:00,-5.149
2018-02-19 17:45:00,-0.924
2018-02-19 17:30:00,-0.925
2018-02-19 17:15:00,-0.926
2018-02-19 17:00:00,-0.928
2018-02-19 16:45:00,-0.928
2018-02-19 16:30:00,-0.929
2018-02-19 16:15:00,-0.929
2018-02-19 16:00:00,-0.928
2018-02-19 15:45:00,-0.93
2018-02-19 15:30:00,-0.933
2018-02-19 15:15:00,-0.932
2018-02-19 15:00:00,-0.934
2018-02-19 14:45:00,-0.935
2018-02-19 14:30:00,-0.934
2018-02-19 14:15:00,-0.933
2018-02-19 14:00:00,-0.931
2018-02-19 13:45:00,-0.929
2018-02-19 13:30:00,-0.932
2018-02-19 13:15:00,-0.933
2018-02-19 13:00:00,-0.932
2018-02-19 12:45:00,-0.933
2018-02-19 12:30:00,-0.934
2018-02-19 12:15:00,-0.934
2018-02-19 12:00:00,-0.934
2018-02-19 11:45:00,-0.936
2018-02-19 11:30:00,-0.933
2018-02-19 11:15:00,-0.934
2018-02-19 11:00:00,-0.789
2018-02-19 10:45:00,142.971
2018-02-19 10:30:00,198.284
2018-02-19 10:15:00,191.205
2018-02-19 10:00:00,178.216
2018-02-19 09:45:00,167.18
2018-02-19 09:30:00,130.221
2018-02-19 09:15:00,116.896
2018-02-19 09:00:00,118.141
2018-02-19 08:45:00,99.452
2018-02-19 08:30:00,85.606
2018-02-19 08:15:00,45.349
2018-02-19 08:00:00,-2.327
2018-02-19 07:45:00,-1.175
2018-02-19 07:30:00,21.814
2018-02-19 07:15:00,3.329
2018-02-19 07:00:00,-10.707
2018-02-19 06:45:00,-22.98
2018-02-19 06:30:00,-28.246
2018-02-19 06:15:00,-32.623
2018-02-19 06:00:00,-44.867
2018-02-19 05:45:00,-36.076
2018-02-19 05:30:00,-17.109
2018-02-19 05:15:00,-17.995
2018-02-19 05:00:00,-15.609
2018-02-19 04:45:00,-29.926
2018-02-19 04:30:00,-32.292
2018-02-19 04:15:00,-31.904
2018-02-19 04:00:00,-22.535
2018-02-19 03:45:00,-17.89
2018-02-19 03:30:00,-18.27
2018-02-19 03:15:00,-16.901
2018-02-19 03:00:00,-16.392
2018-02-19 02:45:00,-17.58
2018-02-19 02:30:00,-17.984
2018-02-19 02:15:00,-18.848
2018-02-19 02:00:00,-16.095
2018-02-19 01:45:00,-18.2
2018-02-19 01:30:00,-16.49
2018-02-19 01:15:00,-18.762
2018-02-19 01:00:00,-18.558
2018-02-19 00:45:00,-19.255
2018-02-19 00:30:00,-19.421
2018-02-19 00:15:00,-18.933
2018-02-19 00:00:00,-17.672
2018-02-18 23:45:00,-17.722
2018-02-18 23:30:00,-17.836
2018-02-18 23:15:00,-28.958
2018-02-18 23:00:00,-37.898
2018-02-18 22:45:00,-22.846
2018-02-18 22:30:00,-19.459
2018-02-18 22:15:00,-19.737
2018-02-18 22:00:00,-19.4
2018-02-18 21:45:00,-19.183
2018-02-18 21:30:00,-21.268
2018-02-18 21:15:00,-19.648
2018-02-18 21:00:00,-20.3
2018-02-18 20:45:00,-24.063
2018-02-18 20:30:00,-20.107
2018-02-18 20:15:00,-21.641
2018-02-18 20:00:00,-21.085
2018-02-18 19:45:00,-21.46
2018-02-18 19:30:00,-21.414
2018-02-18 19:15:00,-22.135
2018-02-18 19:00:00,-22.929
2018-02-18 18:45:00,-22.793
2018-02-18 18:30:00,-24.499
2018-02-18 18:15:00,-25.184
2018-02-18 18:00:00,-23.423
2018-02-18 17:45:00,-26.314
2018-02-18 17:30:00,-22.203
2018-02-18 17:15:00,-17.927
2018-02-18 17:00:00,-2.849
2018-02-18 16:45:00,-0.916
2018-02-18 16:30:00,-0.913
2018-02-18 16:15:00,-0.914
2018-02-18 16:00:00,-0.914
2018-02-18 15:45:00,-0.914
2018-02-18 15:30:00,-0.916
2018-02-18 15:15:00,-0.915
2018-02-18 15:00:00,-0.918
2018-02-18 14:45:00,-0.918
2018-02-18 14:30:00,-0.917
2018-02-18 14:15:00,-0.915
2018-02-18 14:00:00,-0.917
2018-02-18 13:45:00,-0.918
2018-02-18 13:30:00,-0.917
2018-02-18 13:15:00,-0.915
2018-02-18 13:00:00,-0.915
2018-02-18 12:45:00,-0.916
2018-02-18 12:30:00,-0.918
2018-02-18 12:15:00,-0.918
2018-02-18 12:00:00,-0.919
2018-02-18 11:45:00,-0.918
2018-02-18 11:30:00,-0.915
2018-02-18 11:15:00,-0.93
2018-02-18 11:00:00,84.272
2018-02-18 10:45:00,91.812
2018-02-18 10:30:00,147.803
2018-02-18 10:15:00,163.533
2018-02-18 10:00:00,146.194
2018-02-18 09:45:00,153.33
2018-02-18 09:30:00,133.22
2018-02-18 09:15:00,128.709
2018-02-18 09:00:00,110.045
2018-02-18 08:45:00,52.355
2018-02-18 08:30:00,87.879
2018-02-18 08:15:00,64.347
2018-02-18 08:00:00,39.626
2018-02-18 07:45:00,-2.09
2018-02-18 07:30:00,-0.816
2018-02-18 07:15:00,-23.189
2018-02-18 07:00:00,-22.038
2018-02-18 06:45:00,-9.699
2018-02-18 06:30:00,-10.121
2018-02-18 06:15:00,-10.094
2018-02-18 06:00:00,-15.493
2018-02-18 05:45:00,-17.009
2018-02-18 05:30:00,-29.074
2018-02-18 05:15:00,-32.226
2018-02-18 05:00:00,-31.033
2018-02-18 04:45:00,-32.403
2018-02-18 04:30:00,-32.393
2018-02-18 04:15:00,-33.744
2018-02-18 04:00:00,-31.41
2018-02-18 03:45:00,-20.771
2018-02-18 03:30:00,-15.624
2018-02-18 03:15:00,-16.281
2018-02-18 03:00:00,-18.041
2018-02-18 02:45:00,-18.904
2018-02-18 02:30:00,-16.721
2018-02-18 02:15:00,-16.927
2018-02-18 02:00:00,-16.292
2018-02-18 01:45:00,-17.405
2018-02-18 01:30:00,-16.55
2018-02-18 01:15:00,-19.281
2018-02-18 01:00:00,-18.258
2018-02-18 00:45:00,-17.415
2018-02-18 00:30:00,-18.017
2018-02-18 00:15:00,-17.295
2018-02-18 00:00:00,-17.18
2018-02-17 23:45:00,-17.691
2018-02-17 23:30:00,-17.967
2018-02-17 23:15:00,-19.876
2018-02-17 23:00:00,-17.297
2018-02-17 22:45:00,-18.42
2018-02-17 22:30:00,-17.743
2018-02-17 22:15:00,-18.573
2018-02-17 22:00:00,-18.526
2018-02-17 21:45:00,-17.921
2018-02-17 21:30:00,-18.204
2018-02-17 21:15:00,-20.148
2018-02-17 21:00:00,-21.646
2018-02-17 20:45:00,-18.896
2018-02-17 20:30:00,-19.95
2018-02-17 20:15:00,-20.156
2018-02-17 20:00:00,-20.897
2018-02-17 19:45:00,-21.814
2018-02-17 19:30:00,-23.372
2018-02-17 19:15:00,-24.123
2018-02-17 19:00:00,-22.418
2018-02-17 18:45:00,-22.949
2018-02-17 18:30:00,-24.956
2018-02-17 18:15:00,-24.522
2018-02-17 18:00:00,-25.839
2018-02-17 17:45:00,-24.57
2018-02-17 17:30:00,-23.906
2018-02-17 17:15:00,-14.75
2018-02-17 17:00:00,-0.93
2018-02-17 16:45:00,-0.935
2018-02-17 16:30:00,-0.937
2018-02-17 16:15:00,-0.937
2018-02-17 16:00:00,-0.935
2018-02-17 15:45:00,-0.936
2018-02-17 15:30:00,-0.936
2018-02-17 15:15:00,-0.935
2018-02-17 15:00:00,-0.933
2018-02-17 14:45:00,-0.933
2018-02-17 14:30:00,-0.932
2018-02-17 14:15:00,-0.931
2018-02-17 14:00:00,-0.931
2018-02-17 13:45:00,-0.931
2018-02-17 13:30:00,-0.927
2018-02-17 13:15:00,-0.93
2018-02-17 13:00:00,-0.927
2018-02-17 12:45:00,-0.931
2018-02-17 12:30:00,-0.923
2018-02-17 12:15:00,-0.922
2018-02-17 12:00:00,-0.928
2018-02-17 11:45:00,-0.93
2018-02-17 11:30:00,-0.93
2018-02-17 11:15:00,-0.927
2018-02-17 11:00:00,-2.024
2018-02-17 10:45:00,12.558
2018-02-17 10:30:00,144.945
2018-02-17 10:15:00,152.693
2018-02-17 10:00:00,153.134
2018-02-17 09:45:00,133.968
2018-02-17 09:30:00,142.046
2018-02-17 09:15:00,135.457
2018-02-17 09:00:00,123.8
2018-02-17 08:45:00,112.029
2018-02-17 08:30:00,86.604
2018-02-17 08:15:00,66.059
2018-02-17 08:00:00,49.221
2018-02-17 07:45:00,33.133
2018-02-17 07:30:00,19.474
2018-02-17 07:15:00,0.036
2018-02-17 07:00:00,-2.6
2018-02-17 06:45:00,-6.688
2018-02-17 06:30:00,-20.382
2018-02-17 06:15:00,-19.683
2018-02-17 06:00:00,-24.387
2018-02-17 05:45:00,-25.49
2018-02-17 05:30:00,-26.681
2018-02-17 05:15:00,-24.5
2018-02-17 05:00:00,-16.185
2018-02-17 04:45:00,-6.199
2018-02-17 04:30:00,-6.791
2018-02-17 04:15:00,-9.008
2018-02-17 04:00:00,-7.661
2018-02-17 03:45:00,-7.317
2018-02-17 03:30:00,-9.725
2018-02-17 03:15:00,-25.084
2018-02-17 03:00:00,-26.697
2018-02-17 02:45:00,-26.234
2018-02-17 02:30:00,-19.628
2018-02-17 02:15:00,-7.32
2018-02-17 02:00:00,-8.671
2018-02-17 01:45:00,-7.398
2018-02-17 01:30:00,-7.656
2018-02-17 01:15:00,-6.778
2018-02-17 01:00:00,-9.247
2018-02-17 00:45:00,-9.608
2018-02-17 00:30:00,-8.029
2018-02-17 00:15:00,-7.696
2018-02-17 00:00:00,-8.788
2018-02-16 23:45:00,-6.599
2018-02-16 23:30:00,-10.368
2018-02-16 23:15:00,-8.189
2018-02-16 23:00:00,-9.169
2018-02-16 22:45:00,-8.295
2018-02-16 22:30:00,-7.549
2018-02-16 22:15:00,-8.134
2018-02-16 22:00:00,-8.67
2018-02-16 21:45:00,-9.047
2018-02-16 21:30:00,-8.308
2018-02-16 21:15:00,-8.657
2018-02-16 21:00:00,-11.444
2018-02-16 20:45:00,-9.967
2018-02-16 20:30:00,-10.224
2018-02-16 20:15:00,-13.594
2018-02-16 20:00:00,-28.478
2018-02-16 19:45:00,-28.692
2018-02-16 19:30:00,-29.123
2018-02-16 19:15:00,-29.456
2018-02-16 19:00:00,-28.799
2018-02-16 18:45:00,-31.047
2018-02-16 18:30:00,-31.721
2018-02-16 18:15:00,-47.793
2018-02-16 18:00:00,-52.664
2018-02-16 17:45:00,-53.535
2018-02-16 17:30:00,-53.259
2018-02-16 17:15:00,-48.775
2018-02-16 17:00:00,-24.891
2018-02-16 16:45:00,-8.457
2018-02-16 16:30:00,-2.158
2018-02-16 16:15:00,-0.927
2018-02-16 16:00:00,-0.934
2018-02-16 15:45:00,-0.929
2018-02-16 15:30:00,1.837
2018-02-16 15:15:00,-0.933
2018-02-16 15:00:00,-0.93
2018-02-16 14:45:00,-0.928
2018-02-16 14:30:00,-0.927
2018-02-16 14:15:00,0.186
2018-02-16 14:00:00,-0.936
2018-02-16 13:45:00,-0.102
2018-02-16 13:30:00,-0.926
2018-02-16 13:15:00,-0.08
2018-02-16 13:00:00,-0.267
2018-02-16 12:45:00,-0.911
2018-02-16 12:30:00,1.121
2018-02-16 12:15:00,-0.09
2018-02-16 12:00:00,-0.929
2018-02-16 11:45:00,-0.918
2018-02-16 11:30:00,49.613
2018-02-16 11:15:00,177.18
2018-02-16 11:00:00,176.05
2018-02-16 10:45:00,148.831
2018-02-16 10:30:00,146.982
2018-02-16 10:15:00,122.138
2018-02-16 10:00:00,26.773
2018-02-16 09:45:00,64.142
2018-02-16 09:30:00,116.11
2018-02-16 09:15:00,98.062
2018-02-16 09:00:00,93.529
2018-02-16 08:45:00,87.716
2018-02-16 08:30:00,53.08
2018-02-16 08:15:00,29.801
2018-02-16 08:00:00,7.083
2018-02-16 07:45:00,6.39
2018-02-16 07:30:00,-1.402
2018-02-16 07:15:00,-16.966
2018-02-16 07:00:00,-33.422
2018-02-16 06:45:00,-41.176
2018-02-16 06:30:00,-30.037
2018-02-16 06:15:00,-13.623
2018-02-16 06:00:00,-17.007
2018-02-16 05:45:00,-18.45
2018-02-16 05:30:00,-38.288
2018-02-16 05:15:00,-37.481
2018-02-16 05:00:00,-29.579
2018-02-16 04:45:00,-28.249
2018-02-16 04:30:00,-17.016
2018-02-16 04:15:00,-12.013
2018-02-16 04:00:00,-10.344
2018-02-16 03:45:00,-13.419
2018-02-16 03:30:00,-12.198
2018-02-16 03:15:00,-13.502
2018-02-16 03:00:00,-11.055
2018-02-16 02:45:00,-11.37
2018-02-16 02:30:00,-12.085
2018-02-16 02:15:00,-13.664
2018-02-16 02:00:00,-12.341
2018-02-16 01:45:00,-11.137
2018-02-16 01:30:00,-11.449
2018-02-16 01:15:00,-12.792
2018-02-16 01:00:00,-12.548
2018-02-16 00:45:00,-13.231
2018-02-16 00:30:00,-11.969
2018-02-16 00:15:00,-13.096
2018-02-16 00:00:00,-11.071
2018-02-15 23:45:00,-14.465
2018-02-15 23:30:00,-13.764
2018-02-15 23:15:00,-13.18
2018-02-15 23:00:00,-12.086
2018-02-15 22:45:00,-13.73
2018-02-15 22:30:00,-14.481
2018-02-15 22:15:00,-14.9
2018-02-15 22:00:00,-15.951
2018-02-15 21:45:00,-15.434
2018-02-15 21:30:00,-16.164
2018-02-15 21:15:00,-16.094
2018-02-15 21:00:00,-15.371
2018-02-15 20:45:00,-19.937
2018-02-15 20:30:00,-20.74
2018-02-15 20:15:00,-21.571
2018-02-15 20:00:00,-29.188
2018-02-15 19:45:00,-31.138
2018-02-15 19:30:00,-33.328
2018-02-15 19:15:00,-31.959
2018-02-15 19:00:00,-34.296
2018-02-15 18:45:00,-35.296
2018-02-15 18:30:00,-33.435
2018-02-15 18:15:00,-33.852
2018-02-15 18:00:00,-35.975
2018-02-15 17:45:00,-36.878
2018-02-15 17:30:00,-37.668
2018-02-15 17:15:00,-33.023
2018-02-15 17:00:00,-16.229
2018-02-15 16:45:00,-16.239
2018-02-15 16:30:00,-6.311
2018-02-15 16:15:00,-8.053
2018-02-15 16:00:00,-16.631
2018-02-15 15:45:00,-2.896
2018-02-15 15:30:00,-0.935
2018-02-15 15:15:00,-0.935
2018-02-15 15:00:00,-0.932
2018-02-15 14:45:00,-0.934
2018-02-15 14:30:00,-0.93
2018-02-15 14:15:00,-0.925
2018-02-15 14:00:00,-0.927
2018-02-15 13:45:00,-0.926
2018-02-15 13:30:00,-0.926
2018-02-15 13:15:00,-0.927
2018-02-15 13:00:00,-0.928
2018-02-15 12:45:00,-0.93
2018-02-15 12:30:00,-0.929
2018-02-15 12:15:00,-0.929
2018-02-15 12:00:00,-0.927
2018-02-15 11:45:00,-0.912
2018-02-15 11:30:00,84.831
2018-02-15 11:15:00,161.589
2018-02-15 11:00:00,158.09
2018-02-15 10:45:00,126.241
2018-02-15 10:30:00,134.353
2018-02-15 10:15:00,129.445
2018-02-15 10:00:00,122.487
2018-02-15 09:45:00,115.459
2018-02-15 09:30:00,107.25
2018-02-15 09:15:00,100.042
2018-02-15 09:00:00,87.803
2018-02-15 08:45:00,76.82
2018-02-15 08:30:00,58.835
2018-02-15 08:15:00,44.643
2018-02-15 08:00:00,29.115
2018-02-15 07:45:00,19.442
2018-02-15 07:30:00,-0.017
2018-02-15 07:15:00,-13.323
2018-02-15 07:00:00,-23.737
2018-02-15 06:45:00,-17.141
2018-02-15 06:30:00,-14.134
2018-02-15 06:15:00,-13.463
2018-02-15 06:00:00,-16.924
2018-02-15 05:45:00,-21.164
2018-02-15 05:30:00,-23.413
2018-02-15 05:15:00,-15.823
2018-02-15 05:00:00,-8.675
2018-02-15 04:45:00,-9.821
2018-02-15 04:30:00,-7.548
2018-02-15 04:15:00,-9.914
2018-02-15 04:00:00,-7.42
2018-02-15 03:45:00,-9.358
2018-02-15 03:30:00,-8.702
2018-02-15 03:15:00,-9.93
2018-02-15 03:00:00,-9.387
2018-02-15 02:45:00,-9.786
2018-02-15 02:30:00,-8.113
2018-02-15 02:15:00,-8.744
2018-02-15 02:00:00,-10.0
2018-02-15 01:45:00,-8.563
2018-02-15 01:30:00,-8.154
2018-02-15 01:15:00,-9.879
2018-02-15 01:00:00,-11.329
2018-02-15 00:45:00,-10.296
2018-02-15 00:30:00,-9.974
2018-02-15 00:15:00,-10.775
2018-02-15 00:00:00,-11.185
2018-02-14 23:45:00,-12.922
2018-02-14 23:30:00,-11.491
2018-02-14 23:15:00,-13.593
2018-02-14 23:00:00,-13.241
2018-02-14 22:45:00,-15.796
2018-02-14 22:30:00,-12.704
2018-02-14 22:15:00,-13.36
2018-02-14 22:00:00,-12.938
2018-02-14 21:45:00,-14.465
2018-02-14 21:30:00,-13.133
2018-02-14 21:15:00,-15.059
2018-02-14 21:00:00,-12.98
2018-02-14 20:45:00,-15.199
2018-02-14 20:30:00,-17.482
2018-02-14 20:15:00,-20.843
2018-02-14 20:00:00,-26.95
2018-02-14 19:45:00,-28.396
2018-02-14 19:30:00,-29.039
2018-02-14 19:15:00,-33.761
2018-02-14 19:00:00,-34.188
2018-02-14 18:45:00,-34.934
2018-02-14 18:30:00,-35.481
2018-02-14 18:15:00,-36.082
2018-02-14 18:00:00,-36.873
2018-02-14 17:45:00,-37.269
2018-02-14 17:30:00,-52.268
2018-02-14 17:15:00,-52.342
2018-02-14 17:00:00,-17.456
2018-02-14 16:45:00,-35.996
2018-02-14 16:30:00,-37.519
2018-02-14 16:15:00,-34.81
2018-02-14 16:00:00,-30.614
2018-02-14 15:45:00,-30.419
2018-02-14 15:30:00,-3.043
2018-02-14 15:15:00,-3.386
2018-02-14 15:00:00,-0.981
2018-02-14 14:45:00,-0.285
2018-02-14 14:30:00,1.592
2018-02-14 14:15:00,-0.43
2018-02-14 14:00:00,-0.921
2018-02-14 13:45:00,-0.562
2018-02-14 13:30:00,-0.926
2018-02-14 13:15:00,0.646
2018-02-14 13:00:00,0.334
2018-02-14 12:45:00,1.152
2018-02-14 12:30:00,-0.136
2018-02-14 12:15:00,3.435
2018-02-14 12:00:00,3.635
2018-02-14 11:45:00,34.755
2018-02-14 11:30:00,54.407
2018-02-14 11:15:00,80.063
2018-02-14 11:00:00,145.28
2018-02-14 10:45:00,125.125
2018-02-14 10:30:00,120.761
2018-02-14 10:15:00,132.519
2018-02-14 10:00:00,121.43
2018-02-14 09:45:00,113.666
2018-02-14 09:30:00,104.391
2018-02-14 09:15:00,95.122
2018-02-14 09:00:00,80.822
2018-02-14 08:45:00,61.073
2018-02-14 08:30:00,46.078
2018-02-14 08:15:00,26.247
2018-02-14 08:00:00,28.938
2018-02-14 07:45:00,13.597
2018-02-14 07:30:00,-23.219
2018-02-14 07:15:00,-27.645
2018-02-14 07:00:00,-27.972
2018-02-14 06:45:00,-30.759
2018-02-14 06:30:00,-19.232
2018-02-14 06:15:00,-17.54
2018-02-14 06:00:00,-24.833
2018-02-14 05:45:00,-23.324
2018-02-14 05:30:00,-26.096
2018-02-14 05:15:00,-20.027
2018-02-14 05:00:00,-10.002
2018-02-14 04:45:00,-9.085
2018-02-14 04:30:00,-9.81
2018-02-14 04:15:00,-9.062
2018-02-14 04:00:00,-9.212
2018-02-14 03:45:00,-7.195
2018-02-14 03:30:00,-10.411
2018-02-14 03:15:00,-9.794
2018-02-14 03:00:00,-11.559
2018-02-14 02:45:00,-12.595
2018-02-14 02:30:00,-12.693
2018-02-14 02:15:00,-14.016
2018-02-14 02:00:00,-14.719
2018-02-14 01:45:00,-14.629
2018-02-14 01:30:00,-14.821
2018-02-14 01:15:00,-16.227
2018-02-14 01:00:00,-16.146
2018-02-14 00:45:00,-17.79
2018-02-14 00:30:00,-16.108
2018-02-14 00:15:00,-16.291
2018-02-14 00:00:00,-16.345
2018-02-13 23:45:00,-16.369
2018-02-13 23:30:00,-16.175
2018-02-13 23:15:00,-17.877
2018-02-13 23:00:00,-18.963
2018-02-13 22:45:00,-19.186
2018-02-13 22:30:00,-18.877
2018-02-13 22:15:00,-19.416
2018-02-13 22:00:00,-18.629
2018-02-13 21:45:00,-18.902
2018-02-13 21:30:00,-19.283
2018-02-13 21:15:00,-20.638
2018-02-13 21:00:00,-21.182
2018-02-13 20:45:00,-20.756
2018-02-13 20:30:00,-20.87
2018-02-13 20:15:00,-21.948
2018-02-13 20:00:00,-28.383
2018-02-13 19:45:00,-28.102
2018-02-13 19:30:00,-27.975
2018-02-13 19:15:00,-29.649
2018-02-13 19:00:00,-30.352
2018-02-13 18:45:00,-30.414
2018-02-13 18:30:00,-29.961
2018-02-13 18:15:00,-30.964
2018-02-13 18:00:00,-30.143
2018-02-13 17:45:00,-32.47
2018-02-13 17:30:00,-28.551
2018-02-13 17:15:00,-36.509
2018-02-13 17:00:00,-27.437
2018-02-13 16:45:00,-22.634
2018-02-13 16:30:00,-11.901
2018-02-13 16:15:00,-7.224
2018-02-13 16:00:00,-4.78
2018-02-13 15:45:00,-4.321
2018-02-13 15:30:00,-0.929
2018-02-13 15:15:00,-0.928
2018-02-13 15:00:00,-0.926
2018-02-13 14:45:00,-0.925
2018-02-13 14:30:00,-0.923
2018-02-13 14:15:00,-0.922
2018-02-13 14:00:00,-0.922
2018-02-13 13:45:00,-0.923
2018-02-13 13:30:00,-0.922
2018-02-13 13:15:00,-0.924
2018-02-13 13:00:00,-0.921
2018-02-13 12:45:00,-0.922
2018-02-13 12:30:00,-0.923
2018-02-13 12:15:00,-0.924
2018-02-13 12:00:00,-0.894
2018-02-13 11:45:00,84.929
2018-02-13 11:30:00,54.89
2018-02-13 11:15:00,62.718
2018-02-13 11:00:00,89.614
2018-02-13 10:45:00,98.527
2018-02-13 10:30:00,133.27
2018-02-13 10:15:00,143.476
2018-02-13 10:00:00,136.058
2018-02-13 09:45:00,128.822
2018-02-13 09:30:00,120.042
2018-02-13 09:15:00,115.433
2018-02-13 09:00:00,104.916
2018-02-13 08:45:00,84.959
2018-02-13 08:30:00,69.728
2018-02-13 08:15:00,58.449
2018-02-13 08:00:00,36.052
2018-02-13 07:45:00,4.753
2018-02-13 07:30:00,-11.213
2018-02-13 07:15:00,-26.734
2018-02-13 07:00:00,-21.523
2018-02-13 06:45:00,-8.65
2018-02-13 06:30:00,-7.502
2018-02-13 06:15:00,-5.101
2018-02-13 06:00:00,-26.835
2018-02-13 05:45:00,-33.22
2018-02-13 05:30:00,-36.488
2018-02-13 05:15:00,-24.118
2018-02-13 05:00:00,-10.371
2018-02-13 04:45:00,-1.611
2018-02-13 04:30:00,-6.39
2018-02-13 04:15:00,-19.941
2018-02-13 04:00:00,-19.326
2018-02-13 03:45:00,-19.151
2018-02-13 03:30:00,-14.741
2018-02-13 03:15:00,-1.808
2018-02-13 03:00:00,-2.255
2018-02-13 02:45:00,-1.734
2018-02-13 02:30:00,-1.978
2018-02-13 02:15:00,-15.592
2018-02-13 02:00:00,-20.102
2018-02-13 01:45:00,-21.787
2018-02-13 01:30:00,-22.042
2018-02-13 01:15:00,-6.555
2018-02-13 01:00:00,-2.264
2018-02-13 00:45:00,-2.576
2018-02-13 00:30:00,-2.548
2018-02-13 00:15:00,-2.431
2018-02-13 00:00:00,-3.413
2018-02-12 23:45:00,-4.784
2018-02-12 23:30:00,-3.222
2018-02-12 23:15:00,-3.505
2018-02-12 23:00:00,-3.403
2018-02-12 22:45:00,-1.843
2018-02-12 22:30:00,-3.253
2018-02-12 22:15:00,-3.479
2018-02-12 22:00:00,-3.579
2018-02-12 21:45:00,-2.142
2018-02-12 21:30:00,-3.453
2018-02-12 21:15:00,-2.742
2018-02-12 21:00:00,-4.123
2018-02-12 20:45:00,-4.06
2018-02-12 20:30:00,-3.587
2018-02-12 20:15:00,-11.654
2018-02-12 20:00:00,-22.542
2018-02-12 19:45:00,-23.926
2018-02-12 19:30:00,-23.416
2018-02-12 19:15:00,-24.33
2018-02-12 19:00:00,-36.885
2018-02-12 18:45:00,-48.557
2018-02-12 18:30:00,-49.511
2018-02-12 18:15:00,-50.157
2018-02-12 18:00:00,-50.876
2018-02-12 17:45:00,-37.738
2018-02-12 17:30:00,-31.237
2018-02-12 17:15:00,-33.299
2018-02-12 17:00:00,-20.693
2018-02-12 16:45:00,-26.591
2018-02-12 16:30:00,-3.114
2018-02-12 16:15:00,15.805
2018-02-12 16:00:00,4.088
2018-02-12 15:45:00,36.004
2018-02-12 15:30:00,28.427
2018-02-12 15:15:00,35.292
2018-02-12 15:00:00,90.91
2018-02-12 14:45:00,80.678
2018-02-12 14:30:00,44.602
2018-02-12 14:15:00,12.361
2018-02-12 14:00:00,7.8
2018-02-12 13:45:00,-1.696
2018-02-12 13:30:00,26.889
2018-02-12 13:15:00,8.353
2018-02-12 13:00:00,6.643
2018-02-12 12:45:00,23.67
2018-02-12 12:30:00,27.958
2018-02-12 12:15:00,31.159
2018-02-12 12:00:00,43.152
2018-02-12 11:45:00,7.082
2018-02-12 11:30:00,15.334
2018-02-12 11:15:00,51.86
2018-02-12 11:00:00,44.863
2018-02-12 10:45:00,28.898
2018-02-12 10:30:00,71.491
2018-02-12 10:15:00,45.553
2018-02-12 10:00:00,79.884
2018-02-12 09:45:00,78.247
2018-02-12 09:30:00,17.138
2018-02-12 09:15:00,16.298
2018-02-12 09:00:00,-5.598
2018-02-12 08:45:00,-20.527
2018-02-12 08:30:00,-12.507
2018-02-12 08:15:00,-20.44
2018-02-12 08:00:00,-23.344
2018-02-12 07:45:00,-18.769
2018-02-12 07:30:00,-22.93
2018-02-12 07:15:00,-30.757
2018-02-12 07:00:00,-33.83
2018-02-12 06:45:00,-28.613
2018-02-12 06:30:00,-13.184
2018-02-12 06:15:00,-12.25
2018-02-12 06:00:00,-14.456
2018-02-12 05:45:00,-18.587
2018-02-12 05:30:00,-18.182
2018-02-12 05:15:00,-6.525
2018-02-12 05:00:00,-1.987
2018-02-12 04:45:00,-1.906
2018-02-12 04:30:00,-1.914
2018-02-12 04:15:00,-1.698
2018-02-12 04:00:00,-1.883
2018-02-12 03:45:00,-1.951
2018-02-12 03:30:00,-2.201
2018-02-12 03:15:00,-2.269
2018-02-12 03:00:00,-2.035
2018-02-12 02:45:00,-2.377
2018-02-12 02:30:00,-2.869
2018-02-12 02:15:00,-4.743
2018-02-12 02:00:00,-11.305
2018-02-12 01:45:00,-7.566
2018-02-12 01:30:00,-9.343
2018-02-12 01:15:00,-9.383
2018-02-12 01:00:00,-14.448
2018-02-12 00:45:00,-12.238
2018-02-12 00:30:00,-15.312
2018-02-12 00:15:00,-14.744
2018-02-12 00:00:00,-15.18
2018-02-11 23:45:00,-14.404
2018-02-11 23:30:00,-13.159
2018-02-11 23:15:00,-14.201
2018-02-11 23:00:00,-15.847
2018-02-11 22:45:00,-39.244
2018-02-11 22:30:00,-30.446
2018-02-11 22:15:00,-22.9
2018-02-11 22:00:00,-22.527
2018-02-11 21:45:00,-22.916
2018-02-11 21:30:00,-22.742
2018-02-11 21:15:00,-23.063
2018-02-11 21:00:00,-23.213
2018-02-11 20:45:00,-24.618
2018-02-11 20:30:00,-24.4
2018-02-11 20:15:00,-24.266
2018-02-11 20:00:00,-24.244
2018-02-11 19:45:00,-24.57
2018-02-11 19:30:00,-26.33
2018-02-11 19:15:00,-26.574
2018-02-11 19:00:00,-28.301
2018-02-11 18:45:00,-26.849
2018-02-11 18:30:00,-27.198
2018-02-11 18:15:00,-27.07
2018-02-11 18:00:00,-28.026
2018-02-11 17:45:00,-27.994
2018-02-11 17:30:00,-28.135
2018-02-11 17:15:00,-24.302
2018-02-11 17:00:00,-4.836
2018-02-11 16:45:00,-0.936
2018-02-11 16:30:00,-0.934
2018-02-11 16:15:00,-0.934
2018-02-11 16:00:00,-0.929
2018-02-11 15:45:00,-0.926
2018-02-11 15:30:00,-0.928
2018-02-11 15:15:00,-0.926
2018-02-11 15:00:00,-0.924
2018-02-11 14:45:00,-0.925
2018-02-11 14:30:00,-0.928
2018-02-11 14:15:00,-0.928
2018-02-11 14:00:00,-0.93
2018-02-11 13:45:00,-0.929
2018-02-11 13:30:00,-0.929
2018-02-11 13:15:00,-0.929
2018-02-11 13:00:00,-0.928
2018-02-11 12:45:00,-0.928
2018-02-11 12:30:00,-0.928
2018-02-11 12:15:00,-0.929
2018-02-11 12:00:00,-0.929
2018-02-11 11:45:00,-0.93
2018-02-11 11:30:00,-0.929
2018-02-11 11:15:00,-1.644
2018-02-11 11:00:00,68.312
2018-02-11 10:45:00,170.747
2018-02-11 10:30:00,155.639
2018-02-11 10:15:00,156.773
2018-02-11 10:00:00,152.134
2018-02-11 09:45:00,140.714
2018-02-11 09:30:00,131.114
2018-02-11 09:15:00,121.405
2018-02-11 09:00:00,108.745
2018-02-11 08:45:00,95.847
2018-02-11 08:30:00,81.282
2018-02-11 08:15:00,56.397
2018-02-11 08:00:00,29.924
2018-02-11 07:45:00,12.96
2018-02-11 07:30:00,-0.971
2018-02-11 07:15:00,1.25
2018-02-11 07:00:00,-1.406
2018-02-11 06:45:00,-1.419
2018-02-11 06:30:00,-13.243
2018-02-11 06:15:00,-14.035
2018-02-11 06:00:00,-17.277
2018-02-11 05:45:00,-15.452
2018-02-11 05:30:00,-1.593
2018-02-11 05:15:00,-1.72
2018-02-11 05:00:00,-1.506
2018-02-11 04:45:00,-11.856
2018-02-11 04:30:00,-19.432
2018-02-11 04:15:00,-18.676
2018-02-11 04:00:00,-11.008
2018-02-11 03:45:00,-1.567
2018-02-11 03:30:00,-1.972
2018-02-11 03:15:00,-2.419
2018-02-11 03:00:00,-25.031
2018-02-11 02:45:00,-27.734
2018-02-11 02:30:00,-30.05
2018-02-11 02:15:00,-33.334
2018-02-11 02:00:00,-20.828
2018-02-11 01:45:00,-19.126
2018-02-11 01:30:00,-20.92
2018-02-11 01:15:00,-17.469
2018-02-11 01:00:00,-18.469
2018-02-11 00:45:00,-18.916
2018-02-11 00:30:00,-20.353
2018-02-11 00:15:00,-19.805
2018-02-11 00:00:00,-18.821
2018-02-10 23:45:00,-18.742
2018-02-10 23:30:00,-18.85
2018-02-10 23:15:00,-19.431
2018-02-10 23:00:00,-18.168
2018-02-10 22:45:00,-21.315
2018-02-10 22:30:00,-21.69
2018-02-10 22:15:00,-21.537
2018-02-10 22:00:00,-20.814
2018-02-10 21:45:00,-22.481
2018-02-10 21:30:00,-21.124
2018-02-10 21:15:00,-22.018
2018-02-10 21:00:00,-21.321
2018-02-10 20:45:00,-23.368
2018-02-10 20:30:00,-24.435
2018-02-10 20:15:00,-24.371
2018-02-10 20:00:00,-22.819
2018-02-10 19:45:00,-23.294
2018-02-10 19:30:00,-23.415
2018-02-10 19:15:00,-23.149
2018-02-10 19:00:00,-24.499
2018-02-10 18:45:00,-24.296
2018-02-10 18:30:00,-25.554
2018-02-10 18:15:00,-26.177
2018-02-10 18:00:00,-24.42
2018-02-10 17:45:00,-25.133
2018-02-10 17:30:00,-23.729
2018-02-10 17:15:00,-23.051
2018-02-10 17:00:00,-13.544
2018-02-10 16:45:00,-10.015
2018-02-10 16:30:00,-2.524
2018-02-10 16:15:00,-1.599
2018-02-10 16:00:00,-1.137
2018-02-10 15:45:00,-1.046
2018-02-10 15:30:00,26.954
2018-02-10 15:15:00,74.441
2018-02-10 15:00:00,74.637
2018-02-10 14:45:00,85.812
2018-02-10 14:30:00,70.155
2018-02-10 14:15:00,55.787
2018-02-10 14:00:00,57.2
2018-02-10 13:45:00,55.074
2018-02-10 13:30:00,84.945
2018-02-10 13:15:00,122.339
2018-02-10 13:00:00,77.519
2018-02-10 12:45:00,76.26
2018-02-10 12:30:00,49.872
2018-02-10 12:15:00,32.032
2018-02-10 12:00:00,56.471
2018-02-10 11:45:00,52.49
2018-02-10 11:30:00,53.525
2018-02-10 11:15:00,53.871
2018-02-10 11:00:00,37.877
2018-02-10 10:45:00,9.029
2018-02-10 10:30:00,20.064
2018-02-10 10:15:00,42.031
2018-02-10 10:00:00,38.643
2018-02-10 09:45:00,53.574
2018-02-10 09:30:00,44.116
2018-02-10 09:15:00,10.652
2018-02-10 09:00:00,-0.061
2018-02-10 08:45:00,10.537
2018-02-10 08:30:00,7.166
2018-02-10 08:15:00,0.863
2018-02-10 08:00:00,-1.185
2018-02-10 07:45:00,-2.54
2018-02-10 07:30:00,-4.371
2018-02-10 07:15:00,-6.498
2018-02-10 07:00:00,-7.716
2018-02-10 06:45:00,-10.018
2018-02-10 06:30:00,-7.598
2018-02-10 06:15:00,-8.216
2018-02-10 06:00:00,-15.118
2018-02-10 05:45:00,-18.845
2018-02-10 05:30:00,-19.056
2018-02-10 05:15:00,-20.124
2018-02-10 05:00:00,-18.98
2018-02-10 04:45:00,-17.785
2018-02-10 04:30:00,-19.557
2018-02-10 04:15:00,-19.552
2018-02-10 04:00:00,-18.622
2018-02-10 03:45:00,-18.934
2018-02-10 03:30:00,-21.653
2018-02-10 03:15:00,-20.686
2018-02-10 03:00:00,-20.18
2018-02-10 02:45:00,-18.176
2018-02-10 02:30:00,-19.083
2018-02-10 02:15:00,-20.339
2018-02-10 02:00:00,-19.262
2018-02-10 01:45:00,-21.053
2018-02-10 01:30:00,-22.564
2018-02-10 01:15:00,-18.8
2018-02-10 01:00:00,-20.286
2018-02-10 00:45:00,-20.618
2018-02-10 00:30:00,-19.796
2018-02-10 00:15:00,-19.727
2018-02-10 00:00:00,-20.931
2018-02-09 23:45:00,-22.213
2018-02-09 23:30:00,-19.785
2018-02-09 23:15:00,-22.17
2018-02-09 23:00:00,-18.835
2018-02-09 22:45:00,-21.399
2018-02-09 22:30:00,-21.4
2018-02-09 22:15:00,-21.747
2018-02-09 22:00:00,-22.275
2018-02-09 21:45:00,-22.531
2018-02-09 21:30:00,-20.646
2018-02-09 21:15:00,-21.313
2018-02-09 21:00:00,-21.405
2018-02-09 20:45:00,-21.259
2018-02-09 20:30:00,-22.271
2018-02-09 20:15:00,-22.517
2018-02-09 20:00:00,-29.724
2018-02-09 19:45:00,-30.759
2018-02-09 19:30:00,-30.222
2018-02-09 19:15:00,-30.002
2018-02-09 19:00:00,-32.054
2018-02-09 18:45:00,-31.384
2018-02-09 18:30:00,-34.084
2018-02-09 18:15:00,-37.147
2018-02-09 18:00:00,-38.035
2018-02-09 17:45:00,-37.816
2018-02-09 17:30:00,-34.445
2018-02-09 17:15:00,-34.137
2018-02-09 17:00:00,-22.817
2018-02-09 16:45:00,-24.297
2018-02-09 16:30:00,-11.0
2018-02-09 16:15:00,-0.935
2018-02-09 16:00:00,-0.935
2018-02-09 15:45:00,-0.94
2018-02-09 15:30:00,-0.938
2018-02-09 15:15:00,-0.935
2018-02-09 15:00:00,-0.935
2018-02-09 14:45:00,-0.935
2018-02-09 14:30:00,-0.933
2018-02-09 14:15:00,-0.931
2018-02-09 14:00:00,-0.931
2018-02-09 13:45:00,-0.931
2018-02-09 13:30:00,-0.932
2018-02-09 13:15:00,-0.933
2018-02-09 13:00:00,-0.934
2018-02-09 12:45:00,-0.934
2018-02-09 12:30:00,-0.932
2018-02-09 12:15:00,-0.93
2018-02-09 12:00:00,26.888
2018-02-09 11:45:00,150.564
2018-02-09 11:30:00,145.143
2018-02-09 11:15:00,146.764
2018-02-09 11:00:00,141.348
2018-02-09 10:45:00,133.508
2018-02-09 10:30:00,133.891
2018-02-09 10:15:00,128.91
2018-02-09 10:00:00,122.422
2018-02-09 09:45:00,112.056
2018-02-09 09:30:00,88.952
2018-02-09 09:15:00,40.025
2018-02-09 09:00:00,22.537
2018-02-09 08:45:00,17.474
2018-02-09 08:30:00,26.933
2018-02-09 08:15:00,20.435
2018-02-09 08:00:00,6.927
2018-02-09 07:45:00,-0.967
2018-02-09 07:30:00,-5.666
2018-02-09 07:15:00,-3.078
2018-02-09 07:00:00,-2.527
2018-02-09 06:45:00,-1.878
2018-02-09 06:30:00,-15.059
2018-02-09 06:15:00,-14.34
2018-02-09 06:00:00,-20.756
2018-02-09 05:45:00,-23.103
2018-02-09 05:30:00,-34.277
2018-02-09 05:15:00,-14.012
2018-02-09 05:00:00,-9.898
2018-02-09 04:45:00,-11.394
2018-02-09 04:30:00,-10.238
2018-02-09 04:15:00,-11.144
2018-02-09 04:00:00,-9.436
2018-02-09 03:45:00,-10.358
2018-02-09 03:30:00,-10.114
2018-02-09 03:15:00,-11.609
2018-02-09 03:00:00,-10.603
2018-02-09 02:45:00,-10.001
2018-02-09 02:30:00,-11.73
2018-02-09 02:15:00,-13.298
2018-02-09 02:00:00,-16.679
2018-02-09 01:45:00,-15.206
2018-02-09 01:30:00,-15.247
2018-02-09 01:15:00,-14.932
2018-02-09 01:00:00,-14.932
2018-02-09 00:45:00,-15.692
2018-02-09 00:30:00,-15.384
2018-02-09 00:15:00,-16.83
2018-02-09 00:00:00,-16.491
2018-02-08 23:45:00,-16.901
2018-02-08 23:30:00,-16.404
2018-02-08 23:15:00,-19.372
2018-02-08 23:00:00,-18.592
2018-02-08 22:45:00,-19.653
2018-02-08 22:30:00,-19.604
2018-02-08 22:15:00,-18.463
2018-02-08 22:00:00,-19.928
2018-02-08 21:45:00,-19.856
2018-02-08 21:30:00,-19.694
2018-02-08 21:15:00,-19.75
2018-02-08 21:00:00,-19.675
2018-02-08 20:45:00,-21.498
2018-02-08 20:30:00,-23.25
2018-02-08 20:15:00,-26.83
2018-02-08 20:00:00,-31.929
2018-02-08 19:45:00,-33.735
2018-02-08 19:30:00,-34.099
2018-02-08 19:15:00,-36.205
2018-02-08 19:00:00,-36.155
2018-02-08 18:45:00,-38.105
2018-02-08 18:30:00,-37.893
2018-02-08 18:15:00,-39.204
2018-02-08 18:00:00,-43.16
2018-02-08 17:45:00,-44.618
2018-02-08 17:30:00,-44.004
2018-02-08 17:15:00,-44.557
2018-02-08 17:00:00,-42.574
2018-02-08 16:45:00,-28.401
2018-02-08 16:30:00,-9.062
2018-02-08 16:15:00,-1.529
2018-02-08 16:00:00,-0.941
2018-02-08 15:45:00,-0.939
2018-02-08 15:30:00,-0.938
2018-02-08 15:15:00,-0.938
2018-02-08 15:00:00,-0.936
2018-02-08 14:45:00,-0.935
2018-02-08 14:30:00,-0.939
2018-02-08 14:15:00,-0.938
2018-02-08 14:00:00,-0.936
2018-02-08 13:45:00,-0.93
2018-02-08 13:30:00,-0.93
2018-02-08 13:15:00,-0.932
2018-02-08 13:00:00,-0.928
2018-02-08 12:45:00,-0.927
2018-02-08 12:30:00,-0.928
2018-02-08 12:15:00,-0.93
2018-02-08 12:00:00,-0.931
2018-02-08 11:45:00,-0.926
2018-02-08 11:30:00,-0.834
2018-02-08 11:15:00,122.996
2018-02-08 11:00:00,159.319
2018-02-08 10:45:00,153.698
2018-02-08 10:30:00,147.935
2018-02-08 10:15:00,144.219
2018-02-08 10:00:00,132.257
2018-02-08 09:45:00,132.124
2018-02-08 09:30:00,122.276
2018-02-08 09:15:00,111.651
2018-02-08 09:00:00,100.118
2018-02-08 08:45:00,84.679
2018-02-08 08:30:00,68.734
2018-02-08 08:15:00,46.449
2018-02-08 08:00:00,27.816
2018-02-08 07:45:00,3.474
2018-02-08 07:30:00,-9.163
2018-02-08 07:15:00,-20.807
2018-02-08 07:00:00,-22.675
2018-02-08 06:45:00,-11.64
2018-02-08 06:30:00,-1.395
2018-02-08 06:15:00,-3.975
2018-02-08 06:00:00,-17.809
2018-02-08 05:45:00,-26.183
2018-02-08 05:30:00,-32.428
2018-02-08 05:15:00,-22.049
2018-02-08 05:00:00,-7.289
2018-02-08 04:45:00,-9.334
2018-02-08 04:30:00,-8.611
2018-02-08 04:15:00,-10.896
2018-02-08 04:00:00,-9.636
2018-02-08 03:45:00,-10.24
2018-02-08 03:30:00,-10.346
2018-02-08 03:15:00,-10.967
2018-02-08 03:00:00,-10.543
2018-02-08 02:45:00,-10.89
2018-02-08 02:30:00,-12.396
2018-02-08 02:15:00,-12.182
2018-02-08 02:00:00,-10.062
2018-02-08 01:45:00,-10.547
2018-02-08 01:30:00,-10.511
2018-02-08 01:15:00,-10.254
2018-02-08 01:00:00,-10.404
2018-02-08 00:45:00,-11.54
2018-02-08 00:30:00,-13.726
2018-02-08 00:15:00,-11.91
2018-02-08 00:00:00,-11.738
2018-02-07 23:45:00,-10.664
2018-02-07 23:30:00,-11.194
2018-02-07 23:15:00,-11.216
2018-02-07 23:00:00,-14.099
2018-02-07 22:45:00,-13.222
2018-02-07 22:30:00,-14.847
2018-02-07 22:15:00,-13.326
2018-02-07 22:00:00,-14.791
2018-02-07 21:45:00,-13.749
2018-02-07 21:30:00,-14.313
2018-02-07 21:15:00,-13.625
2018-02-07 21:00:00,-14.038
2018-02-07 20:45:00,-19.333
2018-02-07 20:30:00,-19.566
2018-02-07 20:15:00,-21.732
2018-02-07 20:00:00,-31.043
2018-02-07 19:45:00,-30.715
2018-02-07 19:30:00,-32.972
2018-02-07 19:15:00,-32.89
2018-02-07 19:00:00,-35.417
2018-02-07 18:45:00,-35.663
2018-02-07 18:30:00,-36.332
2018-02-07 18:15:00,-37.074
2018-02-07 18:00:00,-41.592
2018-02-07 17:45:00,-44.687
2018-02-07 17:30:00,-60.38
2018-02-07 17:15:00,-60.473
2018-02-07 17:00:00,-49.976
2018-02-07 16:45:00,-55.134
2018-02-07 16:30:00,-20.978
2018-02-07 16:15:00,-1.182
2018-02-07 16:00:00,-0.941
2018-02-07 15:45:00,-0.937
2018-02-07 15:30:00,-0.942
2018-02-07 15:15:00,-0.941
2018-02-07 15:00:00,-0.94
2018-02-07 14:45:00,-0.94
2018-02-07 14:30:00,-0.939
2018-02-07 14:15:00,-0.939
2018-02-07 14:00:00,-0.936
2018-02-07 13:45:00,-0.935
2018-02-07 13:30:00,-0.933
2018-02-07 13:15:00,-0.933
2018-02-07 13:00:00,-0.934
2018-02-07 12:45:00,-0.934
2018-02-07 12:30:00,-0.936
2018-02-07 12:15:00,-0.931
2018-02-07 12:00:00,-0.931
2018-02-07 11:45:00,-0.932
2018-02-07 11:30:00,-0.927
2018-02-07 11:15:00,-0.927
2018-02-07 11:00:00,-0.926
2018-02-07 10:45:00,-0.927
2018-02-07 10:30:00,-0.928
2018-02-07 10:15:00,-0.93
2018-02-07 10:00:00,-0.926
2018-02-07 09:45:00,-0.919
2018-02-07 09:30:00,-1.405
2018-02-07 09:15:00,75.767
2018-02-07 09:00:00,71.463
2018-02-07 08:45:00,69.11
2018-02-07 08:30:00,57.205
2018-02-07 08:15:00,46.131
2018-02-07 08:00:00,28.607
2018-02-07 07:45:00,0.385
2018-02-07 07:30:00,-11.026
2018-02-07 07:15:00,-23.578
2018-02-07 07:00:00,-24.53
2018-02-07 06:45:00,-22.766
2018-02-07 06:30:00,-21.83
2018-02-07 06:15:00,-24.845
2018-02-07 06:00:00,-9.607
2018-02-07 05:45:00,-2.094
2018-02-07 05:30:00,-2.161
2018-02-07 05:15:00,1.745
2018-02-07 05:00:00,1.3
2018-02-07 04:45:00,2.309
2018-02-07 04:30:00,2.322
2018-02-07 04:15:00,0.459
2018-02-07 04:00:00,0.827
2018-02-07 03:45:00,1.514
2018-02-07 03:30:00,0.309
2018-02-07 03:15:00,0.439
2018-02-07 03:00:00,5.431
2018-02-07 02:45:00,1.022
2018-02-07 02:30:00,3.85
2018-02-07 02:15:00,0.698
2018-02-07 02:00:00,3.648
2018-02-07 01:45:00,1.497
2018-02-07 01:30:00,1.339
2018-02-07 01:15:00,2.952
2018-02-07 01:00:00,2.173
2018-02-07 00:45:00,0.486
2018-02-07 00:30:00,-0.244
2018-02-07 00:15:00,1.402
2018-02-07 00:00:00,1.888
2018-02-06 23:45:00,1.196
2018-02-06 23:30:00,0.589
2018-02-06 23:15:00,0.966
2018-02-06 23:00:00,0.45
2018-02-06 22:45:00,0.177
2018-02-06 22:30:00,2.687
2018-02-06 22:15:00,1.03
2018-02-06 22:00:00,-0.273
2018-02-06 21:45:00,-0.838
2018-02-06 21:30:00,1.006
2018-02-06 21:15:00,-0.492
2018-02-06 21:00:00,-1.59
2018-02-06 20:45:00,-1.015
2018-02-06 20:30:00,-0.463
2018-02-06 20:15:00,-5.114
2018-02-06 20:00:00,-13.308
2018-02-06 19:45:00,-11.705
2018-02-06 19:30:00,-13.836
2018-02-06 19:15:00,-11.912
2018-02-06 19:00:00,-14.222
2018-02-06 18:45:00,-12.978
2018-02-06 18:30:00,-15.056
2018-02-06 18:15:00,-19.307
2018-02-06 18:00:00,-22.62
2018-02-06 17:45:00,-21.165
2018-02-06 17:30:00,-22.656
2018-02-06 17:15:00,-19.133
2018-02-06 17:00:00,-1.125
2018-02-06 16:45:00,-0.939
2018-02-06 16:30:00,-0.936
2018-02-06 16:15:00,-0.932
2018-02-06 16:00:00,-0.928
2018-02-06 15:45:00,-0.93
2018-02-06 15:30:00,-0.93
2018-02-06 15:15:00,-0.928
2018-02-06 15:00:00,-0.926
2018-02-06 14:45:00,-0.926
2018-02-06 14:30:00,-0.924
2018-02-06 14:15:00,-0.925
2018-02-06 14:00:00,-0.925
2018-02-06 13:45:00,-0.925
2018-02-06 13:30:00,-0.926
2018-02-06 13:15:00,-0.925
2018-02-06 13:00:00,-0.926
2018-02-06 12:45:00,-0.926
2018-02-06 12:30:00,-0.927
2018-02-06 12:15:00,-0.928
2018-02-06 12:00:00,-0.898
2018-02-06 11:45:00,101.089
2018-02-06 11:30:00,148.055
2018-02-06 11:15:00,139.525
2018-02-06 11:00:00,138.517
2018-02-06 10:45:00,133.753
2018-02-06 10:30:00,130.207
2018-02-06 10:15:00,123.489
2018-02-06 10:00:00,118.507
2018-02-06 09:45:00,110.679
2018-02-06 09:30:00,101.939
2018-02-06 09:15:00,86.413
2018-02-06 09:00:00,74.751
2018-02-06 08:45:00,59.126
2018-02-06 08:30:00,48.296
2018-02-06 08:15:00,12.399
2018-02-06 08:00:00,-1.585
2018-02-06 07:45:00,-5.128
2018-02-06 07:30:00,-13.299
2018-02-06 07:15:00,-22.033
2018-02-06 07:00:00,-41.594
2018-02-06 06:45:00,-25.369
2018-02-06 06:30:00,-24.585
2018-02-06 06:15:00,-24.53
2018-02-06 06:00:00,-28.282
2018-02-06 05:45:00,-27.595
2018-02-06 05:30:00,-27.129
2018-02-06 05:15:00,-10.147
2018-02-06 05:00:00,-7.581
2018-02-06 04:45:00,-7.124
2018-02-06 04:30:00,-10.478
2018-02-06 04:15:00,-9.122
2018-02-06 04:00:00,-8.788
2018-02-06 03:45:00,-7.096
2018-02-06 03:30:00,-7.273
2018-02-06 03:15:00,-8.605
2018-02-06 03:00:00,-7.216
2018-02-06 02:45:00,-9.186
2018-02-06 02:30:00,-8.448
2018-02-06 02:15:00,-11.543
2018-02-06 02:00:00,-8.526
2018-02-06 01:45:00,-8.302
2018-02-06 01:30:00,-9.761
2018-02-06 01:15:00,-10.078
2018-02-06 01:00:00,-8.489
2018-02-06 00:45:00,-9.375
2018-02-06 00:30:00,-8.752
2018-02-06 00:15:00,-9.586
2018-02-06 00:00:00,-10.673
2018-02-05 23:45:00,-9.657
2018-02-05 23:30:00,-11.052
2018-02-05 23:15:00,-8.532
2018-02-05 23:00:00,-12.439
2018-02-05 22:45:00,-14.244
2018-02-05 22:30:00,-10.37
2018-02-05 22:15:00,-10.375
2018-02-05 22:00:00,-11.553
2018-02-05 21:45:00,-12.571
2018-02-05 21:30:00,-13.649
2018-02-05 21:15:00,-13.403
2018-02-05 21:00:00,-14.322
2018-02-05 20:45:00,-14.36
2018-02-05 20:30:00,-14.803
2018-02-05 20:15:00,-19.515
2018-02-05 20:00:00,-29.973
2018-02-05 19:45:00,-30.978
2018-02-05 19:30:00,-31.32
2018-02-05 19:15:00,-31.455
2018-02-05 19:00:00,-37.357
2018-02-05 18:45:00,-37.314
2018-02-05 18:30:00,-46.467
2018-02-05 18:15:00,-57.636
2018-02-05 18:00:00,-61.59
2018-02-05 17:45:00,-60.377
2018-02-05 17:30:00,-66.773
2018-02-05 17:15:00,-54.159
2018-02-05 17:00:00,-37.382
2018-02-05 16:45:00,-25.031
2018-02-05 16:30:00,-19.395
2018-02-05 16:15:00,-12.799
2018-02-05 16:00:00,-1.517
2018-02-05 15:45:00,-0.942
2018-02-05 15:30:00,-0.94
2018-02-05 15:15:00,-0.94
2018-02-05 15:00:00,-0.939
2018-02-05 14:45:00,-0.939
2018-02-05 14:30:00,-0.937
2018-02-05 14:15:00,-0.937
2018-02-05 14:00:00,-0.938
2018-02-05 13:45:00,-0.94
2018-02-05 13:30:00,-0.943
2018-02-05 13:15:00,-0.945
2018-02-05 13:00:00,-0.946
2018-02-05 12:45:00,-0.948
2018-02-05 12:30:00,-0.95
2018-02-05 12:15:00,-0.95
2018-02-05 12:00:00,-0.951
2018-02-05 11:45:00,-0.95
2018-02-05 11:30:00,-0.922
2018-02-05 11:15:00,96.172
2018-02-05 11:00:00,147.96
2018-02-05 10:45:00,145.361
2018-02-05 10:30:00,141.186
2018-02-05 10:15:00,129.633
2018-02-05 10:00:00,129.592
2018-02-05 09:45:00,137.285
2018-02-05 09:30:00,123.82
2018-02-05 09:15:00,114.153
2018-02-05 09:00:00,107.746
2018-02-05 08:45:00,94.8
2018-02-05 08:30:00,78.455
2018-02-05 08:15:00,63.283
2018-02-05 08:00:00,35.043
2018-02-05 07:45:00,8.679
2018-02-05 07:30:00,-8.951
2018-02-05 07:15:00,-14.531
2018-02-05 07:00:00,-22.34
2018-02-05 06:45:00,-30.729
2018-02-05 06:30:00,-29.04
2018-02-05 06:15:00,-19.649
2018-02-05 06:00:00,-26.14
2018-02-05 05:45:00,-25.58
2018-02-05 05:30:00,-29.011
2018-02-05 05:15:00,-23.587
2018-02-05 05:00:00,-16.018
2018-02-05 04:45:00,-17.769
2018-02-05 04:30:00,-16.966
2018-02-05 04:15:00,-15.36
2018-02-05 04:00:00,-16.014
2018-02-05 03:45:00,-16.073
2018-02-05 03:30:00,-15.477
2018-02-05 03:15:00,-17.569
2018-02-05 03:00:00,-19.078
2018-02-05 02:45:00,-16.689
2018-02-05 02:30:00,-17.3
2018-02-05 02:15:00,-15.596
2018-02-05 02:00:00,-18.045
2018-02-05 01:45:00,-16.012
2018-02-05 01:30:00,-18.394
2018-02-05 01:15:00,-17.649
2018-02-05 01:00:00,-17.515
2018-02-05 00:45:00,-16.618
2018-02-05 00:30:00,-17.005
2018-02-05 00:15:00,-17.412
2018-02-05 00:00:00,-16.721
2018-02-04 23:45:00,-17.684
2018-02-04 23:30:00,-19.149
2018-02-04 23:15:00,-16.684
2018-02-04 23:00:00,-19.382
2018-02-04 22:45:00,-36.369
2018-02-04 22:30:00,-32.121
2018-02-04 22:15:00,-19.517
2018-02-04 22:00:00,-21.501
2018-02-04 21:45:00,-22.554
2018-02-04 21:30:00,-23.267
2018-02-04 21:15:00,-23.995
2018-02-04 21:00:00,-23.566
2018-02-04 20:45:00,-21.972
2018-02-04 20:30:00,-23.786
2018-02-04 20:15:00,-21.725
2018-02-04 20:00:00,-25.279
2018-02-04 19:45:00,-23.175
2018-02-04 19:30:00,-26.211
2018-02-04 19:15:00,-24.793
2018-02-04 19:00:00,-28.007
2018-02-04 18:45:00,-27.114
2018-02-04 18:30:00,-26.883
2018-02-04 18:15:00,-27.195
2018-02-04 18:00:00,-27.925
2018-02-04 17:45:00,-28.323
2018-02-04 17:30:00,-29.334
2018-02-04 17:15:00,-27.767
2018-02-04 17:00:00,-34.528
2018-02-04 16:45:00,-16.908
2018-02-04 16:30:00,-0.926
2018-02-04 16:15:00,-0.925
2018-02-04 16:00:00,-0.929
2018-02-04 15:45:00,-0.933
2018-02-04 15:30:00,-0.932
2018-02-04 15:15:00,-0.929
2018-02-04 15:00:00,-0.931
2018-02-04 14:45:00,-0.921
2018-02-04 14:30:00,-0.922
2018-02-04 14:15:00,-0.922
2018-02-04 14:00:00,-0.919
2018-02-04 13:45:00,-0.919
2018-02-04 13:30:00,-0.92
2018-02-04 13:15:00,-0.92
2018-02-04 13:00:00,-0.919
2018-02-04 12:45:00,-0.919
2018-02-04 12:30:00,-0.92
2018-02-04 12:15:00,-0.921
2018-02-04 12:00:00,-0.919
2018-02-04 11:45:00,-0.918
2018-02-04 11:30:00,-0.915
2018-02-04 11:15:00,20.019
2018-02-04 11:00:00,159.259
2018-02-04 10:45:00,157.212
2018-02-04 10:30:00,152.503
2018-02-04 10:15:00,148.735
2018-02-04 10:00:00,140.374
2018-02-04 09:45:00,135.938
2018-02-04 09:30:00,124.636
2018-02-04 09:15:00,114.351
2018-02-04 09:00:00,106.231
2018-02-04 08:45:00,94.765
2018-02-04 08:30:00,80.276
2018-02-04 08:15:00,64.563
2018-02-04 08:00:00,33.291
2018-02-04 07:45:00,-0.532
2018-02-04 07:30:00,-17.209
2018-02-04 07:15:00,-26.989
2018-02-04 07:00:00,-29.636
2018-02-04 06:45:00,-17.604
2018-02-04 06:30:00,-13.76
2018-02-04 06:15:00,-13.366
2018-02-04 06:00:00,-19.123
2018-02-04 05:45:00,-19.965
2018-02-04 05:30:00,-19.144
2018-02-04 05:15:00,-19.338
2018-02-04 05:00:00,-17.678
2018-02-04 04:45:00,-18.322
2018-02-04 04:30:00,-20.719
2018-02-04 04:15:00,-19.402
2018-02-04 04:00:00,-19.204
2018-02-04 03:45:00,-17.966
2018-02-04 03:30:00,-19.522
2018-02-04 03:15:00,-18.454
2018-02-04 03:00:00,-21.215
2018-02-04 02:45:00,-20.364
2018-02-04 02:30:00,-18.493
2018-02-04 02:15:00,-19.354
2018-02-04 02:00:00,-18.411
2018-02-04 01:45:00,-20.142
2018-02-04 01:30:00,-20.289
2018-02-04 01:15:00,-20.329
2018-02-04 01:00:00,-19.53
2018-02-04 00:45:00,-19.102
2018-02-04 00:30:00,-19.944
2018-02-04 00:15:00,-18.562
2018-02-04 00:00:00,-19.175
2018-02-03 23:45:00,-21.13
2018-02-03 23:30:00,-21.809
2018-02-03 23:15:00,-22.168
2018-02-03 23:00:00,-19.342
2018-02-03 22:45:00,-20.39
2018-02-03 22:30:00,-19.332
2018-02-03 22:15:00,-21.293
2018-02-03 22:00:00,-20.519
2018-02-03 21:45:00,-21.377
2018-02-03 21:30:00,-24.741
2018-02-03 21:15:00,-23.588
2018-02-03 21:00:00,-23.654
2018-02-03 20:45:00,-22.839
2018-02-03 20:30:00,-24.31
2018-02-03 20:15:00,-23.575
2018-02-03 20:00:00,-24.094
2018-02-03 19:45:00,-23.805
2018-02-03 19:30:00,-24.593
2018-02-03 19:15:00,-25.9
2018-02-03 19:00:00,-27.52
2018-02-03 18:45:00,-26.732
2018-02-03 18:30:00,-27.183
2018-02-03 18:15:00,-26.656
2018-02-03 18:00:00,-28.723
2018-02-03 17:45:00,-27.828
2018-02-03 17:30:00,-30.018
2018-02-03 17:15:00,-27.061
2018-02-03 17:00:00,-20.881
2018-02-03 16:45:00,-6.141
2018-02-03 16:30:00,-0.929
2018-02-03 16:15:00,-0.928
2018-02-03 16:00:00,-0.928
2018-02-03 15:45:00,-0.926
2018-02-03 15:30:00,-0.927
2018-02-03 15:15:00,-0.928
2018-02-03 15:00:00,-0.927
2018-02-03 14:45:00,-0.927
2018-02-03 14:30:00,-0.928
2018-02-03 14:15:00,-0.928
2018-02-03 14:00:00,-0.928
2018-02-03 13:45:00,-0.928
2018-02-03 13:30:00,-0.927
2018-02-03 13:15:00,-0.926
2018-02-03 13:00:00,-0.924
2018-02-03 12:45:00,-0.925
2018-02-03 12:30:00,-0.925
2018-02-03 12:15:00,-0.924
2018-02-03 12:00:00,-0.923
2018-02-03 11:45:00,-0.921
2018-02-03 11:30:00,-0.5
2018-02-03 11:15:00,131.731
2018-02-03 11:00:00,164.019
2018-02-03 10:45:00,158.924
2018-02-03 10:30:00,156.106
2018-02-03 10:15:00,146.524
2018-02-03 10:00:00,143.368
2018-02-03 09:45:00,133.304
2018-02-03 09:30:00,125.891
2018-02-03 09:15:00,112.963
2018-02-03 09:00:00,105.889
2018-02-03 08:45:00,93.79
2018-02-03 08:30:00,79.071
2018-02-03 08:15:00,63.197
2018-02-03 08:00:00,28.102
2018-02-03 07:45:00,-3.966
2018-02-03 07:30:00,-14.02
2018-02-03 07:15:00,-19.789
2018-02-03 07:00:00,-5.69
2018-02-03 06:45:00,-4.586
2018-02-03 06:30:00,-3.081
2018-02-03 06:15:00,-8.864
2018-02-03 06:00:00,-17.5
2018-02-03 05:45:00,-16.776
2018-02-03 05:30:00,-16.985
2018-02-03 05:15:00,-16.528
2018-02-03 05:00:00,-16.436
2018-02-03 04:45:00,-18.117
2018-02-03 04:30:00,-18.177
2018-02-03 04:15:00,-18.793
2018-02-03 04:00:00,-16.555
2018-02-03 03:45:00,-18.298
2018-02-03 03:30:00,-16.507
2018-02-03 03:15:00,-18.092
2018-02-03 03:00:00,-18.2
2018-02-03 02:45:00,-18.929
2018-02-03 02:30:00,-17.715
2018-02-03 02:15:00,-17.369
2018-02-03 02:00:00,-17.578
2018-02-03 01:45:00,-17.772
2018-02-03 01:30:00,-16.636
2018-02-03 01:15:00,-18.734
2018-02-03 01:00:00,-18.705
2018-02-03 00:45:00,-19.838
2018-02-03 00:30:00,-17.725
2018-02-03 00:15:00,-18.962
2018-02-03 00:00:00,-17.974
2018-02-02 23:45:00,-18.095
2018-02-02 23:30:00,-17.79
2018-02-02 23:15:00,-18.171
2018-02-02 23:00:00,-18.319
2018-02-02 22:45:00,-19.455
2018-02-02 22:30:00,-20.097
2018-02-02 22:15:00,-19.564
2018-02-02 22:00:00,-17.277
2018-02-02 21:45:00,-19.052
2018-02-02 21:30:00,-18.514
2018-02-02 21:15:00,-20.155
2018-02-02 21:00:00,-19.089
2018-02-02 20:45:00,-19.5
2018-02-02 20:30:00,-20.258
2018-02-02 20:15:00,-25.027
2018-02-02 20:00:00,-27.95
2018-02-02 19:45:00,-29.845
2018-02-02 19:30:00,-29.945
2018-02-02 19:15:00,-31.272
2018-02-02 19:00:00,-30.844
2018-02-02 18:45:00,-33.117
2018-02-02 18:30:00,-32.03
2018-02-02 18:15:00,-33.98
2018-02-02 18:00:00,-33.388
2018-02-02 17:45:00,-36.471
2018-02-02 17:30:00,-33.93
2018-02-02 17:15:00,-45.354
2018-02-02 17:00:00,-44.811
2018-02-02 16:45:00,-28.828
2018-02-02 16:30:00,-9.97
2018-02-02 16:15:00,-5.095
2018-02-02 16:00:00,-1.154
2018-02-02 15:45:00,-1.285
2018-02-02 15:30:00,-0.515
2018-02-02 15:15:00,-0.217
2018-02-02 15:00:00,-0.929
2018-02-02 14:45:00,-0.349
2018-02-02 14:30:00,-0.25
2018-02-02 14:15:00,-0.398
2018-02-02 14:00:00,0.568
2018-02-02 13:45:00,-0.021
2018-02-02 13:30:00,2.773
2018-02-02 13:15:00,2.442
2018-02-02 13:00:00,10.383
2018-02-02 12:45:00,109.359
2018-02-02 12:30:00,111.448
2018-02-02 12:15:00,110.889
2018-02-02 12:00:00,105.761
2018-02-02 11:45:00,108.288
2018-02-02 11:30:00,106.368
2018-02-02 11:15:00,104.348
2018-02-02 11:00:00,101.86
2018-02-02 10:45:00,99.856
2018-02-02 10:30:00,63.987
2018-02-02 10:15:00,77.459
2018-02-02 10:00:00,50.537
2018-02-02 09:45:00,30.84
2018-02-02 09:30:00,44.315
2018-02-02 09:15:00,44.419
2018-02-02 09:00:00,46.266
2018-02-02 08:45:00,41.506
2018-02-02 08:30:00,25.377
2018-02-02 08:15:00,3.761
2018-02-02 08:00:00,-21.892
2018-02-02 07:45:00,-34.452
2018-02-02 07:30:00,-26.635
2018-02-02 07:15:00,-29.85
2018-02-02 07:00:00,-27.344
2018-02-02 06:45:00,-26.767
2018-02-02 06:30:00,-27.016
2018-02-02 06:15:00,-27.111
2018-02-02 06:00:00,-29.871
2018-02-02 05:45:00,-28.609
2018-02-02 05:30:00,-30.793
2018-02-02 05:15:00,-14.232
2018-02-02 05:00:00,-11.039
2018-02-02 04:45:00,-7.437
2018-02-02 04:30:00,-9.199
2018-02-02 04:15:00,-9.067
2018-02-02 04:00:00,-9.51
2018-02-02 03:45:00,-10.159
2018-02-02 03:30:00,-10.587
2018-02-02 03:15:00,-7.985
2018-02-02 03:00:00,-8.457
2018-02-02 02:45:00,-8.756
2018-02-02 02:30:00,-9.134
2018-02-02 02:15:00,-7.939
2018-02-02 02:00:00,-10.513
2018-02-02 01:45:00,-9.427
2018-02-02 01:30:00,-8.55
2018-02-02 01:15:00,-9.451
2018-02-02 01:00:00,-9.425
2018-02-02 00:45:00,-8.59
2018-02-02 00:30:00,-8.516
2018-02-02 00:15:00,-9.499
2018-02-02 00:00:00,-10.746
2018-02-01 23:45:00,-10.955
2018-02-01 23:30:00,-9.787
2018-02-01 23:15:00,-9.18
2018-02-01 23:00:00,-10.105
2018-02-01 22:45:00,-9.706
2018-02-01 22:30:00,-11.009
2018-02-01 22:15:00,-12.023
2018-02-01 22:00:00,-10.84
2018-02-01 21:45:00,-16.3
2018-02-01 21:30:00,-14.014
2018-02-01 21:15:00,-16.559
2018-02-01 21:00:00,-15.8
2018-02-01 20:45:00,-17.164
2018-02-01 20:30:00,-17.182
2018-02-01 20:15:00,-20.998
2018-02-01 20:00:00,-28.428
2018-02-01 19:45:00,-30.479
2018-02-01 19:30:00,-31.144
2018-02-01 19:15:00,-30.858
2018-02-01 19:00:00,-32.132
2018-02-01 18:45:00,-32.648
2018-02-01 18:30:00,-34.373
2018-02-01 18:15:00,-33.532
2018-02-01 18:00:00,-35.517
2018-02-01 17:45:00,-35.627
2018-02-01 17:30:00,-36.621
2018-02-01 17:15:00,-41.434
2018-02-01 17:00:00,-44.395
2018-02-01 16:45:00,-38.942
2018-02-01 16:30:00,-33.424
2018-02-01 16:15:00,-14.78
2018-02-01 16:00:00,-0.934
2018-02-01 15:45:00,-0.937
2018-02-01 15:30:00,-0.935
2018-02-01 15:15:00,-0.934
2018-02-01 15:00:00,-0.94
2018-02-01 14:45:00,-0.939
2018-02-01 14:30:00,-0.941
2018-02-01 14:15:00,-0.941
2018-02-01 14:00:00,-0.938
2018-02-01 13:45:00,-0.94
2018-02-01 13:30:00,-0.937
2018-02-01 13:15:00,-0.937
2018-02-01 13:00:00,-0.935
2018-02-01 12:45:00,-0.936
2018-02-01 12:30:00,-0.926
2018-02-01 12:15:00,-0.925
2018-02-01 12:00:00,12.585
2018-02-01 11:45:00,135.592
2018-02-01 11:30:00,144.795
2018-02-01 11:15:00,140.218
2018-02-01 11:00:00,131.583
2018-02-01 10:45:00,130.671
2018-02-01 10:30:00,132.137
2018-02-01 10:15:00,120.463
2018-02-01 10:00:00,109.762
2018-02-01 09:45:00,103.378
2018-02-01 09:30:00,88.691
2018-02-01 09:15:00,77.843
2018-02-01 09:00:00,66.055
2018-02-01 08:45:00,55.668
2018-02-01 08:30:00,39.35
2018-02-01 08:15:00,20.993
2018-02-01 08:00:00,-2.174
2018-02-01 07:45:00,-8.497
2018-02-01 07:30:00,-26.298
2018-02-01 07:15:00,-14.51
2018-02-01 07:00:00,-3.941
2018-02-01 06:45:00,-18.152
2018-02-01 06:30:00,-24.246
2018-02-01 06:15:00,-25.773
2018-02-01 06:00:00,-33.35
2018-02-01 05:45:00,-25.534
2018-02-01 05:30:00,-25.903
2018-02-01 05:15:00,-20.593
2018-02-01 05:00:00,-11.348
2018-02-01 04:45:00,-11.265
2018-02-01 04:30:00,-11.096
2018-02-01 04:15:00,-9.682
2018-02-01 04:00:00,-10.326
2018-02-01 03:45:00,-10.333
2018-02-01 03:30:00,-13.365
2018-02-01 03:15:00,-13.47
2018-02-01 03:00:00,-11.545
2018-02-01 02:45:00,-11.894
2018-02-01 02:30:00,-11.452
2018-02-01 02:15:00,-12.078
2018-02-01 02:00:00,-12.258
2018-02-01 01:45:00,-14.741
2018-02-01 01:30:00,-13.575
2018-02-01 01:15:00,-12.834
2018-02-01 01:00:00,-12.556
2018-02-01 00:45:00,-14.244
2018-02-01 00:30:00,-13.736
2018-02-01 00:15:00,-12.691
2018-02-01 00:00:00,-15.918
2018-01-31 23:45:00,-14.071
2018-01-31 23:30:00,-15.114
2018-01-31 23:15:00,-12.945
2018-01-31 23:00:00,-15.1
2018-01-31 22:45:00,-13.337
2018-01-31 22:30:00,-15.936
2018-01-31 22:15:00,-15.334
2018-01-31 22:00:00,-18.76
2018-01-31 21:45:00,-17.851
2018-01-31 21:30:00,-18.888
2018-01-31 21:15:00,-18.161
2018-01-31 21:00:00,-17.043
2018-01-31 20:45:00,-20.292
2018-01-31 20:30:00,-18.697
2018-01-31 20:15:00,-23.815
2018-01-31 20:00:00,-29.25
2018-01-31 19:45:00,-30.438
2018-01-31 19:30:00,-28.842
2018-01-31 19:15:00,-32.742
2018-01-31 19:00:00,-32.467
2018-01-31 18:45:00,-32.98
2018-01-31 18:30:00,-33.968
2018-01-31 18:15:00,-33.617
2018-01-31 18:00:00,-35.206
2018-01-31 17:45:00,-35.712
2018-01-31 17:30:00,-44.635
2018-01-31 17:15:00,-62.503
2018-01-31 17:00:00,-51.982
2018-01-31 16:45:00,-33.995
2018-01-31 16:30:00,-11.679
2018-01-31 16:15:00,-4.929
2018-01-31 16:00:00,-0.949
2018-01-31 15:45:00,-0.941
2018-01-31 15:30:00,-0.938
2018-01-31 15:15:00,-0.949
2018-01-31 15:00:00,-0.952
2018-01-31 14:45:00,-0.951
2018-01-31 14:30:00,-0.949
2018-01-31 14:15:00,-0.948
2018-01-31 14:00:00,-0.948
2018-01-31 13:45:00,-0.947
2018-01-31 13:30:00,-0.947
2018-01-31 13:15:00,-0.944
2018-01-31 13:00:00,-0.945
2018-01-31 12:45:00,-0.94
2018-01-31 12:30:00,-0.937
2018-01-31 12:15:00,-0.93
2018-01-31 12:00:00,8.859
2018-01-31 11:45:00,127.28
2018-01-31 11:30:00,129.393
2018-01-31 11:15:00,123.815
2018-01-31 11:00:00,121.521
2018-01-31 10:45:00,116.637
2018-01-31 10:30:00,117.246
2018-01-31 10:15:00,110.043
2018-01-31 10:00:00,102.539
2018-01-31 09:45:00,99.199
2018-01-31 09:30:00,87.698
2018-01-31 09:15:00,79.609
2018-01-31 09:00:00,67.01
2018-01-31 08:45:00,53.951
2018-01-31 08:30:00,39.978
2018-01-31 08:15:00,16.704
2018-01-31 08:00:00,-15.34
2018-01-31 07:45:00,-34.521
2018-01-31 07:30:00,-35.689
2018-01-31 07:15:00,-34.138
2018-01-31 07:00:00,-12.604
2018-01-31 06:45:00,-14.287
2018-01-31 06:30:00,-8.579
2018-01-31 06:15:00,-20.969
2018-01-31 06:00:00,-28.732
2018-01-31 05:45:00,-28.223
2018-01-31 05:30:00,-27.497
2018-01-31 05:15:00,-2.378
2018-01-31 05:00:00,-0.922
2018-01-31 04:45:00,-0.921
2018-01-31 04:30:00,-0.913
2018-01-31 04:15:00,-0.914
2018-01-31 04:00:00,-0.915
2018-01-31 03:45:00,-0.915
2018-01-31 03:30:00,-0.916
2018-01-31 03:15:00,-0.916
2018-01-31 03:00:00,-0.921
2018-01-31 02:45:00,-0.924
2018-01-31 02:30:00,-0.924
2018-01-31 02:15:00,-0.924
2018-01-31 02:00:00,-0.924
2018-01-31 01:45:00,-0.923
2018-01-31 01:30:00,-0.922
2018-01-31 01:15:00,-0.921
2018-01-31 01:00:00,-0.925
2018-01-31 00:45:00,-0.927
2018-01-31 00:30:00,-0.927
2018-01-31 00:15:00,-0.931
2018-01-31 00:00:00,-0.931
2018-01-30 23:45:00,-0.929
2018-01-30 23:30:00,-0.928
2018-01-30 23:15:00,-0.931
2018-01-30 23:00:00,-0.929
2018-01-30 22:45:00,-0.931
2018-01-30 22:30:00,-0.928
2018-01-30 22:15:00,-0.934
2018-01-30 22:00:00,-0.933
2018-01-30 21:45:00,-0.938
2018-01-30 21:30:00,-0.936
2018-01-30 21:15:00,-0.935
2018-01-30 21:00:00,-0.938
2018-01-30 20:45:00,-0.935
2018-01-30 20:30:00,-0.938
2018-01-30 20:15:00,-6.733
2018-01-30 20:00:00,-16.678
2018-01-30 19:45:00,-17.239
2018-01-30 19:30:00,-17.135
2018-01-30 19:15:00,-18.325
2018-01-30 19:00:00,-18.539
2018-01-30 18:45:00,-18.952
2018-01-30 18:30:00,-20.86
2018-01-30 18:15:00,-23.117
2018-01-30 18:00:00,-24.351
2018-01-30 17:45:00,-28.451
2018-01-30 17:30:00,-42.051
2018-01-30 17:15:00,-43.845
2018-01-30 17:00:00,-23.755
2018-01-30 16:45:00,-19.706
2018-01-30 16:30:00,-7.866
2018-01-30 16:15:00,-2.32
2018-01-30 16:00:00,-2.284
2018-01-30 15:45:00,12.615
2018-01-30 15:30:00,30.337
2018-01-30 15:15:00,-0.826
2018-01-30 15:00:00,9.004
2018-01-30 14:45:00,33.909
2018-01-30 14:30:00,54.71
2018-01-30 14:15:00,36.692
2018-01-30 14:00:00,60.582
2018-01-30 13:45:00,113.953
2018-01-30 13:30:00,49.989
2018-01-30 13:15:00,17.694
2018-01-30 13:00:00,15.955
2018-01-30 12:45:00,8.246
2018-01-30 12:30:00,24.666
2018-01-30 12:15:00,20.348
2018-01-30 12:00:00,6.184
2018-01-30 11:45:00,3.313
2018-01-30 11:30:00,-1.285
2018-01-30 11:15:00,-0.804
2018-01-30 11:00:00,12.374
2018-01-30 10:45:00,19.327
2018-01-30 10:30:00,42.79
2018-01-30 10:15:00,36.248
2018-01-30 10:00:00,4.838
2018-01-30 09:45:00,11.025
2018-01-30 09:30:00,59.266
2018-01-30 09:15:00,60.872
2018-01-30 09:00:00,36.597
2018-01-30 08:45:00,45.5
2018-01-30 08:30:00,44.598
2018-01-30 08:15:00,2.292
2018-01-30 08:00:00,-17.821
2018-01-30 07:45:00,-17.727
2018-01-30 07:30:00,-26.907
2018-01-30 07:15:00,-28.045
2018-01-30 07:00:00,-26.368
2018-01-30 06:45:00,-26.251
2018-01-30 06:30:00,-24.257
2018-01-30 06:15:00,-24.314
2018-01-30 06:00:00,-26.208
2018-01-30 05:45:00,-25.646
2018-01-30 05:30:00,-26.288
2018-01-30 05:15:00,-11.773
2018-01-30 05:00:00,-7.737
2018-01-30 04:45:00,-5.515
2018-01-30 04:30:00,-7.742
2018-01-30 04:15:00,-6.468
2018-01-30 04:00:00,-6.24
2018-01-30 03:45:00,-7.766
2018-01-30 03:30:00,-7.47
2018-01-30 03:15:00,-7.004
2018-01-30 03:00:00,-8.772
2018-01-30 02:45:00,-8.481
2018-01-30 02:30:00,-5.968
2018-01-30 02:15:00,-6.107
2018-01-30 02:00:00,-6.476
2018-01-30 01:45:00,-6.277
2018-01-30 01:30:00,-6.522
2018-01-30 01:15:00,-7.735
2018-01-30 01:00:00,-6.633
2018-01-30 00:45:00,-7.644
2018-01-30 00:30:00,-9.418
2018-01-30 00:15:00,-7.48
2018-01-30 00:00:00,-9.581
2018-01-29 23:45:00,-10.307
2018-01-29 23:30:00,-10.839
2018-01-29 23:15:00,-11.736
2018-01-29 23:00:00,-12.16
2018-01-29 22:45:00,-12.86
2018-01-29 22:30:00,-12.938
2018-01-29 22:15:00,-11.244
2018-01-29 22:00:00,-10.696
2018-01-29 21:45:00,-10.832
2018-01-29 21:30:00,-11.973
2018-01-29 21:15:00,-12.06
2018-01-29 21:00:00,-12.714
2018-01-29 20:45:00,-13.001
2018-01-29 20:30:00,-13.172
2018-01-29 20:15:00,-16.92
2018-01-29 20:00:00,-26.397
2018-01-29 19:45:00,-27.053
2018-01-29 19:30:00,-27.375
2018-01-29 19:15:00,-28.193
2018-01-29 19:00:00,-27.965
2018-01-29 18:45:00,-28.52
2018-01-29 18:30:00,-41.72
2018-01-29 18:15:00,-50.043
2018-01-29 18:00:00,-51.149
2018-01-29 17:45:00,-54.004
2018-01-29 17:30:00,-65.244
2018-01-29 17:15:00,-65.064
2018-01-29 17:00:00,-47.018
2018-01-29 16:45:00,-41.103
2018-01-29 16:30:00,-31.311
2018-01-29 16:15:00,-15.923
2018-01-29 16:00:00,-1.654
2018-01-29 15:45:00,-0.936
2018-01-29 15:30:00,-0.932
2018-01-29 15:15:00,-0.933
2018-01-29 15:00:00,-0.932
2018-01-29 14:45:00,-0.93
2018-01-29 14:30:00,-0.93
2018-01-29 14:15:00,-0.932
2018-01-29 14:00:00,-0.933
2018-01-29 13:45:00,-0.932
2018-01-29 13:30:00,-0.932
2018-01-29 13:15:00,-0.929
2018-01-29 13:00:00,-0.927
2018-01-29 12:45:00,-0.927
2018-01-29 12:30:00,8.484
2018-01-29 12:15:00,124.764
2018-01-29 12:00:00,127.648
2018-01-29 11:45:00,126.278
2018-01-29 11:30:00,124.346
2018-01-29 11:15:00,115.595
2018-01-29 11:00:00,114.365
2018-01-29 10:45:00,106.423
2018-01-29 10:30:00,103.807
2018-01-29 10:15:00,97.975
2018-01-29 10:00:00,90.801
2018-01-29 09:45:00,83.871
2018-01-29 09:30:00,71.615
2018-01-29 09:15:00,64.28
2018-01-29 09:00:00,48.714
2018-01-29 08:45:00,40.486
2018-01-29 08:30:00,25.093
2018-01-29 08:15:00,4.816
2018-01-29 08:00:00,-14.729
2018-01-29 07:45:00,-41.995
2018-01-29 07:30:00,-54.564
2018-01-29 07:15:00,-50.398
2018-01-29 07:00:00,-50.311
2018-01-29 06:45:00,-40.579
2018-01-29 06:30:00,-28.802
2018-01-29 06:15:00,-27.932
2018-01-29 06:00:00,-30.258
2018-01-29 05:45:00,-29.702
2018-01-29 05:30:00,-30.267
2018-01-29 05:15:00,-13.471
2018-01-29 05:00:00,-10.546
2018-01-29 04:45:00,-10.903
2018-01-29 04:30:00,-12.072
2018-01-29 04:15:00,-10.783
2018-01-29 04:00:00,-11.104
2018-01-29 03:45:00,-10.745
2018-01-29 03:30:00,-9.705
2018-01-29 03:15:00,-10.704
2018-01-29 03:00:00,-12.293
2018-01-29 02:45:00,-11.489
2018-01-29 02:30:00,-11.991
2018-01-29 02:15:00,-9.789
2018-01-29 02:00:00,-10.786
2018-01-29 01:45:00,-9.481
2018-01-29 01:30:00,-11.793
2018-01-29 01:15:00,-10.555
2018-01-29 01:00:00,-11.552
2018-01-29 00:45:00,-11.887
2018-01-29 00:30:00,-13.391
2018-01-29 00:15:00,-11.329
2018-01-29 00:00:00,-11.046
2018-01-28 23:45:00,-11.582
2018-01-28 23:30:00,-10.286
2018-01-28 23:15:00,-10.758
2018-01-28 23:00:00,-16.76
2018-01-28 22:45:00,-32.729
2018-01-28 22:30:00,-28.99
2018-01-28 22:15:00,-12.104
2018-01-28 22:00:00,-14.317
2018-01-28 21:45:00,-12.15
2018-01-28 21:30:00,-11.221
2018-01-28 21:15:00,-11.131
2018-01-28 21:00:00,-10.736
2018-01-28 20:45:00,-11.672
2018-01-28 20:30:00,-11.007
2018-01-28 20:15:00,-13.294
2018-01-28 20:00:00,-14.468
2018-01-28 19:45:00,-18.284
2018-01-28 19:30:00,-18.817
2018-01-28 19:15:00,-18.052
2018-01-28 19:00:00,-17.188
2018-01-28 18:45:00,-16.648
2018-01-28 18:30:00,-17.546
2018-01-28 18:15:00,-21.804
2018-01-28 18:00:00,-24.242
2018-01-28 17:45:00,-23.247
2018-01-28 17:30:00,-24.735
2018-01-28 17:15:00,-23.235
2018-01-28 17:00:00,-31.873
2018-01-28 16:45:00,-31.384
2018-01-28 16:30:00,-30.373
2018-01-28 16:15:00,-5.172
2018-01-28 16:00:00,-0.917
2018-01-28 15:45:00,-0.919
2018-01-28 15:30:00,-0.919
2018-01-28 15:15:00,-0.914
2018-01-28 15:00:00,-0.913
2018-01-28 14:45:00,-0.913
2018-01-28 14:30:00,-0.915
2018-01-28 14:15:00,-0.914
2018-01-28 14:00:00,-0.915
2018-01-28 13:45:00,-0.916
2018-01-28 13:30:00,-0.917
2018-01-28 13:15:00,-0.918
2018-01-28 13:00:00,-0.92
2018-01-28 12:45:00,-0.918
2018-01-28 12:30:00,-0.908
2018-01-28 12:15:00,-0.908
2018-01-28 12:00:00,-0.908
2018-01-28 11:45:00,-0.908
2018-01-28 11:30:00,-0.909
2018-01-28 11:15:00,-0.207
2018-01-28 11:00:00,134.988
2018-01-28 10:45:00,165.488
2018-01-28 10:30:00,163.635
2018-01-28 10:15:00,159.68
2018-01-28 10:00:00,151.257
2018-01-28 09:45:00,142.23
2018-01-28 09:30:00,131.926
2018-01-28 09:15:00,105.624
2018-01-28 09:00:00,99.005
2018-01-28 08:45:00,89.11
2018-01-28 08:30:00,92.297
2018-01-28 08:15:00,64.6
2018-01-28 08:00:00,33.722
2018-01-28 07:45:00,10.661
2018-01-28 07:30:00,-2.919
2018-01-28 07:15:00,-8.28
2018-01-28 07:00:00,-14.4
2018-01-28 06:45:00,-17.712
2018-01-28 06:30:00,-21.301
2018-01-28 06:15:00,-22.397
2018-01-28 06:00:00,-25.8
2018-01-28 05:45:00,-25.093
2018-01-28 05:30:00,-17.394
2018-01-28 05:15:00,-4.963
2018-01-28 05:00:00,-6.684
2018-01-28 04:45:00,-16.138
2018-01-28 04:30:00,-29.187
2018-01-28 04:15:00,-27.321
2018-01-28 04:00:00,-28.696
2018-01-28 03:45:00,-26.962
2018-01-28 03:30:00,-29.307
2018-01-28 03:15:00,-28.181
2018-01-28 03:00:00,-16.036
2018-01-28 02:45:00,-10.982
2018-01-28 02:30:00,-11.295
2018-01-28 02:15:00,-27.115
2018-01-28 02:00:00,-29.78
2018-01-28 01:45:00,-29.33
2018-01-28 01:30:00,-30.004
2018-01-28 01:15:00,-28.106
2018-01-28 01:00:00,-28.451
2018-01-28 00:45:00,-10.351
2018-01-28 00:30:00,-14.023
2018-01-28 00:15:00,-11.857
2018-01-28 00:00:00,-12.817
2018-01-27 23:45:00,-11.439
2018-01-27 23:30:00,-30.775
2018-01-27 23:15:00,-33.117
2018-01-27 23:00:00,-35.478
2018-01-27 22:45:00,-25.199
2018-01-27 22:30:00,-17.942
2018-01-27 22:15:00,-18.251
2018-01-27 22:00:00,-18.332
2018-01-27 21:45:00,-19.214
2018-01-27 21:30:00,-19.963
2018-01-27 21:15:00,-19.476
2018-01-27 21:00:00,-21.551
2018-01-27 20:45:00,-21.451
2018-01-27 20:30:00,-21.744
2018-01-27 20:15:00,-23.255
2018-01-27 20:00:00,-23.298
2018-01-27 19:45:00,-22.261
2018-01-27 19:30:00,-22.474
2018-01-27 19:15:00,-22.423
2018-01-27 19:00:00,-22.488
2018-01-27 18:45:00,-23.299
2018-01-27 18:30:00,-25.421
2018-01-27 18:15:00,-22.496
2018-01-27 18:00:00,-23.608
2018-01-27 17:45:00,-27.53
2018-01-27 17:30:00,-28.263
2018-01-27 17:15:00,-27.214
2018-01-27 17:00:00,-24.14
2018-01-27 16:45:00,-15.684
2018-01-27 16:30:00,-1.014
2018-01-27 16:15:00,-0.916
2018-01-27 16:00:00,-0.915
2018-01-27 15:45:00,-0.915
2018-01-27 15:30:00,-0.916
2018-01-27 15:15:00,-0.917
2018-01-27 15:00:00,-0.916
2018-01-27 14:45:00,-0.917
2018-01-27 14:30:00,-0.915
2018-01-27 14:15:00,-0.915
2018-01-27 14:00:00,-0.915
2018-01-27 13:45:00,-0.913
2018-01-27 13:30:00,-0.913
2018-01-27 13:15:00,-0.915
2018-01-27 13:00:00,-0.917
2018-01-27 12:45:00,-0.914
2018-01-27 12:30:00,-0.911
2018-01-27 12:15:00,-0.91
2018-01-27 12:00:00,-1.495
2018-01-27 11:45:00,-2.163
2018-01-27 11:30:00,-2.046
2018-01-27 11:15:00,139.063
2018-01-27 11:00:00,178.407
2018-01-27 10:45:00,162.765
2018-01-27 10:30:00,160.053
2018-01-27 10:15:00,147.319
2018-01-27 10:00:00,133.406
2018-01-27 09:45:00,121.405
2018-01-27 09:30:00,124.11
2018-01-27 09:15:00,118.945
2018-01-27 09:00:00,105.994
2018-01-27 08:45:00,74.516
2018-01-27 08:30:00,57.228
2018-01-27 08:15:00,33.084
2018-01-27 08:00:00,13.743
2018-01-27 07:45:00,0.837
2018-01-27 07:30:00,-1.254
2018-01-27 07:15:00,-3.517
2018-01-27 07:00:00,-8.222
2018-01-27 06:45:00,-8.452
2018-01-27 06:30:00,-7.786
2018-01-27 06:15:00,-6.257
2018-01-27 06:00:00,-12.141
2018-01-27 05:45:00,-14.089
2018-01-27 05:30:00,-14.026
2018-01-27 05:15:00,-15.575
2018-01-27 05:00:00,-12.673
2018-01-27 04:45:00,-14.969
2018-01-27 04:30:00,-14.084
2018-01-27 04:15:00,-19.928
2018-01-27 04:00:00,-22.726
2018-01-27 03:45:00,-23.809
2018-01-27 03:30:00,-22.566
2018-01-27 03:15:00,-9.782
2018-01-27 03:00:00,-4.15
2018-01-27 02:45:00,-17.832
2018-01-27 02:30:00,-23.668
2018-01-27 02:15:00,-23.623
2018-01-27 02:00:00,-21.467
2018-01-27 01:45:00,-25.279
2018-01-27 01:30:00,-26.623
2018-01-27 01:15:00,-29.017
2018-01-27 01:00:00,-27.515
2018-01-27 00:45:00,-19.56
2018-01-27 00:30:00,-8.925
2018-01-27 00:15:00,-10.021
2018-01-27 00:00:00,-16.709
2018-01-26 23:45:00,-30.657
2018-01-26 23:30:00,-33.08
2018-01-26 23:15:00,-27.847
2018-01-26 23:00:00,-17.443
2018-01-26 22:45:00,-18.23
2018-01-26 22:30:00,-18.6
2018-01-26 22:15:00,-20.101
2018-01-26 22:00:00,-16.445
2018-01-26 21:45:00,-18.849
2018-01-26 21:30:00,-17.616
2018-01-26 21:15:00,-20.032
2018-01-26 21:00:00,-19.753
2018-01-26 20:45:00,-19.128
2018-01-26 20:30:00,-18.784
2018-01-26 20:15:00,-20.096
2018-01-26 20:00:00,-26.866
2018-01-26 19:45:00,-28.646
2018-01-26 19:30:00,-29.349
2018-01-26 19:15:00,-28.239
2018-01-26 19:00:00,-28.871
2018-01-26 18:45:00,-32.653
2018-01-26 18:30:00,-31.672
2018-01-26 18:15:00,-37.808
2018-01-26 18:00:00,-37.628
2018-01-26 17:45:00,-37.9
2018-01-26 17:30:00,-37.96
2018-01-26 17:15:00,-37.057
2018-01-26 17:00:00,-35.357
2018-01-26 16:45:00,-42.194
2018-01-26 16:30:00,-27.823
2018-01-26 16:15:00,-3.836
2018-01-26 16:00:00,-0.926
2018-01-26 15:45:00,-0.926
2018-01-26 15:30:00,-0.925
2018-01-26 15:15:00,-0.924
2018-01-26 15:00:00,-0.922
2018-01-26 14:45:00,-0.922
2018-01-26 14:30:00,-0.928
2018-01-26 14:15:00,-0.926
2018-01-26 14:00:00,-0.925
2018-01-26 13:45:00,-0.925
2018-01-26 13:30:00,-0.924
2018-01-26 13:15:00,-0.924
2018-01-26 13:00:00,-0.924
2018-01-26 12:45:00,-0.924
2018-01-26 12:30:00,-0.923
2018-01-26 12:15:00,-0.921
2018-01-26 12:00:00,22.237
2018-01-26 11:45:00,159.866
2018-01-26 11:30:00,154.884
2018-01-26 11:15:00,149.202
2018-01-26 11:00:00,147.774
2018-01-26 10:45:00,141.618
2018-01-26 10:30:00,137.81
2018-01-26 10:15:00,130.07
2018-01-26 10:00:00,123.733
2018-01-26 09:45:00,113.974
2018-01-26 09:30:00,106.98
2018-01-26 09:15:00,97.84
2018-01-26 09:00:00,85.811
2018-01-26 08:45:00,76.619
2018-01-26 08:30:00,52.992
2018-01-26 08:15:00,3.448
2018-01-26 08:00:00,-2.123
2018-01-26 07:45:00,-25.54
2018-01-26 07:30:00,-31.693
2018-01-26 07:15:00,-23.945
2018-01-26 07:00:00,-18.277
2018-01-26 06:45:00,-17.487
2018-01-26 06:30:00,-15.798
2018-01-26 06:15:00,-16.983
2018-01-26 06:00:00,-19.437
2018-01-26 05:45:00,-20.48
2018-01-26 05:30:00,-19.759
2018-01-26 05:15:00,-20.785
2018-01-26 05:00:00,-3.033
2018-01-26 04:45:00,-1.437
2018-01-26 04:30:00,-1.471
2018-01-26 04:15:00,-6.08
2018-01-26 04:00:00,-9.762
2018-01-26 03:45:00,-10.813
2018-01-26 03:30:00,-13.077
2018-01-26 03:15:00,-11.587
2018-01-26 03:00:00,-0.916
2018-01-26 02:45:00,-0.916
2018-01-26 02:30:00,-1.405
2018-01-26 02:15:00,-13.48
2018-01-26 02:00:00,-16.23
2018-01-26 01:45:00,-17.51
2018-01-26 01:30:00,-19.598
2018-01-26 01:15:00,-6.857
2018-01-26 01:00:00,-2.07
2018-01-26 00:45:00,-2.128
2018-01-26 00:30:00,-2.113
2018-01-26 00:15:00,-2.053
2018-01-26 00:00:00,-17.436
2018-01-25 23:45:00,-21.927
2018-01-25 23:30:00,-24.959
2018-01-25 23:15:00,-17.239
2018-01-25 23:00:00,-9.666
2018-01-25 22:45:00,-13.926
2018-01-25 22:30:00,-11.673
2018-01-25 22:15:00,-11.384
2018-01-25 22:00:00,-10.848
2018-01-25 21:45:00,-11.236
2018-01-25 21:30:00,-12.151
2018-01-25 21:15:00,-12.036
2018-01-25 21:00:00,-14.691
2018-01-25 20:45:00,-16.363
2018-01-25 20:30:00,-20.937
2018-01-25 20:15:00,-27.633
2018-01-25 20:00:00,-42.606
2018-01-25 19:45:00,-43.985
2018-01-25 19:30:00,-43.849
2018-01-25 19:15:00,-44.136
2018-01-25 19:00:00,-45.455
2018-01-25 18:45:00,-43.886
2018-01-25 18:30:00,-45.104
2018-01-25 18:15:00,-46.172
2018-01-25 18:00:00,-45.819
2018-01-25 17:45:00,-44.751
2018-01-25 17:30:00,-48.174
2018-01-25 17:15:00,-52.24
2018-01-25 17:00:00,-48.525
2018-01-25 16:45:00,-40.23
2018-01-25 16:30:00,-57.664
2018-01-25 16:15:00,-52.542
2018-01-25 16:00:00,-30.841
2018-01-25 15:45:00,-28.636
2018-01-25 15:30:00,-12.777
2018-01-25 15:15:00,-10.031
2018-01-25 15:00:00,-0.93
2018-01-25 14:45:00,-0.955
2018-01-25 14:30:00,-0.925
2018-01-25 14:15:00,-0.924
2018-01-25 14:00:00,-0.916
2018-01-25 13:45:00,-0.916
2018-01-25 13:30:00,-0.915
2018-01-25 13:15:00,-0.916
2018-01-25 13:00:00,-0.915
2018-01-25 12:45:00,-0.915
2018-01-25 12:30:00,-0.904
2018-01-25 12:15:00,90.409
2018-01-25 12:00:00,143.79
2018-01-25 11:45:00,123.562
2018-01-25 11:30:00,133.595
2018-01-25 11:15:00,130.771
2018-01-25 11:00:00,131.836
2018-01-25 10:45:00,130.386
2018-01-25 10:30:00,123.404
2018-01-25 10:15:00,124.769
2018-01-25 10:00:00,119.076
2018-01-25 09:45:00,90.813
2018-01-25 09:30:00,79.889
2018-01-25 09:15:00,71.615
2018-01-25 09:00:00,7.359
2018-01-25 08:45:00,16.601
2018-01-25 08:30:00,-1.05
2018-01-25 08:15:00,5.694
2018-01-25 08:00:00,-2.863
2018-01-25 07:45:00,-15.942
2018-01-25 07:30:00,-23.644
2018-01-25 07:15:00,-27.324
2018-01-25 07:00:00,-30.6
2018-01-25 06:45:00,-23.185
2018-01-25 06:30:00,-17.043
2018-01-25 06:15:00,-21.074
2018-01-25 06:00:00,-21.137
2018-01-25 05:45:00,-6.278
2018-01-25 05:30:00,-5.905
2018-01-25 05:15:00,-18.202
2018-01-25 05:00:00,-10.014
2018-01-25 04:45:00,-8.484
2018-01-25 04:30:00,-11.245
2018-01-25 04:15:00,-11.123
2018-01-25 04:00:00,-13.312
2018-01-25 03:45:00,-12.076
2018-01-25 03:30:00,-13.458
2018-01-25 03:15:00,-13.602
2018-01-25 03:00:00,-17.768
2018-01-25 02:45:00,-19.701
2018-01-25 02:30:00,-20.91
2018-01-25 02:15:00,-22.141
2018-01-25 02:00:00,-5.915
2018-01-25 01:45:00,-5.216
2018-01-25 01:30:00,-7.344
2018-01-25 01:15:00,-6.441
2018-01-25 01:00:00,-13.0
2018-01-25 00:45:00,-23.784
2018-01-25 00:30:00,-25.456
2018-01-25 00:15:00,-17.678
2018-01-25 00:00:00,-12.146
2018-01-24 23:45:00,-12.56
2018-01-24 23:30:00,-11.65
2018-01-24 23:15:00,-9.375
2018-01-24 23:00:00,-9.854
2018-01-24 22:45:00,-10.075
2018-01-24 22:30:00,-10.708
2018-01-24 22:15:00,-12.319
2018-01-24 22:00:00,-13.284
2018-01-24 21:45:00,-12.4
2018-01-24 21:30:00,-13.73
2018-01-24 21:15:00,-14.633
2018-01-24 21:00:00,-18.027
2018-01-24 20:45:00,-18.056
2018-01-24 20:30:00,-19.055
2018-01-24 20:15:00,-20.596
2018-01-24 20:00:00,-28.358
2018-01-24 19:45:00,-29.459
2018-01-24 19:30:00,-31.453
2018-01-24 19:15:00,-31.374
2018-01-24 19:00:00,-32.091
2018-01-24 18:45:00,-30.995
2018-01-24 18:30:00,-33.373
2018-01-24 18:15:00,-35.755
2018-01-24 18:00:00,-35.412
2018-01-24 17:45:00,-37.09
2018-01-24 17:30:00,-46.23
2018-01-24 17:15:00,-59.22
2018-01-24 17:00:00,-45.031
2018-01-24 16:45:00,-30.529
2018-01-24 16:30:00,-27.556
2018-01-24 16:15:00,-10.491
2018-01-24 16:00:00,-0.929
2018-01-24 15:45:00,-1.596
2018-01-24 15:30:00,-1.136
2018-01-24 15:15:00,-0.935
2018-01-24 15:00:00,-0.931
2018-01-24 14:45:00,-0.932
2018-01-24 14:30:00,-0.932
2018-01-24 14:15:00,-0.928
2018-01-24 14:00:00,-0.928
2018-01-24 13:45:00,-0.926
2018-01-24 13:30:00,-0.925
2018-01-24 13:15:00,-0.925
2018-01-24 13:00:00,-0.927
2018-01-24 12:45:00,-0.923
2018-01-24 12:30:00,-0.927
2018-01-24 12:15:00,-0.925
2018-01-24 12:00:00,-0.921
2018-01-24 11:45:00,45.026
2018-01-24 11:30:00,134.831
2018-01-24 11:15:00,128.603
2018-01-24 11:00:00,133.697
2018-01-24 10:45:00,122.2
2018-01-24 10:30:00,130.822
2018-01-24 10:15:00,126.469
2018-01-24 10:00:00,120.511
2018-01-24 09:45:00,112.573
2018-01-24 09:30:00,102.306
2018-01-24 09:15:00,94.623
2018-01-24 09:00:00,83.865
2018-01-24 08:45:00,70.225
2018-01-24 08:30:00,50.53
2018-01-24 08:15:00,25.396
2018-01-24 08:00:00,22.85
2018-01-24 07:45:00,-7.801
2018-01-24 07:30:00,-13.268
2018-01-24 07:15:00,-14.609
2018-01-24 07:00:00,-11.977
2018-01-24 06:45:00,-14.378
2018-01-24 06:30:00,-18.075
2018-01-24 06:15:00,-13.815
2018-01-24 06:00:00,-18.714
2018-01-24 05:45:00,-19.581
2018-01-24 05:30:00,-25.286
2018-01-24 05:15:00,-15.569
2018-01-24 05:00:00,-14.918
2018-01-24 04:45:00,-10.771
2018-01-24 04:30:00,-1.571
2018-01-24 04:15:00,-1.566
2018-01-24 04:00:00,-7.107
2018-01-24 03:45:00,-13.781
2018-01-24 03:30:00,-17.492
2018-01-24 03:15:00,-18.67
2018-01-24 03:00:00,-19.433
2018-01-24 02:45:00,-20.777
2018-01-24 02:30:00,-13.438
2018-01-24 02:15:00,-4.842
2018-01-24 02:00:00,-5.548
2018-01-24 01:45:00,-5.246
2018-01-24 01:30:00,-18.49
2018-01-24 01:15:00,-25.972
2018-01-24 01:00:00,-28.128
2018-01-24 00:45:00,-28.607
2018-01-24 00:30:00,-16.333
2018-01-24 00:15:00,-16.001
2018-01-24 00:00:00,-15.661
2018-01-23 23:45:00,-15.592
2018-01-23 23:30:00,-17.028
2018-01-23 23:15:00,-16.424
2018-01-23 23:00:00,-18.994
2018-01-23 22:45:00,-16.357
2018-01-23 22:30:00,-17.686
2018-01-23 22:15:00,-16.954
2018-01-23 22:00:00,-18.854
2018-01-23 21:45:00,-20.073
2018-01-23 21:30:00,-18.933
2018-01-23 21:15:00,-19.479
2018-01-23 21:00:00,-19.633
2018-01-23 20:45:00,-19.238
2018-01-23 20:30:00,-20.103
2018-01-23 20:15:00,-23.392
2018-01-23 20:00:00,-27.125
2018-01-23 19:45:00,-28.432
2018-01-23 19:30:00,-27.412
2018-01-23 19:15:00,-28.113
2018-01-23 19:00:00,-31.246
2018-01-23 18:45:00,-32.181
2018-01-23 18:30:00,-34.754
2018-01-23 18:15:00,-35.852
2018-01-23 18:00:00,-36.492
2018-01-23 17:45:00,-40.973
2018-01-23 17:30:00,-40.757
2018-01-23 17:15:00,-41.968
2018-01-23 17:00:00,-40.892
2018-01-23 16:45:00,-31.776
2018-01-23 16:30:00,-26.07
2018-01-23 16:15:00,-9.767
2018-01-23 16:00:00,-1.421
2018-01-23 15:45:00,-0.927
2018-01-23 15:30:00,-0.926
2018-01-23 15:15:00,-0.924
2018-01-23 15:00:00,-0.923
2018-01-23 14:45:00,-0.922
2018-01-23 14:30:00,-0.926
2018-01-23 14:15:00,-0.921
2018-01-23 14:00:00,-0.921
2018-01-23 13:45:00,-0.927
2018-01-23 13:30:00,-0.926
2018-01-23 13:15:00,-0.925
2018-01-23 13:00:00,-0.924
2018-01-23 12:45:00,-0.924
2018-01-23 12:30:00,-0.926
2018-01-23 12:15:00,-0.925
2018-01-23 12:00:00,-0.91
2018-01-23 11:45:00,78.505
2018-01-23 11:30:00,149.969
2018-01-23 11:15:00,146.586
2018-01-23 11:00:00,142.751
2018-01-23 10:45:00,139.801
2018-01-23 10:30:00,135.751
2018-01-23 10:15:00,129.811
2018-01-23 10:00:00,119.642
2018-01-23 09:45:00,107.803
2018-01-23 09:30:00,99.074
2018-01-23 09:15:00,88.602
2018-01-23 09:00:00,77.111
2018-01-23 08:45:00,67.269
2018-01-23 08:30:00,36.854
2018-01-23 08:15:00,6.362
2018-01-23 08:00:00,-1.041
2018-01-23 07:45:00,-19.644
2018-01-23 07:30:00,-17.903
2018-01-23 07:15:00,-13.14
2018-01-23 07:00:00,-16.339
2018-01-23 06:45:00,-15.978
2018-01-23 06:30:00,-16.151
2018-01-23 06:15:00,-18.688
2018-01-23 06:00:00,-18.008
2018-01-23 05:45:00,-18.223
2018-01-23 05:30:00,-20.573
2018-01-23 05:15:00,-21.408
2018-01-23 05:00:00,-9.188
2018-01-23 04:45:00,-7.784
2018-01-23 04:30:00,-10.555
2018-01-23 04:15:00,-8.942
2018-01-23 04:00:00,-10.414
2018-01-23 03:45:00,-11.73
2018-01-23 03:30:00,-12.445
2018-01-23 03:15:00,-14.017
2018-01-23 03:00:00,-12.044
2018-01-23 02:45:00,-13.177
2018-01-23 02:30:00,-12.634
2018-01-23 02:15:00,-15.457
2018-01-23 02:00:00,-15.612
2018-01-23 01:45:00,-14.992
2018-01-23 01:30:00,-14.11
2018-01-23 01:15:00,-11.079
2018-01-23 01:00:00,-1.632
2018-01-23 00:45:00,-1.626
2018-01-23 00:30:00,-1.778
2018-01-23 00:15:00,-5.746
2018-01-23 00:00:00,-15.318
2018-01-22 23:45:00,-18.567
2018-01-22 23:30:00,-19.572
2018-01-22 23:15:00,-20.636
2018-01-22 23:00:00,-5.239
2018-01-22 22:45:00,-2.058
2018-01-22 22:30:00,-4.823
2018-01-22 22:15:00,-20.287
2018-01-22 22:00:00,-23.347
2018-01-22 21:45:00,-20.486
2018-01-22 21:30:00,-9.215
2018-01-22 21:15:00,-8.907
2018-01-22 21:00:00,-11.766
2018-01-22 20:45:00,-13.676
2018-01-22 20:30:00,-15.234
2018-01-22 20:15:00,-15.843
2018-01-22 20:00:00,-26.328
2018-01-22 19:45:00,-26.67
2018-01-22 19:30:00,-27.447
2018-01-22 19:15:00,-32.344
2018-01-22 19:00:00,-32.839
2018-01-22 18:45:00,-32.295
2018-01-22 18:30:00,-31.14
2018-01-22 18:15:00,-40.893
2018-01-22 18:00:00,-54.272
2018-01-22 17:45:00,-59.693
2018-01-22 17:30:00,-60.24
2018-01-22 17:15:00,-58.258
2018-01-22 17:00:00,-42.062
2018-01-22 16:45:00,-54.163
2018-01-22 16:30:00,-48.542
2018-01-22 16:15:00,-25.011
2018-01-22 16:00:00,-1.011
2018-01-22 15:45:00,-0.921
2018-01-22 15:30:00,-0.919
2018-01-22 15:15:00,-0.93
2018-01-22 15:00:00,-0.928
2018-01-22 14:45:00,-0.927
2018-01-22 14:30:00,-0.926
2018-01-22 14:15:00,-0.924
2018-01-22 14:00:00,-0.923
2018-01-22 13:45:00,-0.926
2018-01-22 13:30:00,-0.927
2018-01-22 13:15:00,-0.928
2018-01-22 13:00:00,-0.927
2018-01-22 12:45:00,-0.926
2018-01-22 12:30:00,-0.925
2018-01-22 12:15:00,-0.923
2018-01-22 12:00:00,55.312
2018-01-22 11:45:00,152.444
2018-01-22 11:30:00,150.114
2018-01-22 11:15:00,148.459
2018-01-22 11:00:00,141.693
2018-01-22 10:45:00,138.43
2018-01-22 10:30:00,132.604
2018-01-22 10:15:00,130.331
2018-01-22 10:00:00,113.358
2018-01-22 09:45:00,103.014
2018-01-22 09:30:00,91.243
2018-01-22 09:15:00,78.204
2018-01-22 09:00:00,65.374
2018-01-22 08:45:00,51.373
2018-01-22 08:30:00,25.817
2018-01-22 08:15:00,-0.917
2018-01-22 08:00:00,-6.333
2018-01-22 07:45:00,-30.624
2018-01-22 07:30:00,-21.82
2018-01-22 07:15:00,-17.583
2018-01-22 07:00:00,-17.649
2018-01-22 06:45:00,-20.05
2018-01-22 06:30:00,-17.911
2018-01-22 06:15:00,-25.31
2018-01-22 06:00:00,-23.224
2018-01-22 05:45:00,-25.799
2018-01-22 05:30:00,-28.796
2018-01-22 05:15:00,-20.0
2018-01-22 05:00:00,-14.711
2018-01-22 04:45:00,-15.133
2018-01-22 04:30:00,-16.139
2018-01-22 04:15:00,-14.518
2018-01-22 04:00:00,-14.746
2018-01-22 03:45:00,-12.882
2018-01-22 03:30:00,-15.576
2018-01-22 03:15:00,-15.052
2018-01-22 03:00:00,-15.471
2018-01-22 02:45:00,-14.728
2018-01-22 02:30:00,-15.337
2018-01-22 02:15:00,-13.754
2018-01-22 02:00:00,-16.705
2018-01-22 01:45:00,-16.351
2018-01-22 01:30:00,-16.41
2018-01-22 01:15:00,-17.03
2018-01-22 01:00:00,-17.897
2018-01-22 00:45:00,-16.252
2018-01-22 00:30:00,-17.334
2018-01-22 00:15:00,-1.776
2018-01-22 00:00:00,-1.705
2018-01-21 23:45:00,-1.461
2018-01-21 23:30:00,-2.199
2018-01-21 23:15:00,-27.328
2018-01-21 23:00:00,-44.784
2018-01-21 22:45:00,-31.769
2018-01-21 22:30:00,-27.057
2018-01-21 22:15:00,-26.771
2018-01-21 22:00:00,-9.936
2018-01-21 21:45:00,-8.956
2018-01-21 21:30:00,-13.244
2018-01-21 21:15:00,-31.776
2018-01-21 21:00:00,-35.27
2018-01-21 20:45:00,-36.607
2018-01-21 20:30:00,-36.438
2018-01-21 20:15:00,-24.767
2018-01-21 20:00:00,-25.911
2018-01-21 19:45:00,-27.728
2018-01-21 19:30:00,-30.118
2018-01-21 19:15:00,-27.949
2018-01-21 19:00:00,-28.335
2018-01-21 18:45:00,-28.345
2018-01-21 18:30:00,-28.45
2018-01-21 18:15:00,-29.981
2018-01-21 18:00:00,-30.131
2018-01-21 17:45:00,-28.87
2018-01-21 17:30:00,-30.245
2018-01-21 17:15:00,-28.98
2018-01-21 17:00:00,-27.911
2018-01-21 16:45:00,-20.788
2018-01-21 16:30:00,-11.414
2018-01-21 16:15:00,-1.623
2018-01-21 16:00:00,-0.915
2018-01-21 15:45:00,-0.916
2018-01-21 15:30:00,-0.915
2018-01-21 15:15:00,-0.915
2018-01-21 15:00:00,-0.914
2018-01-21 14:45:00,-0.913
2018-01-21 14:30:00,-0.914
2018-01-21 14:15:00,-0.914
2018-01-21 14:00:00,-0.915
2018-01-21 13:45:00,-0.914
2018-01-21 13:30:00,-0.915
2018-01-21 13:15:00,-0.914
2018-01-21 13:00:00,-0.914
2018-01-21 12:45:00,-0.913
2018-01-21 12:30:00,-0.915
2018-01-21 12:15:00,-0.916
2018-01-21 12:00:00,-0.916
2018-01-21 11:45:00,-0.915
2018-01-21 11:30:00,-1.705
2018-01-21 11:15:00,122.714
2018-01-21 11:00:00,172.583
2018-01-21 10:45:00,171.027
2018-01-21 10:30:00,160.032
2018-01-21 10:15:00,156.609
2018-01-21 10:00:00,146.133
2018-01-21 09:45:00,125.866
2018-01-21 09:30:00,114.657
2018-01-21 09:15:00,104.651
2018-01-21 09:00:00,101.868
2018-01-21 08:45:00,94.161
2018-01-21 08:30:00,68.534
2018-01-21 08:15:00,42.474
2018-01-21 08:00:00,12.062
2018-01-21 07:45:00,-1.29
2018-01-21 07:30:00,-1.637
2018-01-21 07:15:00,-1.903
2018-01-21 07:00:00,-2.714
2018-01-21 06:45:00,-3.628
2018-01-21 06:30:00,-4.098
2018-01-21 06:15:00,-9.841
2018-01-21 06:00:00,-8.56
2018-01-21 05:45:00,-12.834
2018-01-21 05:30:00,-10.032
2018-01-21 05:15:00,-15.059
2018-01-21 05:00:00,-15.587
2018-01-21 04:45:00,-18.783
2018-01-21 04:30:00,-18.081
2018-01-21 04:15:00,-19.312
2018-01-21 04:00:00,-20.067
2018-01-21 03:45:00,-22.258
2018-01-21 03:30:00,-22.598
2018-01-21 03:15:00,-21.305
2018-01-21 03:00:00,-21.561
2018-01-21 02:45:00,-22.427
2018-01-21 02:30:00,-23.251
2018-01-21 02:15:00,-23.814
2018-01-21 02:00:00,-26.097
2018-01-21 01:45:00,-25.566
2018-01-21 01:30:00,-24.078
2018-01-21 01:15:00,-25.399
2018-01-21 01:00:00,-24.263
2018-01-21 00:45:00,-24.789
2018-01-21 00:30:00,-26.092
2018-01-21 00:15:00,-12.899
2018-01-21 00:00:00,-6.365
2018-01-20 23:45:00,-4.94
2018-01-20 23:30:00,-11.184
2018-01-20 23:15:00,-26.186
2018-01-20 23:00:00,-28.945
2018-01-20 22:45:00,-29.024
2018-01-20 22:30:00,-28.506
2018-01-20 22:15:00,-21.044
2018-01-20 22:00:00,-9.642
2018-01-20 21:45:00,-9.914
2018-01-20 21:30:00,-10.346
2018-01-20 21:15:00,-20.042
2018-01-20 21:00:00,-31.049
2018-01-20 20:45:00,-35.723
2018-01-20 20:30:00,-34.877
2018-01-20 20:15:00,-23.529
2018-01-20 20:00:00,-23.504
2018-01-20 19:45:00,-27.043
2018-01-20 19:30:00,-26.487
2018-01-20 19:15:00,-25.521
2018-01-20 19:00:00,-25.271
2018-01-20 18:45:00,-25.695
2018-01-20 18:30:00,-29.47
2018-01-20 18:15:00,-30.186
2018-01-20 18:00:00,-31.578
2018-01-20 17:45:00,-33.252
2018-01-20 17:30:00,-32.771
2018-01-20 17:15:00,-32.802
2018-01-20 17:00:00,-30.151
2018-01-20 16:45:00,-23.067
2018-01-20 16:30:00,-15.641
2018-01-20 16:15:00,-1.568
2018-01-20 16:00:00,0.315
2018-01-20 15:45:00,1.996
2018-01-20 15:30:00,-0.918
2018-01-20 15:15:00,-0.919
2018-01-20 15:00:00,-0.111
2018-01-20 14:45:00,-0.922
2018-01-20 14:30:00,-0.921
2018-01-20 14:15:00,-0.26
2018-01-20 14:00:00,-0.088
2018-01-20 13:45:00,-0.919
2018-01-20 13:30:00,0.083
2018-01-20 13:15:00,-0.024
2018-01-20 13:00:00,-0.921
2018-01-20 12:45:00,0.503
2018-01-20 12:30:00,0.555
2018-01-20 12:15:00,3.789
2018-01-20 12:00:00,12.3
2018-01-20 11:45:00,133.343
2018-01-20 11:30:00,95.719
2018-01-20 11:15:00,178.852
2018-01-20 11:00:00,44.745
2018-01-20 10:45:00,119.391
2018-01-20 10:30:00,72.503
2018-01-20 10:15:00,157.283
2018-01-20 10:00:00,103.111
2018-01-20 09:45:00,157.067
2018-01-20 09:30:00,149.577
2018-01-20 09:15:00,59.049
2018-01-20 09:00:00,140.666
2018-01-20 08:45:00,30.802
2018-01-20 08:30:00,2.19
2018-01-20 08:15:00,12.013
2018-01-20 08:00:00,-1.985
2018-01-20 07:45:00,5.382
2018-01-20 07:30:00,-0.557
2018-01-20 07:15:00,-1.249
2018-01-20 07:00:00,-8.533
2018-01-20 06:45:00,-12.681
2018-01-20 06:30:00,-14.067
2018-01-20 06:15:00,-10.517
2018-01-20 06:00:00,-4.412
2018-01-20 05:45:00,-1.411
2018-01-20 05:30:00,-1.405
2018-01-20 05:15:00,-6.0
2018-01-20 05:00:00,-11.87
2018-01-20 04:45:00,-10.544
2018-01-20 04:30:00,-9.707
2018-01-20 04:15:00,-6.801
2018-01-20 04:00:00,-0.913
2018-01-20 03:45:00,-0.913
2018-01-20 03:30:00,-0.913
2018-01-20 03:15:00,-7.007
2018-01-20 03:00:00,-15.268
2018-01-20 02:45:00,-16.504
2018-01-20 02:30:00,-9.46
2018-01-20 02:15:00,-1.796
2018-01-20 02:00:00,-1.183
2018-01-20 01:45:00,-0.92
2018-01-20 01:30:00,-3.728
2018-01-20 01:15:00,-19.253
2018-01-20 01:00:00,-20.519
2018-01-20 00:45:00,-20.536
2018-01-20 00:30:00,-15.161
2018-01-20 00:15:00,-1.993
2018-01-20 00:00:00,-3.877
2018-01-19 23:45:00,-2.468
2018-01-19 23:30:00,-2.765
2018-01-19 23:15:00,-1.972
2018-01-19 23:00:00,-3.085
2018-01-19 22:45:00,-2.048
2018-01-19 22:30:00,-2.405
2018-01-19 22:15:00,-2.436
2018-01-19 22:00:00,-2.088
2018-01-19 21:45:00,-3.438
2018-01-19 21:30:00,-3.807
2018-01-19 21:15:00,-2.381
2018-01-19 21:00:00,-3.499
2018-01-19 20:45:00,-2.635
2018-01-19 20:30:00,-3.078
2018-01-19 20:15:00,-10.634
2018-01-19 20:00:00,-30.396
2018-01-19 19:45:00,-32.126
2018-01-19 19:30:00,-32.066
2018-01-19 19:15:00,-32.53
2018-01-19 19:00:00,-28.099
2018-01-19 18:45:00,-32.305
2018-01-19 18:30:00,-31.241
2018-01-19 18:15:00,-32.77
2018-01-19 18:00:00,-33.24
2018-01-19 17:45:00,-33.271
2018-01-19 17:30:00,-33.196
2018-01-19 17:15:00,-31.067
2018-01-19 17:00:00,-8.822
2018-01-19 16:45:00,-11.716
2018-01-19 16:30:00,-15.593
2018-01-19 16:15:00,-7.588
2018-01-19 16:00:00,-10.606
2018-01-19 15:45:00,-3.673
2018-01-19 15:30:00,-16.689
2018-01-19 15:15:00,-26.471
2018-01-19 15:00:00,-17.457
2018-01-19 14:45:00,-23.171
2018-01-19 14:30:00,-17.155
2018-01-19 14:15:00,-7.936
2018-01-19 14:00:00,-10.953
2018-01-19 13:45:00,2.097
2018-01-19 13:30:00,10.509
2018-01-19 13:15:00,50.45
2018-01-19 13:00:00,107.272
2018-01-19 12:45:00,133.496
2018-01-19 12:30:00,135.205
2018-01-19 12:15:00,133.61
2018-01-19 12:00:00,38.972
2018-01-19 11:45:00,20.13
2018-01-19 11:30:00,2.272
2018-01-19 11:15:00,1.888
2018-01-19 11:00:00,8.682
2018-01-19 10:45:00,17.48
2018-01-19 10:30:00,4.687
2018-01-19 10:15:00,8.284
2018-01-19 10:00:00,-1.444
2018-01-19 09:45:00,-4.662
2018-01-19 09:30:00,58.877
2018-01-19 09:15:00,69.218
2018-01-19 09:00:00,41.561
2018-01-19 08:45:00,14.919
2018-01-19 08:30:00,9.231
2018-01-19 08:15:00,-1.011
2018-01-19 08:00:00,-1.704
2018-01-19 07:45:00,-8.279
2018-01-19 07:30:00,-14.834
2018-01-19 07:15:00,-17.807
2018-01-19 07:00:00,-18.784
2018-01-19 06:45:00,-17.292
2018-01-19 06:30:00,-16.07
2018-01-19 06:15:00,-14.38
2018-01-19 06:00:00,-15.125
2018-01-19 05:45:00,-16.651
2018-01-19 05:30:00,-21.963
2018-01-19 05:15:00,-8.326
2018-01-19 05:00:00,-2.729
2018-01-19 04:45:00,-3.202
2018-01-19 04:30:00,-3.413
2018-01-19 04:15:00,-2.221
2018-01-19 04:00:00,-2.875
2018-01-19 03:45:00,-2.5
2018-01-19 03:30:00,-2.286
2018-01-19 03:15:00,-3.172
2018-01-19 03:00:00,-4.281
2018-01-19 02:45:00,-3.248
2018-01-19 02:30:00,-2.946
2018-01-19 02:15:00,-2.694
2018-01-19 02:00:00,-4.638
2018-01-19 01:45:00,-4.933
2018-01-19 01:30:00,-5.337
2018-01-19 01:15:00,-8.203
2018-01-19 01:00:00,-6.345
2018-01-19 00:45:00,-6.024
2018-01-19 00:30:00,-6.62
2018-01-19 00:15:00,-7.623
2018-01-19 00:00:00,-6.502
2018-01-18 23:45:00,-8.707
2018-01-18 23:30:00,-8.631
2018-01-18 23:15:00,-7.793
2018-01-18 23:00:00,-8.928
2018-01-18 22:45:00,-8.128
2018-01-18 22:30:00,-9.968
2018-01-18 22:15:00,-8.093
2018-01-18 22:00:00,-11.479
2018-01-18 21:45:00,-9.61
2018-01-18 21:30:00,-13.973
2018-01-18 21:15:00,-10.49
2018-01-18 21:00:00,-13.456
2018-01-18 20:45:00,-11.972
2018-01-18 20:30:00,-14.985
2018-01-18 20:15:00,-20.493
2018-01-18 20:00:00,-27.85
2018-01-18 19:45:00,-29.085
2018-01-18 19:30:00,-28.991
2018-01-18 19:15:00,-29.812
2018-01-18 19:00:00,-30.683
2018-01-18 18:45:00,-30.559
2018-01-18 18:30:00,-30.964
2018-01-18 18:15:00,-39.155
2018-01-18 18:00:00,-49.796
2018-01-18 17:45:00,-50.198
2018-01-18 17:30:00,-51.266
2018-01-18 17:15:00,-51.346
2018-01-18 17:00:00,-47.764
2018-01-18 16:45:00,-50.403
2018-01-18 16:30:00,-41.807
2018-01-18 16:15:00,-29.739
2018-01-18 16:00:00,-30.645
2018-01-18 15:45:00,-19.729
2018-01-18 15:30:00,-6.515
2018-01-18 15:15:00,-3.964
2018-01-18 15:00:00,-0.934
2018-01-18 14:45:00,-0.939
2018-01-18 14:30:00,-0.933
2018-01-18 14:15:00,-0.926
2018-01-18 14:00:00,-0.927
2018-01-18 13:45:00,-0.925
2018-01-18 13:30:00,-0.924
2018-01-18 13:15:00,-0.925
2018-01-18 13:00:00,-0.921
2018-01-18 12:45:00,-0.92
2018-01-18 12:30:00,11.537
2018-01-18 12:15:00,141.446
2018-01-18 12:00:00,137.228
2018-01-18 11:45:00,138.49
2018-01-18 11:30:00,132.128
2018-01-18 11:15:00,120.127
2018-01-18 11:00:00,101.134
2018-01-18 10:45:00,75.03
2018-01-18 10:30:00,84.859
2018-01-18 10:15:00,110.881
2018-01-18 10:00:00,98.155
2018-01-18 09:45:00,71.127
2018-01-18 09:30:00,64.485
2018-01-18 09:15:00,72.441
2018-01-18 09:00:00,76.73
2018-01-18 08:45:00,63.296
2018-01-18 08:30:00,28.385
2018-01-18 08:15:00,5.556
2018-01-18 08:00:00,-3.852
2018-01-18 07:45:00,-10.717
2018-01-18 07:30:00,-15.539
2018-01-18 07:15:00,-29.753
2018-01-18 07:00:00,-22.535
2018-01-18 06:45:00,-28.144
2018-01-18 06:30:00,-28.197
2018-01-18 06:15:00,-19.527
2018-01-18 06:00:00,-20.661
2018-01-18 05:45:00,-21.21
2018-01-18 05:30:00,-22.092
2018-01-18 05:15:00,-23.605
2018-01-18 05:00:00,-5.446
2018-01-18 04:45:00,-5.103
2018-01-18 04:30:00,-5.925
2018-01-18 04:15:00,-7.151
2018-01-18 04:00:00,-10.051
2018-01-18 03:45:00,-8.574
2018-01-18 03:30:00,-8.823
2018-01-18 03:15:00,-9.023
2018-01-18 03:00:00,-11.1
2018-01-18 02:45:00,-10.319
2018-01-18 02:30:00,-10.36
2018-01-18 02:15:00,-9.642
2018-01-18 02:00:00,-10.414
2018-01-18 01:45:00,-10.344
2018-01-18 01:30:00,-11.214
2018-01-18 01:15:00,-13.473
2018-01-18 01:00:00,-12.546
2018-01-18 00:45:00,-12.591
2018-01-18 00:30:00,-12.34
2018-01-18 00:15:00,-12.372
2018-01-18 00:00:00,-15.052
2018-01-17 23:45:00,-14.249
2018-01-17 23:30:00,-14.873
2018-01-17 23:15:00,-14.419
2018-01-17 23:00:00,-13.698
2018-01-17 22:45:00,-15.031
2018-01-17 22:30:00,-13.481
2018-01-17 22:15:00,-15.045
2018-01-17 22:00:00,-13.626
2018-01-17 21:45:00,-17.416
2018-01-17 21:30:00,-17.789
2018-01-17 21:15:00,-16.49
2018-01-17 21:00:00,-15.895
2018-01-17 20:45:00,-17.536
2018-01-17 20:30:00,-17.654
2018-01-17 20:15:00,-22.733
2018-01-17 20:00:00,-28.124
2018-01-17 19:45:00,-29.733
2018-01-17 19:30:00,-28.982
2018-01-17 19:15:00,-30.277
2018-01-17 19:00:00,-29.336
2018-01-17 18:45:00,-31.266
2018-01-17 18:30:00,-30.748
2018-01-17 18:15:00,-32.952
2018-01-17 18:00:00,-30.277
2018-01-17 17:45:00,-33.221
2018-01-17 17:30:00,-47.267
2018-01-17 17:15:00,-54.275
2018-01-17 17:00:00,-49.842
2018-01-17 16:45:00,-52.917
2018-01-17 16:30:00,-49.474
2018-01-17 16:15:00,-32.473
2018-01-17 16:00:00,-5.281
2018-01-17 15:45:00,-0.943
2018-01-17 15:30:00,-0.945
2018-01-17 15:15:00,-0.943
2018-01-17 15:00:00,-0.94
2018-01-17 14:45:00,-0.94
2018-01-17 14:30:00,-0.94
2018-01-17 14:15:00,-0.94
2018-01-17 14:00:00,-0.941
2018-01-17 13:45:00,-0.942
2018-01-17 13:30:00,-0.935
2018-01-17 13:15:00,-0.935
2018-01-17 13:00:00,-0.936
2018-01-17 12:45:00,-0.935
2018-01-17 12:30:00,-0.93
2018-01-17 12:15:00,-0.927
2018-01-17 12:00:00,65.979
2018-01-17 11:45:00,136.818
2018-01-17 11:30:00,130.229
2018-01-17 11:15:00,140.54
2018-01-17 11:00:00,134.706
2018-01-17 10:45:00,120.795
2018-01-17 10:30:00,126.833
2018-01-17 10:15:00,121.263
2018-01-17 10:00:00,115.501
2018-01-17 09:45:00,107.045
2018-01-17 09:30:00,95.049
2018-01-17 09:15:00,81.858
2018-01-17 09:00:00,66.337
2018-01-17 08:45:00,52.397
2018-01-17 08:30:00,5.89
2018-01-17 08:15:00,-4.356
2018-01-17 08:00:00,-17.557
2018-01-17 07:45:00,-31.526
2018-01-17 07:30:00,-10.119
2018-01-17 07:15:00,-16.182
2018-01-17 07:00:00,-17.226
2018-01-17 06:45:00,-7.798
2018-01-17 06:30:00,-27.843
2018-01-17 06:15:00,-29.653
2018-01-17 06:00:00,-31.527
2018-01-17 05:45:00,-36.518
2018-01-17 05:30:00,-30.246
2018-01-17 05:15:00,-14.447
2018-01-17 05:00:00,-7.142
2018-01-17 04:45:00,-8.734
2018-01-17 04:30:00,-6.78
2018-01-17 04:15:00,-8.727
2018-01-17 04:00:00,-8.197
2018-01-17 03:45:00,-7.953
2018-01-17 03:30:00,-7.296
2018-01-17 03:15:00,-7.195
2018-01-17 03:00:00,-7.621
2018-01-17 02:45:00,-6.871
2018-01-17 02:30:00,-8.329
2018-01-17 02:15:00,-9.793
2018-01-17 02:00:00,-6.817
2018-01-17 01:45:00,-9.161
2018-01-17 01:30:00,-6.05
2018-01-17 01:15:00,-9.006
2018-01-17 01:00:00,-7.02
2018-01-17 00:45:00,-10.722
2018-01-17 00:30:00,-8.543
2018-01-17 00:15:00,-8.885
2018-01-17 00:00:00,-7.426
2018-01-16 23:45:00,-8.671
2018-01-16 23:30:00,-8.12
2018-01-16 23:15:00,-8.806
2018-01-16 23:00:00,-9.099
2018-01-16 22:45:00,-8.655
2018-01-16 22:30:00,-8.402
2018-01-16 22:15:00,-13.359
2018-01-16 22:00:00,-10.999
2018-01-16 21:45:00,-11.125
2018-01-16 21:30:00,-11.492
2018-01-16 21:15:00,-12.217
2018-01-16 21:00:00,-12.485
2018-01-16 20:45:00,-13.924
2018-01-16 20:30:00,-15.691
2018-01-16 20:15:00,-18.23
2018-01-16 20:00:00,-27.55
2018-01-16 19:45:00,-27.999
2018-01-16 19:30:00,-26.933
2018-01-16 19:15:00,-28.187
2018-01-16 19:00:00,-27.834
2018-01-16 18:45:00,-28.326
2018-01-16 18:30:00,-27.749
2018-01-16 18:15:00,-28.988
2018-01-16 18:00:00,-29.166
2018-01-16 17:45:00,-29.214
2018-01-16 17:30:00,-31.101
2018-01-16 17:15:00,-31.959
2018-01-16 17:00:00,-33.073
2018-01-16 16:45:00,-45.552
2018-01-16 16:30:00,-32.93
2018-01-16 16:15:00,-38.761
2018-01-16 16:00:00,-3.545
2018-01-16 15:45:00,-12.95
2018-01-16 15:30:00,-9.993
2018-01-16 15:15:00,-0.622
2018-01-16 15:00:00,-0.926
2018-01-16 14:45:00,-0.291
2018-01-16 14:30:00,-0.519
2018-01-16 14:15:00,-0.098
2018-01-16 14:00:00,-0.231
2018-01-16 13:45:00,-0.927
2018-01-16 13:30:00,0.209
2018-01-16 13:15:00,-0.057
2018-01-16 13:00:00,0.158
2018-01-16 12:45:00,1.253
2018-01-16 12:30:00,3.66
2018-01-16 12:15:00,7.578
2018-01-16 12:00:00,109.958
2018-01-16 11:45:00,147.611
2018-01-16 11:30:00,90.909
2018-01-16 11:15:00,139.633
2018-01-16 11:00:00,127.085
2018-01-16 10:45:00,107.092
2018-01-16 10:30:00,125.618
2018-01-16 10:15:00,89.84
2018-01-16 10:00:00,94.498
2018-01-16 09:45:00,76.264
2018-01-16 09:30:00,45.999
2018-01-16 09:15:00,59.459
2018-01-16 09:00:00,58.104
2018-01-16 08:45:00,4.556
2018-01-16 08:30:00,7.668
2018-01-16 08:15:00,1.311
2018-01-16 08:00:00,-2.712
2018-01-16 07:45:00,-5.153
2018-01-16 07:30:00,-23.064
2018-01-16 07:15:00,-36.464
2018-01-16 07:00:00,-33.233
2018-01-16 06:45:00,-30.344
2018-01-16 06:30:00,-31.083
2018-01-16 06:15:00,-18.341
2018-01-16 06:00:00,-9.413
2018-01-16 05:45:00,-9.437
2018-01-16 05:30:00,-17.963
2018-01-16 05:15:00,-21.985
2018-01-16 05:00:00,-15.799
2018-01-16 04:45:00,-16.119
2018-01-16 04:30:00,-20.158
2018-01-16 04:15:00,-4.976
2018-01-16 04:00:00,-3.188
2018-01-16 03:45:00,-3.435
2018-01-16 03:30:00,-3.029
2018-01-16 03:15:00,-4.389
2018-01-16 03:00:00,-4.587
2018-01-16 02:45:00,-6.791
2018-01-16 02:30:00,-6.566
2018-01-16 02:15:00,-7.406
2018-01-16 02:00:00,-14.055
2018-01-16 01:45:00,-12.554
2018-01-16 01:30:00,-13.606
2018-01-16 01:15:00,-11.886
2018-01-16 01:00:00,-15.402
2018-01-16 00:45:00,-14.167
2018-01-16 00:30:00,-14.111
2018-01-16 00:15:00,-14.053
2018-01-16 00:00:00,-15.277
2018-01-15 23:45:00,-13.567
2018-01-15 23:30:00,-16.777
2018-01-15 23:15:00,-15.886
2018-01-15 23:00:00,-17.384
2018-01-15 22:45:00,-15.516
2018-01-15 22:30:00,-15.767
2018-01-15 22:15:00,-16.269
2018-01-15 22:00:00,-17.783
2018-01-15 21:45:00,-19.56
2018-01-15 21:30:00,-17.007
2018-01-15 21:15:00,-18.436
2018-01-15 21:00:00,-17.692
2018-01-15 20:45:00,-19.754
2018-01-15 20:30:00,-20.407
2018-01-15 20:15:00,-24.039
2018-01-15 20:00:00,-29.22
2018-01-15 19:45:00,-28.875
2018-01-15 19:30:00,-28.275
2018-01-15 19:15:00,-28.547
2018-01-15 19:00:00,-28.333
2018-01-15 18:45:00,-28.677
2018-01-15 18:30:00,-28.668
2018-01-15 18:15:00,-30.765
2018-01-15 18:00:00,-29.138
2018-01-15 17:45:00,-28.595
2018-01-15 17:30:00,-38.1
2018-01-15 17:15:00,-47.023
2018-01-15 17:00:00,-24.485
2018-01-15 16:45:00,-23.175
2018-01-15 16:30:00,-15.73
2018-01-15 16:15:00,-5.029
2018-01-15 16:00:00,-1.181
2018-01-15 15:45:00,-0.928
2018-01-15 15:30:00,-0.933
2018-01-15 15:15:00,-0.938
2018-01-15 15:00:00,-0.936
2018-01-15 14:45:00,-0.939
2018-01-15 14:30:00,-0.939
2018-01-15 14:15:00,-0.933
2018-01-15 14:00:00,-0.93
2018-01-15 13:45:00,-0.927
2018-01-15 13:30:00,-0.924
2018-01-15 13:15:00,-0.923
2018-01-15 13:00:00,-0.922
2018-01-15 12:45:00,-0.924
2018-01-15 12:30:00,-0.925
2018-01-15 12:15:00,-0.924
2018-01-15 12:00:00,-0.923
2018-01-15 11:45:00,-0.917
2018-01-15 11:30:00,56.689
2018-01-15 11:15:00,148.866
2018-01-15 11:00:00,151.725
2018-01-15 10:45:00,151.042
2018-01-15 10:30:00,148.307
2018-01-15 10:15:00,141.066
2018-01-15 10:00:00,129.701
2018-01-15 09:45:00,111.72
2018-01-15 09:30:00,80.991
2018-01-15 09:15:00,106.14
2018-01-15 09:00:00,95.213
2018-01-15 08:45:00,82.583
2018-01-15 08:30:00,46.035
2018-01-15 08:15:00,22.707
2018-01-15 08:00:00,-0.938
2018-01-15 07:45:00,-4.159
2018-01-15 07:30:00,-23.701
2018-01-15 07:15:00,-28.127
2018-01-15 07:00:00,-34.199
2018-01-15 06:45:00,-33.381
2018-01-15 06:30:00,-36.672
2018-01-15 06:15:00,-34.001
2018-01-15 06:00:00,-23.197
2018-01-15 05:45:00,-14.536
2018-01-15 05:30:00,-3.156
2018-01-15 05:15:00,-2.524
2018-01-15 05:00:00,-4.378
2018-01-15 04:45:00,-20.068
2018-01-15 04:30:00,-23.721
2018-01-15 04:15:00,-21.649
2018-01-15 04:00:00,-25.669
2018-01-15 03:45:00,-19.944
2018-01-15 03:30:00,-11.819
2018-01-15 03:15:00,-11.806
2018-01-15 03:00:00,-9.647
2018-01-15 02:45:00,-10.211
2018-01-15 02:30:00,-10.715
2018-01-15 02:15:00,-10.992
2018-01-15 02:00:00,-11.771
2018-01-15 01:45:00,-10.182
2018-01-15 01:30:00,-9.928
2018-01-15 01:15:00,-11.081
2018-01-15 01:00:00,-9.689
2018-01-15 00:45:00,-10.622
2018-01-15 00:30:00,-11.728
2018-01-15 00:15:00,-11.553
2018-01-15 00:00:00,-12.06
2018-01-14 23:45:00,-9.801
2018-01-14 23:30:00,-10.776
2018-01-14 23:15:00,-11.114
2018-01-14 23:00:00,-10.458
2018-01-14 22:45:00,-27.095
2018-01-14 22:30:00,-40.966
2018-01-14 22:15:00,-22.934
2018-01-14 22:00:00,-22.552
2018-01-14 21:45:00,-21.937
2018-01-14 21:30:00,-23.328
2018-01-14 21:15:00,-22.77
2018-01-14 21:00:00,-23.496
2018-01-14 20:45:00,-22.882
2018-01-14 20:30:00,-24.978
2018-01-14 20:15:00,-24.381
2018-01-14 20:00:00,-24.195
2018-01-14 19:45:00,-25.297
2018-01-14 19:30:00,-24.584
2018-01-14 19:15:00,-24.234
2018-01-14 19:00:00,-25.703
2018-01-14 18:45:00,-24.391
2018-01-14 18:30:00,-25.178
2018-01-14 18:15:00,-27.837
2018-01-14 18:00:00,-27.867
2018-01-14 17:45:00,-27.671
2018-01-14 17:30:00,-26.608
2018-01-14 17:15:00,-28.608
2018-01-14 17:00:00,-26.935
2018-01-14 16:45:00,-16.036
2018-01-14 16:30:00,-3.77
2018-01-14 16:15:00,-1.273
2018-01-14 16:00:00,-0.93
2018-01-14 15:45:00,-0.93
2018-01-14 15:30:00,-0.93
2018-01-14 15:15:00,-0.928
2018-01-14 15:00:00,-0.921
2018-01-14 14:45:00,-0.922
2018-01-14 14:30:00,-0.923
2018-01-14 14:15:00,-0.923
2018-01-14 14:00:00,-0.924
2018-01-14 13:45:00,-0.925
2018-01-14 13:30:00,-0.927
2018-01-14 13:15:00,-0.928
2018-01-14 13:00:00,-0.928
2018-01-14 12:45:00,-1.409
2018-01-14 12:30:00,-2.146
2018-01-14 12:15:00,-2.034
2018-01-14 12:00:00,123.953
2018-01-14 11:45:00,157.995
2018-01-14 11:30:00,141.264
2018-01-14 11:15:00,147.562
2018-01-14 11:00:00,149.065
2018-01-14 10:45:00,153.896
2018-01-14 10:30:00,148.601
2018-01-14 10:15:00,85.036
2018-01-14 10:00:00,92.983
2018-01-14 09:45:00,63.694
2018-01-14 09:30:00,87.673
2018-01-14 09:15:00,101.005
2018-01-14 09:00:00,70.396
2018-01-14 08:45:00,43.212
2018-01-14 08:30:00,8.429
2018-01-14 08:15:00,1.903
2018-01-14 08:00:00,-1.2
2018-01-14 07:45:00,-1.25
2018-01-14 07:30:00,-1.764
2018-01-14 07:15:00,-15.296
2018-01-14 07:00:00,-19.829
2018-01-14 06:45:00,-18.306
2018-01-14 06:30:00,-18.362
2018-01-14 06:15:00,-18.159
2018-01-14 06:00:00,-19.572
2018-01-14 05:45:00,-19.803
2018-01-14 05:30:00,-17.388
2018-01-14 05:15:00,-18.584
2018-01-14 05:00:00,-18.155
2018-01-14 04:45:00,-18.767
2018-01-14 04:30:00,-20.684
2018-01-14 04:15:00,-18.448
2018-01-14 04:00:00,-19.396
2018-01-14 03:45:00,-18.421
2018-01-14 03:30:00,-19.644
2018-01-14 03:15:00,-18.872
2018-01-14 03:00:00,-19.875
2018-01-14 02:45:00,-19.601
2018-01-14 02:30:00,-18.614
2018-01-14 02:15:00,-18.559
2018-01-14 02:00:00,-19.362
2018-01-14 01:45:00,-19.789
2018-01-14 01:30:00,-20.568
2018-01-14 01:15:00,-19.718
2018-01-14 01:00:00,-18.65
2018-01-14 00:45:00,-20.487
2018-01-14 00:30:00,-18.9
2018-01-14 00:15:00,-19.973
2018-01-14 00:00:00,-19.465
2018-01-13 23:45:00,-21.672
2018-01-13 23:30:00,-19.498
2018-01-13 23:15:00,-19.81
2018-01-13 23:00:00,-20.222
2018-01-13 22:45:00,-19.416
2018-01-13 22:30:00,-20.014
2018-01-13 22:15:00,-20.26
2018-01-13 22:00:00,-20.404
2018-01-13 21:45:00,-23.034
2018-01-13 21:30:00,-21.935
2018-01-13 21:15:00,-22.01
2018-01-13 21:00:00,-22.938
2018-01-13 20:45:00,-23.23
2018-01-13 20:30:00,-24.271
2018-01-13 20:15:00,-21.491
2018-01-13 20:00:00,-24.16
2018-01-13 19:45:00,-24.935
2018-01-13 19:30:00,-25.569
2018-01-13 19:15:00,-26.54
2018-01-13 19:00:00,-24.275
2018-01-13 18:45:00,-25.769
2018-01-13 18:30:00,-25.588
2018-01-13 18:15:00,-26.279
2018-01-13 18:00:00,-26.211
2018-01-13 17:45:00,-28.195
2018-01-13 17:30:00,-30.653
2018-01-13 17:15:00,-32.574
2018-01-13 17:00:00,-42.637
2018-01-13 16:45:00,-37.231
2018-01-13 16:30:00,-6.127
2018-01-13 16:15:00,-8.189
2018-01-13 16:00:00,-0.996
2018-01-13 15:45:00,-0.935
2018-01-13 15:30:00,-0.935
2018-01-13 15:15:00,-0.936
2018-01-13 15:00:00,-0.936
2018-01-13 14:45:00,-0.936
2018-01-13 14:30:00,-0.935
2018-01-13 14:15:00,-0.93
2018-01-13 14:00:00,-0.929
2018-01-13 13:45:00,-0.93
2018-01-13 13:30:00,-0.929
2018-01-13 13:15:00,-0.93
2018-01-13 13:00:00,-0.933
2018-01-13 12:45:00,-0.931
2018-01-13 12:30:00,-0.929
2018-01-13 12:15:00,-0.931
2018-01-13 12:00:00,-0.93
2018-01-13 11:45:00,-0.925
2018-01-13 11:30:00,-0.922
2018-01-13 11:15:00,16.121
2018-01-13 11:00:00,172.951
2018-01-13 10:45:00,169.011
2018-01-13 10:30:00,158.631
2018-01-13 10:15:00,159.432
2018-01-13 10:00:00,150.408
2018-01-13 09:45:00,137.591
2018-01-13 09:30:00,131.125
2018-01-13 09:15:00,125.329
2018-01-13 09:00:00,112.939
2018-01-13 08:45:00,93.776
2018-01-13 08:30:00,55.611
2018-01-13 08:15:00,35.258
2018-01-13 08:00:00,15.465
2018-01-13 07:45:00,5.082
2018-01-13 07:30:00,4.004
2018-01-13 07:15:00,-9.213
2018-01-13 07:00:00,-11.933
2018-01-13 06:45:00,-15.186
2018-01-13 06:30:00,-7.734
2018-01-13 06:15:00,-0.92
2018-01-13 06:00:00,-0.914
2018-01-13 05:45:00,-1.085
2018-01-13 05:30:00,-1.425
2018-01-13 05:15:00,-10.243
2018-01-13 05:00:00,-15.92
2018-01-13 04:45:00,-19.263
2018-01-13 04:30:00,-25.9
2018-01-13 04:15:00,-13.551
2018-01-13 04:00:00,-14.699
2018-01-13 03:45:00,-17.643
2018-01-13 03:30:00,-19.643
2018-01-13 03:15:00,-17.391
2018-01-13 03:00:00,-17.915
2018-01-13 02:45:00,-18.66
2018-01-13 02:30:00,-18.023
2018-01-13 02:15:00,-20.505
2018-01-13 02:00:00,-20.271
2018-01-13 01:45:00,-19.854
2018-01-13 01:30:00,-19.214
2018-01-13 01:15:00,-19.323
2018-01-13 01:00:00,-20.65
2018-01-13 00:45:00,-20.694
2018-01-13 00:30:00,-21.44
2018-01-13 00:15:00,-20.338
2018-01-13 00:00:00,-18.672
2018-01-12 23:45:00,-20.603
2018-01-12 23:30:00,-18.631
2018-01-12 23:15:00,-21.139
2018-01-12 23:00:00,-22.191
2018-01-12 22:45:00,-21.082
2018-01-12 22:30:00,-20.421
2018-01-12 22:15:00,-20.989
2018-01-12 22:00:00,-21.137
2018-01-12 21:45:00,-21.81
2018-01-12 21:30:00,-21.11
2018-01-12 21:15:00,-24.072
2018-01-12 21:00:00,-23.147
2018-01-12 20:45:00,-23.123
2018-01-12 20:30:00,-21.783
2018-01-12 20:15:00,-23.183
2018-01-12 20:00:00,-27.854
2018-01-12 19:45:00,-26.813
2018-01-12 19:30:00,-27.008
2018-01-12 19:15:00,-29.237
2018-01-12 19:00:00,-28.29
2018-01-12 18:45:00,-30.829
2018-01-12 18:30:00,-33.554
2018-01-12 18:15:00,-35.099
2018-01-12 18:00:00,-34.86
2018-01-12 17:45:00,-35.453
2018-01-12 17:30:00,-35.003
2018-01-12 17:15:00,-35.696
2018-01-12 17:00:00,-29.565
2018-01-12 16:45:00,-31.857
2018-01-12 16:30:00,-30.558
2018-01-12 16:15:00,-33.916
2018-01-12 16:00:00,-19.708
2018-01-12 15:45:00,-1.524
2018-01-12 15:30:00,-0.939
2018-01-12 15:15:00,-0.937
2018-01-12 15:00:00,-0.936
2018-01-12 14:45:00,-0.939
2018-01-12 14:30:00,-0.937
2018-01-12 14:15:00,-0.934
2018-01-12 14:00:00,-0.933
2018-01-12 13:45:00,-0.933
2018-01-12 13:30:00,-0.931
2018-01-12 13:15:00,-0.929
2018-01-12 13:00:00,-0.929
2018-01-12 12:45:00,-0.928
2018-01-12 12:30:00,-0.931
2018-01-12 12:15:00,-0.929
2018-01-12 12:00:00,33.294
2018-01-12 11:45:00,148.543
2018-01-12 11:30:00,145.447
2018-01-12 11:15:00,140.1
2018-01-12 11:00:00,132.363
2018-01-12 10:45:00,140.295
2018-01-12 10:30:00,139.943
2018-01-12 10:15:00,124.338
2018-01-12 10:00:00,113.833
2018-01-12 09:45:00,99.715
2018-01-12 09:30:00,89.38
2018-01-12 09:15:00,77.939
2018-01-12 09:00:00,66.145
2018-01-12 08:45:00,52.614
2018-01-12 08:30:00,9.141
2018-01-12 08:15:00,-2.252
2018-01-12 08:00:00,-6.626
2018-01-12 07:45:00,-19.221
2018-01-12 07:30:00,-20.911
2018-01-12 07:15:00,-21.803
2018-01-12 07:00:00,-22.695
2018-01-12 06:45:00,-25.268
2018-01-12 06:30:00,-28.548
2018-01-12 06:15:00,-19.123
2018-01-12 06:00:00,-14.064
2018-01-12 05:45:00,-15.097
2018-01-12 05:30:00,-15.718
2018-01-12 05:15:00,-6.401
2018-01-12 05:00:00,-10.42
2018-01-12 04:45:00,-18.616
2018-01-12 04:30:00,-19.679
2018-01-12 04:15:00,-15.824
2018-01-12 04:00:00,-2.795
2018-01-12 03:45:00,-3.229
2018-01-12 03:30:00,-2.615
2018-01-12 03:15:00,-2.569
2018-01-12 03:00:00,-2.939
2018-01-12 02:45:00,-3.822
2018-01-12 02:30:00,-3.665
2018-01-12 02:15:00,-2.947
2018-01-12 02:00:00,-2.772
2018-01-12 01:45:00,-2.348
2018-01-12 01:30:00,-2.379
2018-01-12 01:15:00,-2.857
2018-01-12 01:00:00,-2.597
2018-01-12 00:45:00,-2.171
2018-01-12 00:30:00,-3.298
2018-01-12 00:15:00,-2.638
2018-01-12 00:00:00,-4.526
2018-01-11 23:45:00,-3.378
2018-01-11 23:30:00,-3.578
2018-01-11 23:15:00,-2.361
2018-01-11 23:00:00,-3.016
2018-01-11 22:45:00,-2.184
2018-01-11 22:30:00,-2.527
2018-01-11 22:15:00,-3.059
2018-01-11 22:00:00,-3.076
2018-01-11 21:45:00,-2.602
2018-01-11 21:30:00,-3.736
2018-01-11 21:15:00,-2.824
2018-01-11 21:00:00,-3.311
2018-01-11 20:45:00,-4.874
2018-01-11 20:30:00,-8.432
2018-01-11 20:15:00,-16.059
2018-01-11 20:00:00,-29.788
2018-01-11 19:45:00,-31.395
2018-01-11 19:30:00,-29.873
2018-01-11 19:15:00,-36.724
2018-01-11 19:00:00,-45.134
2018-01-11 18:45:00,-44.366
2018-01-11 18:30:00,-45.615
2018-01-11 18:15:00,-46.439
2018-01-11 18:00:00,-47.504
2018-01-11 17:45:00,-48.286
2018-01-11 17:30:00,-50.679
2018-01-11 17:15:00,-51.303
2018-01-11 17:00:00,-47.313
2018-01-11 16:45:00,-53.059
2018-01-11 16:30:00,-55.426
2018-01-11 16:15:00,-55.151
2018-01-11 16:00:00,-40.222
2018-01-11 15:45:00,-9.39
2018-01-11 15:30:00,-0.93
2018-01-11 15:15:00,-0.356
2018-01-11 15:00:00,-0.925
2018-01-11 14:45:00,-0.925
2018-01-11 14:30:00,-0.406
2018-01-11 14:15:00,-0.932
2018-01-11 14:00:00,-0.933
2018-01-11 13:45:00,-0.93
2018-01-11 13:30:00,-0.209
2018-01-11 13:15:00,-0.388
2018-01-11 13:00:00,-0.256
2018-01-11 12:45:00,-0.917
2018-01-11 12:30:00,-0.92
2018-01-11 12:15:00,-0.921
2018-01-11 12:00:00,0.939
2018-01-11 11:45:00,-0.92
2018-01-11 11:30:00,0.022
2018-01-11 11:15:00,0.021
2018-01-11 11:00:00,0.055
2018-01-11 10:45:00,-0.144
2018-01-11 10:30:00,1.614
2018-01-11 10:15:00,2.129
2018-01-11 10:00:00,1.379
2018-01-11 09:45:00,80.58
2018-01-11 09:30:00,99.575
2018-01-11 09:15:00,91.094
2018-01-11 09:00:00,78.895
2018-01-11 08:45:00,54.698
2018-01-11 08:30:00,23.27
2018-01-11 08:15:00,20.041
2018-01-11 08:00:00,-19.984
2018-01-11 07:45:00,-25.362
2018-01-11 07:30:00,-18.916
2018-01-11 07:15:00,-12.995
2018-01-11 07:00:00,-1.321
2018-01-11 06:45:00,-11.619
2018-01-11 06:30:00,-9.839
2018-01-11 06:15:00,-7.98
2018-01-11 06:00:00,-5.515
2018-01-11 05:45:00,-2.112
2018-01-11 05:30:00,-2.204
2018-01-11 05:15:00,-2.139
2018-01-11 05:00:00,-2.108
2018-01-11 04:45:00,-2.298
2018-01-11 04:30:00,-2.271
2018-01-11 04:15:00,-0.911
2018-01-11 04:00:00,17.957
2018-01-11 03:45:00,17.149
2018-01-11 03:30:00,14.29
2018-01-11 03:15:00,-1.965
2018-01-11 03:00:00,-1.769
2018-01-11 02:45:00,-2.12
2018-01-11 02:30:00,6.27
2018-01-11 02:15:00,17.393
2018-01-11 02:00:00,18.832
2018-01-11 01:45:00,19.262
2018-01-11 01:30:00,7.38
2018-01-11 01:15:00,-2.098
2018-01-11 01:00:00,-2.06
2018-01-11 00:45:00,5.049
2018-01-11 00:30:00,18.643
2018-01-11 00:15:00,18.407
2018-01-11 00:00:00,18.528
2018-01-10 23:45:00,18.751
2018-01-10 23:30:00,13.146
2018-01-10 23:15:00,-1.854
2018-01-10 23:00:00,-2.099
2018-01-10 22:45:00,3.555
2018-01-10 22:30:00,19.203
2018-01-10 22:15:00,18.184
2018-01-10 22:00:00,17.703
2018-01-10 21:45:00,17.289
2018-01-10 21:30:00,18.68
2018-01-10 21:15:00,18.971
2018-01-10 21:00:00,19.252
2018-01-10 20:45:00,19.505
2018-01-10 20:30:00,18.493
2018-01-10 20:15:00,10.6
2018-01-10 20:00:00,-0.93
2018-01-10 19:45:00,-1.612
2018-01-10 19:30:00,-1.259
2018-01-10 19:15:00,-1.402
2018-01-10 19:00:00,-1.342
2018-01-10 18:45:00,-0.929
2018-01-10 18:30:00,-0.927
2018-01-10 18:15:00,-0.926
2018-01-10 18:00:00,-0.923
2018-01-10 17:45:00,-0.924
2018-01-10 17:30:00,-6.732
2018-01-10 17:15:00,-10.641
2018-01-10 17:00:00,11.062
2018-01-10 16:45:00,14.435
2018-01-10 16:30:00,9.57
2018-01-10 16:15:00,2.752
2018-01-10 16:00:00,12.47
2018-01-10 15:45:00,7.472
2018-01-10 15:30:00,2.485
2018-01-10 15:15:00,-0.941
2018-01-10 15:00:00,1.128
2018-01-10 14:45:00,17.656
2018-01-10 14:30:00,16.698
2018-01-10 14:15:00,-0.545
2018-01-10 14:00:00,19.141
2018-01-10 13:45:00,32.354
2018-01-10 13:30:00,29.065
2018-01-10 13:15:00,96.179
2018-01-10 13:00:00,150.62
2018-01-10 12:45:00,138.854
2018-01-10 12:30:00,90.896
2018-01-10 12:15:00,48.754
2018-01-10 12:00:00,62.463
2018-01-10 11:45:00,94.9
2018-01-10 11:30:00,22.979
2018-01-10 11:15:00,11.987
2018-01-10 11:00:00,-1.053
2018-01-10 10:45:00,11.195
2018-01-10 10:30:00,8.869
2018-01-10 10:15:00,5.508
2018-01-10 10:00:00,-1.114
2018-01-10 09:45:00,12.045
2018-01-10 09:30:00,-1.145
2018-01-10 09:15:00,-0.967
2018-01-10 09:00:00,16.717
2018-01-10 08:45:00,7.43
2018-01-10 08:30:00,4.63
2018-01-10 08:15:00,-2.999
2018-01-10 08:00:00,-14.884
2018-01-10 07:45:00,-14.957
2018-01-10 07:30:00,-15.004
2018-01-10 07:15:00,-15.123
2018-01-10 07:00:00,-15.193
2018-01-10 06:45:00,-15.191
2018-01-10 06:30:00,-15.212
2018-01-10 06:15:00,-15.259
2018-01-10 06:00:00,-15.312
2018-01-10 05:45:00,-15.384
2018-01-10 05:30:00,-15.391
2018-01-10 05:15:00,-15.711
2018-01-10 05:00:00,-15.817
2018-01-10 04:45:00,-15.888
2018-01-10 04:30:00,-15.945
2018-01-10 04:15:00,-15.965
2018-01-10 04:00:00,-15.875
2018-01-10 03:45:00,-15.34
2018-01-10 03:30:00,-15.411
2018-01-10 03:15:00,-15.632
2018-01-10 03:00:00,-15.559
2018-01-10 02:45:00,-15.536
2018-01-10 02:30:00,-15.612
2018-01-10 02:15:00,-15.622
2018-01-10 02:00:00,-15.638
2018-01-10 01:45:00,-15.711
2018-01-10 01:30:00,-15.74
2018-01-10 01:15:00,-15.783
2018-01-10 01:00:00,-15.795
2018-01-10 00:45:00,-15.797
2018-01-10 00:30:00,-15.801
2018-01-10 00:15:00,-15.86
2018-01-10 00:00:00,-14.398
2018-01-09 23:45:00,-5.754
2018-01-09 23:30:00,-0.921
2018-01-09 23:15:00,-0.918
2018-01-09 23:00:00,-1.591
2018-01-09 22:45:00,-1.623
2018-01-09 22:30:00,-12.283
2018-01-09 22:15:00,-17.585
2018-01-09 22:00:00,-8.915
2018-01-09 21:45:00,-3.233
2018-01-09 21:30:00,-4.245
2018-01-09 21:15:00,-3.948
2018-01-09 21:00:00,-2.48
2018-01-09 20:45:00,-1.518
2018-01-09 20:30:00,-3.205
2018-01-09 20:15:00,-23.304
2018-01-09 20:00:00,-39.183
2018-01-09 19:45:00,-23.347
2018-01-09 19:30:00,-24.641
2018-01-09 19:15:00,-22.906
2018-01-09 19:00:00,-21.614
2018-01-09 18:45:00,-27.843
2018-01-09 18:30:00,-38.032
2018-01-09 18:15:00,-25.717
2018-01-09 18:00:00,-23.724
2018-01-09 17:45:00,-29.249
2018-01-09 17:30:00,-28.984
2018-01-09 17:15:00,-29.348
2018-01-09 17:00:00,-22.801
2018-01-09 16:45:00,-38.025
2018-01-09 16:30:00,-48.305
2018-01-09 16:15:00,-48.253
2018-01-09 16:00:00,-47.541
2018-01-09 15:45:00,-50.245
2018-01-09 15:30:00,-44.17
2018-01-09 15:15:00,-18.369
2018-01-09 15:00:00,-13.616
2018-01-09 14:45:00,-6.021
2018-01-09 14:30:00,2.494
2018-01-09 14:15:00,-0.679
2018-01-09 14:00:00,-0.441
2018-01-09 13:45:00,-0.928
2018-01-09 13:30:00,-0.099
2018-01-09 13:15:00,-0.168
2018-01-09 13:00:00,-0.933
2018-01-09 12:45:00,0.192
2018-01-09 12:30:00,-0.09
2018-01-09 12:15:00,-0.927
2018-01-09 12:00:00,17.141
2018-01-09 11:45:00,116.055
2018-01-09 11:30:00,85.608
2018-01-09 11:15:00,86.496
2018-01-09 11:00:00,10.083
2018-01-09 10:45:00,-2.1
2018-01-09 10:30:00,2.708
2018-01-09 10:15:00,-2.877
2018-01-09 10:00:00,-8.098
2018-01-09 09:45:00,-5.342
2018-01-09 09:30:00,-20.46
2018-01-09 09:15:00,-15.349
2018-01-09 09:00:00,-11.186
2018-01-09 08:45:00,-16.232
2018-01-09 08:30:00,-5.288
2018-01-09 08:15:00,-12.105
2018-01-09 08:00:00,-12.701
2018-01-09 07:45:00,-12.062
2018-01-09 07:30:00,-8.91
2018-01-09 07:15:00,-13.895
2018-01-09 07:00:00,-3.846
2018-01-09 06:45:00,-1.772
2018-01-09 06:30:00,-1.775
2018-01-09 06:15:00,-3.816
2018-01-09 06:00:00,-3.365
2018-01-09 05:45:00,-2.294
2018-01-09 05:30:00,2.916
2018-01-09 05:15:00,22.182
2018-01-09 05:00:00,23.972
2018-01-09 04:45:00,20.825
2018-01-09 04:30:00,23.695
2018-01-09 04:15:00,21.797
2018-01-09 04:00:00,23.629
2018-01-09 03:45:00,22.274
2018-01-09 03:30:00,22.516
2018-01-09 03:15:00,21.989
2018-01-09 03:00:00,20.756
2018-01-09 02:45:00,20.21
2018-01-09 02:30:00,25.01
2018-01-09 02:15:00,22.202
2018-01-09 02:00:00,22.874
2018-01-09 01:45:00,21.984
2018-01-09 01:30:00,21.529
2018-01-09 01:15:00,22.506
2018-01-09 01:00:00,21.711
2018-01-09 00:45:00,23.046
2018-01-09 00:30:00,22.573
2018-01-09 00:15:00,21.306
2018-01-09 00:00:00,21.757
2018-01-08 23:45:00,19.018
2018-01-08 23:30:00,22.988
2018-01-08 23:15:00,20.234
2018-01-08 23:00:00,21.469
2018-01-08 22:45:00,21.575
2018-01-08 22:30:00,21.636
2018-01-08 22:15:00,22.826
2018-01-08 22:00:00,22.537
2018-01-08 21:45:00,21.727
2018-01-08 21:30:00,21.733
2018-01-08 21:15:00,20.921
2018-01-08 21:00:00,21.854
2018-01-08 20:45:00,21.646
2018-01-08 20:30:00,22.759
2018-01-08 20:15:00,13.588
2018-01-08 20:00:00,-0.404
2018-01-08 19:45:00,1.266
2018-01-08 19:30:00,-0.31
2018-01-08 19:15:00,-0.824
2018-01-08 19:00:00,-0.07
2018-01-08 18:45:00,-1.1
2018-01-08 18:30:00,-0.552
2018-01-08 18:15:00,-7.142
2018-01-08 18:00:00,-12.602
2018-01-08 17:45:00,-12.29
2018-01-08 17:30:00,-11.505
2018-01-08 17:15:00,-9.461
2018-01-08 17:00:00,13.886
2018-01-08 16:45:00,-0.948
2018-01-08 16:30:00,-0.998
2018-01-08 16:15:00,-1.881
2018-01-08 16:00:00,-1.424
2018-01-08 15:45:00,-1.411
2018-01-08 15:30:00,0.443
2018-01-08 15:15:00,4.071
2018-01-08 15:00:00,5.16
2018-01-08 14:45:00,-10.548
2018-01-08 14:30:00,-1.772
2018-01-08 14:15:00,-3.154
2018-01-08 14:00:00,-5.526
2018-01-08 13:45:00,-10.971
2018-01-08 13:30:00,9.99
2018-01-08 13:15:00,7.228
2018-01-08 13:00:00,15.038
2018-01-08 12:45:00,16.187
2018-01-08 12:30:00,14.579
2018-01-08 12:15:00,44.978
2018-01-08 12:00:00,48.719
2018-01-08 11:45:00,30.067
2018-01-08 11:30:00,21.318
2018-01-08 11:15:00,-0.28
2018-01-08 11:00:00,-2.251
2018-01-08 10:45:00,3.471
2018-01-08 10:30:00,18.146
2018-01-08 10:15:00,11.941
2018-01-08 10:00:00,4.475
2018-01-08 09:45:00,-1.141
2018-01-08 09:30:00,-0.932
2018-01-08 09:15:00,-1.324
2018-01-08 09:00:00,-19.069
2018-01-08 08:45:00,-14.59
2018-01-08 08:30:00,-14.508
2018-01-08 08:15:00,-19.653
2018-01-08 08:00:00,-29.428
2018-01-08 07:45:00,-32.284
2018-01-08 07:30:00,-7.02
2018-01-08 07:15:00,-12.955
2018-01-08 07:00:00,-10.154
2018-01-08 06:45:00,-10.149
2018-01-08 06:30:00,-9.166
2018-01-08 06:15:00,-8.437
2018-01-08 06:00:00,-7.493
2018-01-08 05:45:00,-6.02
2018-01-08 05:30:00,-7.599
2018-01-08 05:15:00,-6.092
2018-01-08 05:00:00,-1.769
2018-01-08 04:45:00,-1.765
2018-01-08 04:30:00,-1.765
2018-01-08 04:15:00,-1.775
2018-01-08 04:00:00,-1.798
2018-01-08 03:45:00,-1.802
2018-01-08 03:30:00,-1.804
2018-01-08 03:15:00,-1.8
2018-01-08 03:00:00,-1.799
2018-01-08 02:45:00,-1.801
2018-01-08 02:30:00,-1.803
2018-01-08 02:15:00,-1.807
2018-01-08 02:00:00,-2.133
2018-01-08 01:45:00,-1.801
2018-01-08 01:30:00,-2.084
2018-01-08 01:15:00,-4.825
2018-01-08 01:00:00,-8.288
2018-01-08 00:45:00,-7.229
2018-01-08 00:30:00,-6.812
2018-01-08 00:15:00,-9.777
2018-01-08 00:00:00,-7.946
2018-01-07 23:45:00,-7.634
2018-01-07 23:30:00,-9.336
2018-01-07 23:15:00,-10.666
2018-01-07 23:00:00,-7.359
2018-01-07 22:45:00,-11.631
2018-01-07 22:30:00,-35.374
2018-01-07 22:15:00,-23.093
2018-01-07 22:00:00,-18.944
2018-01-07 21:45:00,-19.721
2018-01-07 21:30:00,-21.821
2018-01-07 21:15:00,-19.963
2018-01-07 21:00:00,-19.75
2018-01-07 20:45:00,-20.267
2018-01-07 20:30:00,-22.704
2018-01-07 20:15:00,-20.401
2018-01-07 20:00:00,-19.504
2018-01-07 19:45:00,-20.509
2018-01-07 19:30:00,-20.914
2018-01-07 19:15:00,-19.63
2018-01-07 19:00:00,-20.953
2018-01-07 18:45:00,-20.516
2018-01-07 18:30:00,-22.452
2018-01-07 18:15:00,-20.745
2018-01-07 18:00:00,-24.013
2018-01-07 17:45:00,-22.185
2018-01-07 17:30:00,-22.603
2018-01-07 17:15:00,-23.581
2018-01-07 17:00:00,-23.815
2018-01-07 16:45:00,-21.182
2018-01-07 16:30:00,-7.902
2018-01-07 16:15:00,-3.069
2018-01-07 16:00:00,-2.113
2018-01-07 15:45:00,-0.92
2018-01-07 15:30:00,-0.919
2018-01-07 15:15:00,-0.924
2018-01-07 15:00:00,-0.923
2018-01-07 14:45:00,-0.924
2018-01-07 14:30:00,-0.927
2018-01-07 14:15:00,-0.926
2018-01-07 14:00:00,-0.924
2018-01-07 13:45:00,-0.922
2018-01-07 13:30:00,-0.918
2018-01-07 13:15:00,-0.923
2018-01-07 13:00:00,-0.924
2018-01-07 12:45:00,-0.913
2018-01-07 12:30:00,67.62
2018-01-07 12:15:00,119.834
2018-01-07 12:00:00,122.635
2018-01-07 11:45:00,144.255
2018-01-07 11:30:00,136.913
2018-01-07 11:15:00,109.992
2018-01-07 11:00:00,100.807
2018-01-07 10:45:00,147.373
2018-01-07 10:30:00,124.245
2018-01-07 10:15:00,92.986
2018-01-07 10:00:00,52.976
2018-01-07 09:45:00,46.346
2018-01-07 09:30:00,71.033
2018-01-07 09:15:00,35.391
2018-01-07 09:00:00,13.963
2018-01-07 08:45:00,8.079
2018-01-07 08:30:00,26.276
2018-01-07 08:15:00,3.4
2018-01-07 08:00:00,-1.144
2018-01-07 07:45:00,-1.298
2018-01-07 07:30:00,-5.032
2018-01-07 07:15:00,-12.056
2018-01-07 07:00:00,-17.946
2018-01-07 06:45:00,-16.362
2018-01-07 06:30:00,-18.383
2018-01-07 06:15:00,-18.419
2018-01-07 06:00:00,-16.68
2018-01-07 05:45:00,-17.283
2018-01-07 05:30:00,-17.422
2018-01-07 05:15:00,-17.046
2018-01-07 05:00:00,-19.149
2018-01-07 04:45:00,-19.587
2018-01-07 04:30:00,-17.188
2018-01-07 04:15:00,-17.787
2018-01-07 04:00:00,-16.792
2018-01-07 03:45:00,-17.012
2018-01-07 03:30:00,-19.709
2018-01-07 03:15:00,-16.477
2018-01-07 03:00:00,-18.726
2018-01-07 02:45:00,-17.086
2018-01-07 02:30:00,-18.35
2018-01-07 02:15:00,-17.251
2018-01-07 02:00:00,-19.726
2018-01-07 01:45:00,-19.02
2018-01-07 01:30:00,-17.882
2018-01-07 01:15:00,-16.835
2018-01-07 01:00:00,-19.865
2018-01-07 00:45:00,-18.053
2018-01-07 00:30:00,-19.682
2018-01-07 00:15:00,-18.798
2018-01-07 00:00:00,-20.66
2018-01-06 23:45:00,-18.307
2018-01-06 23:30:00,-19.864
2018-01-06 23:15:00,-17.961
2018-01-06 23:00:00,-19.25
2018-01-06 22:45:00,-18.639
2018-01-06 22:30:00,-20.49
2018-01-06 22:15:00,-19.666
2018-01-06 22:00:00,-21.386
2018-01-06 21:45:00,-21.632
2018-01-06 21:30:00,-20.514
2018-01-06 21:15:00,-20.171
2018-01-06 21:00:00,-21.041
2018-01-06 20:45:00,-22.243
2018-01-06 20:30:00,-21.361
2018-01-06 20:15:00,-19.997
2018-01-06 20:00:00,-21.05
2018-01-06 19:45:00,-19.452
2018-01-06 19:30:00,-21.896
2018-01-06 19:15:00,-22.286
2018-01-06 19:00:00,-21.383
2018-01-06 18:45:00,-21.606
2018-01-06 18:30:00,-22.184
2018-01-06 18:15:00,-21.143
2018-01-06 18:00:00,-23.115
2018-01-06 17:45:00,-21.465
2018-01-06 17:30:00,-23.194
2018-01-06 17:15:00,-23.691
2018-01-06 17:00:00,-24.232
2018-01-06 16:45:00,-21.947
2018-01-06 16:30:00,-16.558
2018-01-06 16:15:00,-6.47
2018-01-06 16:00:00,-2.172
2018-01-06 15:45:00,-0.924
2018-01-06 15:30:00,-0.926
2018-01-06 15:15:00,-0.925
2018-01-06 15:00:00,-0.925
2018-01-06 14:45:00,-0.926
2018-01-06 14:30:00,-0.926
2018-01-06 14:15:00,-0.925
2018-01-06 14:00:00,-0.923
2018-01-06 13:45:00,-0.923
2018-01-06 13:30:00,-0.922
2018-01-06 13:15:00,0.323
2018-01-06 13:00:00,76.33
2018-01-06 12:45:00,104.859
2018-01-06 12:30:00,112.336
2018-01-06 12:15:00,130.461
2018-01-06 12:00:00,121.971
2018-01-06 11:45:00,127.942
2018-01-06 11:30:00,107.262
2018-01-06 11:15:00,91.749
2018-01-06 11:00:00,84.11
2018-01-06 10:45:00,74.952
2018-01-06 10:30:00,81.285
2018-01-06 10:15:00,68.104
2018-01-06 10:00:00,62.187
2018-01-06 09:45:00,65.258
2018-01-06 09:30:00,78.077
2018-01-06 09:15:00,72.414
2018-01-06 09:00:00,56.317
2018-01-06 08:45:00,33.539
2018-01-06 08:30:00,16.218
2018-01-06 08:15:00,7.334
2018-01-06 08:00:00,-0.755
2018-01-06 07:45:00,-1.946
2018-01-06 07:30:00,-2.212
2018-01-06 07:15:00,-6.106
2018-01-06 07:00:00,-11.354
2018-01-06 06:45:00,-11.046
2018-01-06 06:30:00,-10.964
2018-01-06 06:15:00,-11.164
2018-01-06 06:00:00,-10.246
2018-01-06 05:45:00,-10.473
2018-01-06 05:30:00,-11.072
2018-01-06 05:15:00,-12.096
2018-01-06 05:00:00,-10.94
2018-01-06 04:45:00,-10.014
2018-01-06 04:30:00,-11.932
2018-01-06 04:15:00,-10.672
2018-01-06 04:00:00,-9.307
2018-01-06 03:45:00,-13.584
2018-01-06 03:30:00,-13.488
2018-01-06 03:15:00,-14.395
2018-01-06 03:00:00,-11.854
2018-01-06 02:45:00,-13.833
2018-01-06 02:30:00,-13.812
2018-01-06 02:15:00,-14.435
2018-01-06 02:00:00,-17.126
2018-01-06 01:45:00,-18.445
2018-01-06 01:30:00,-16.933
2018-01-06 01:15:00,-19.982
2018-01-06 01:00:00,-16.769
2018-01-06 00:45:00,-17.666
2018-01-06 00:30:00,-18.341
2018-01-06 00:15:00,-17.516
2018-01-06 00:00:00,-18.701
2018-01-05 23:45:00,-17.357
2018-01-05 23:30:00,-18.211
2018-01-05 23:15:00,-17.606
2018-01-05 23:00:00,-20.456
2018-01-05 22:45:00,-18.711
2018-01-05 22:30:00,-18.997
2018-01-05 22:15:00,-18.086
2018-01-05 22:00:00,-19.281
2018-01-05 21:45:00,-18.228
2018-01-05 21:30:00,-19.5
2018-01-05 21:15:00,-18.867
2018-01-05 21:00:00,-19.833
2018-01-05 20:45:00,-20.609
2018-01-05 20:30:00,-20.343
2018-01-05 20:15:00,-21.363
2018-01-05 20:00:00,-25.852
2018-01-05 19:45:00,-26.521
2018-01-05 19:30:00,-27.067
2018-01-05 19:15:00,-27.398
2018-01-05 19:00:00,-26.725
2018-01-05 18:45:00,-28.651
2018-01-05 18:30:00,-27.499
2018-01-05 18:15:00,-29.915
2018-01-05 18:00:00,-28.328
2018-01-05 17:45:00,-33.255
2018-01-05 17:30:00,-35.366
2018-01-05 17:15:00,-41.915
2018-01-05 17:00:00,-46.707
2018-01-05 16:45:00,-49.915
2018-01-05 16:30:00,-38.792
2018-01-05 16:15:00,-39.449
2018-01-05 16:00:00,-42.161
2018-01-05 15:45:00,-35.942
2018-01-05 15:30:00,-5.284
2018-01-05 15:15:00,-0.934
2018-01-05 15:00:00,-0.937
2018-01-05 14:45:00,-0.936
2018-01-05 14:30:00,-0.934
2018-01-05 14:15:00,-0.935
2018-01-05 14:00:00,-0.932
2018-01-05 13:45:00,-0.932
2018-01-05 13:30:00,-0.922
2018-01-05 13:15:00,-0.922
2018-01-05 13:00:00,-0.922
2018-01-05 12:45:00,-0.921
2018-01-05 12:30:00,-0.923
2018-01-05 12:15:00,-0.923
2018-01-05 12:00:00,-0.526
2018-01-05 11:45:00,143.843
2018-01-05 11:30:00,145.761
2018-01-05 11:15:00,142.407
2018-01-05 11:00:00,136.278
2018-01-05 10:45:00,135.408
2018-01-05 10:30:00,131.108
2018-01-05 10:15:00,121.762
2018-01-05 10:00:00,116.568
2018-01-05 09:45:00,111.485
2018-01-05 09:30:00,98.215
2018-01-05 09:15:00,86.581
2018-01-05 09:00:00,75.323
2018-01-05 08:45:00,47.115
2018-01-05 08:30:00,22.934
2018-01-05 08:15:00,14.077
2018-01-05 08:00:00,-11.491
2018-01-05 07:45:00,-24.374
2018-01-05 07:30:00,-21.379
2018-01-05 07:15:00,-24.549
2018-01-05 07:00:00,-35.783
2018-01-05 06:45:00,-32.514
2018-01-05 06:30:00,-24.189
2018-01-05 06:15:00,-22.978
2018-01-05 06:00:00,-22.152
2018-01-05 05:45:00,-21.931
2018-01-05 05:30:00,-26.793
2018-01-05 05:15:00,-13.044
2018-01-05 05:00:00,-6.603
2018-01-05 04:45:00,-10.384
2018-01-05 04:30:00,-6.968
2018-01-05 04:15:00,-7.309
2018-01-05 04:00:00,-6.486
2018-01-05 03:45:00,-8.052
2018-01-05 03:30:00,-8.093
2018-01-05 03:15:00,-9.192
2018-01-05 03:00:00,-8.346
2018-01-05 02:45:00,-7.701
2018-01-05 02:30:00,-6.613
2018-01-05 02:15:00,-9.327
2018-01-05 02:00:00,-8.117
2018-01-05 01:45:00,-7.813
2018-01-05 01:30:00,-7.253
2018-01-05 01:15:00,-8.812
2018-01-05 01:00:00,-6.939
2018-01-05 00:45:00,-9.645
2018-01-05 00:30:00,-9.138
2018-01-05 00:15:00,-9.12
2018-01-05 00:00:00,-7.107
2018-01-04 23:45:00,-9.707
2018-01-04 23:30:00,-8.378
2018-01-04 23:15:00,-9.793
2018-01-04 23:00:00,-8.513
2018-01-04 22:45:00,-9.179
2018-01-04 22:30:00,-9.393
2018-01-04 22:15:00,-9.837
2018-01-04 22:00:00,-9.965
2018-01-04 21:45:00,-11.582
2018-01-04 21:30:00,-9.947
2018-01-04 21:15:00,-11.187
2018-01-04 21:00:00,-10.972
2018-01-04 20:45:00,-11.998
2018-01-04 20:30:00,-13.081
2018-01-04 20:15:00,-18.032
2018-01-04 20:00:00,-24.951
2018-01-04 19:45:00,-24.205
2018-01-04 19:30:00,-25.514
2018-01-04 19:15:00,-26.662
2018-01-04 19:00:00,-30.096
2018-01-04 18:45:00,-29.776
2018-01-04 18:30:00,-29.024
2018-01-04 18:15:00,-30.256
2018-01-04 18:00:00,-30.374
2018-01-04 17:45:00,-33.414
2018-01-04 17:30:00,-33.783
2018-01-04 17:15:00,-37.297
2018-01-04 17:00:00,-33.298
2018-01-04 16:45:00,-39.404
2018-01-04 16:30:00,-47.993
2018-01-04 16:15:00,-53.56
2018-01-04 16:00:00,-43.877
2018-01-04 15:45:00,-17.761
2018-01-04 15:30:00,-0.931
2018-01-04 15:15:00,-0.934
2018-01-04 15:00:00,-0.935
2018-01-04 14:45:00,-0.934
2018-01-04 14:30:00,-0.93
2018-01-04 14:15:00,-0.931
2018-01-04 14:00:00,-0.931
2018-01-04 13:45:00,-0.931
2018-01-04 13:30:00,-0.931
2018-01-04 13:15:00,-0.932
2018-01-04 13:00:00,-0.925
2018-01-04 12:45:00,-0.923
2018-01-04 12:30:00,-0.921
2018-01-04 12:15:00,-0.92
2018-01-04 12:00:00,-0.922
2018-01-04 11:45:00,-0.92
2018-01-04 11:30:00,-0.919
2018-01-04 11:15:00,75.543
2018-01-04 11:00:00,124.381
2018-01-04 10:45:00,119.414
2018-01-04 10:30:00,111.998
2018-01-04 10:15:00,110.241
2018-01-04 10:00:00,107.266
2018-01-04 09:45:00,97.631
2018-01-04 09:30:00,89.859
2018-01-04 09:15:00,80.749
2018-01-04 09:00:00,67.958
2018-01-04 08:45:00,40.539
2018-01-04 08:30:00,14.171
2018-01-04 08:15:00,-1.204
2018-01-04 08:00:00,-14.324
2018-01-04 07:45:00,-19.539
2018-01-04 07:30:00,-22.396
2018-01-04 07:15:00,-22.279
2018-01-04 07:00:00,-19.93
2018-01-04 06:45:00,-18.659
2018-01-04 06:30:00,-13.35
2018-01-04 06:15:00,-1.255
2018-01-04 06:00:00,-1.661
2018-01-04 05:45:00,-1.672
2018-01-04 05:30:00,-1.717
2018-01-04 05:15:00,2.3
2018-01-04 05:00:00,-1.676
2018-01-04 04:45:00,-1.682
2018-01-04 04:30:00,-1.676
2018-01-04 04:15:00,9.805
2018-01-04 04:00:00,10.759
2018-01-04 03:45:00,11.551
2018-01-04 03:30:00,11.733
2018-01-04 03:15:00,13.362
2018-01-04 03:00:00,6.393
2018-01-04 02:45:00,-0.923
2018-01-04 02:30:00,-1.391
2018-01-04 02:15:00,8.288
2018-01-04 02:00:00,9.627
2018-01-04 01:45:00,10.509
2018-01-04 01:30:00,12.072
2018-01-04 01:15:00,10.879
2018-01-04 01:00:00,13.232
2018-01-04 00:45:00,12.931
2018-01-04 00:30:00,12.274
2018-01-04 00:15:00,11.223
2018-01-04 00:00:00,11.424
2018-01-03 23:45:00,9.574
2018-01-03 23:30:00,11.163
2018-01-03 23:15:00,11.721
2018-01-03 23:00:00,11.597
2018-01-03 22:45:00,12.146
2018-01-03 22:30:00,11.293
2018-01-03 22:15:00,11.865
2018-01-03 22:00:00,11.653
2018-01-03 21:45:00,11.486
2018-01-03 21:30:00,9.821
2018-01-03 21:15:00,10.996
2018-01-03 21:00:00,11.876
2018-01-03 20:45:00,10.738
2018-01-03 20:30:00,11.517
2018-01-03 20:15:00,9.571
2018-01-03 20:00:00,-1.683
2018-01-03 19:45:00,-1.95
2018-01-03 19:30:00,-1.169
2018-01-03 19:15:00,-1.783
2018-01-03 19:00:00,-1.09
2018-01-03 18:45:00,-1.449
2018-01-03 18:30:00,-1.717
2018-01-03 18:15:00,-2.566
2018-01-03 18:00:00,-1.15
2018-01-03 17:45:00,-5.984
2018-01-03 17:30:00,-24.126
2018-01-03 17:15:00,-17.97
2018-01-03 17:00:00,-0.725
2018-01-03 16:45:00,-1.543
2018-01-03 16:30:00,-1.344
2018-01-03 16:15:00,-0.927
2018-01-03 16:00:00,-0.932
2018-01-03 15:45:00,4.585
2018-01-03 15:30:00,15.753
2018-01-03 15:15:00,18.719
2018-01-03 15:00:00,17.081
2018-01-03 14:45:00,7.05
2018-01-03 14:30:00,9.508
2018-01-03 14:15:00,6.291
2018-01-03 14:00:00,9.169
2018-01-03 13:45:00,10.19
2018-01-03 13:30:00,13.318
2018-01-03 13:15:00,25.915
2018-01-03 13:00:00,30.652
2018-01-03 12:45:00,25.956
2018-01-03 12:30:00,27.494
2018-01-03 12:15:00,21.417
2018-01-03 12:00:00,16.609
2018-01-03 11:45:00,13.205
2018-01-03 11:30:00,4.022
2018-01-03 11:15:00,25.316
2018-01-03 11:00:00,34.433
2018-01-03 10:45:00,21.888
2018-01-03 10:30:00,12.067
2018-01-03 10:15:00,6.002
2018-01-03 10:00:00,0.595
2018-01-03 09:45:00,-0.943
2018-01-03 09:30:00,-0.92
2018-01-03 09:15:00,-0.922
2018-01-03 09:00:00,-0.92
2018-01-03 08:45:00,-3.012
2018-01-03 08:30:00,-14.499
2018-01-03 08:15:00,-21.595
2018-01-03 08:00:00,-27.338
2018-01-03 07:45:00,-29.872
2018-01-03 07:30:00,-34.302
2018-01-03 07:15:00,-25.094
2018-01-03 07:00:00,-22.842
2018-01-03 06:45:00,-21.437
2018-01-03 06:30:00,-21.572
2018-01-03 06:15:00,-19.938
2018-01-03 06:00:00,-20.531
2018-01-03 05:45:00,-19.303
2018-01-03 05:30:00,-22.029
2018-01-03 05:15:00,-24.866
2018-01-03 05:00:00,-12.16
2018-01-03 04:45:00,-5.886
2018-01-03 04:30:00,-4.645
2018-01-03 04:15:00,-5.954
2018-01-03 04:00:00,-5.248
2018-01-03 03:45:00,-8.347
2018-01-03 03:30:00,-9.036
2018-01-03 03:15:00,-7.804
2018-01-03 03:00:00,-7.759
2018-01-03 02:45:00,-9.199
2018-01-03 02:30:00,-6.079
2018-01-03 02:15:00,-10.865
2018-01-03 02:00:00,-12.521
2018-01-03 01:45:00,-11.771
2018-01-03 01:30:00,-11.178
2018-01-03 01:15:00,-12.199
2018-01-03 01:00:00,-11.976
2018-01-03 00:45:00,-13.904
2018-01-03 00:30:00,-13.706
2018-01-03 00:15:00,-11.974
2018-01-03 00:00:00,-13.377
2018-01-02 23:45:00,-13.258
2018-01-02 23:30:00,-13.581
2018-01-02 23:15:00,-14.597
2018-01-02 23:00:00,-15.768
2018-01-02 22:45:00,-14.082
2018-01-02 22:30:00,-15.648
2018-01-02 22:15:00,-14.197
2018-01-02 22:00:00,-16.286
2018-01-02 21:45:00,-15.62
2018-01-02 21:30:00,-18.712
2018-01-02 21:15:00,-16.032
2018-01-02 21:00:00,-19.667
2018-01-02 20:45:00,-20.008
2018-01-02 20:30:00,-20.088
2018-01-02 20:15:00,-24.473
2018-01-02 20:00:00,-29.415
2018-01-02 19:45:00,-30.663
2018-01-02 19:30:00,-31.244
2018-01-02 19:15:00,-31.229
2018-01-02 19:00:00,-30.536
2018-01-02 18:45:00,-30.675
2018-01-02 18:30:00,-30.48
2018-01-02 18:15:00,-31.028
2018-01-02 18:00:00,-31.005
2018-01-02 17:45:00,-31.595
2018-01-02 17:30:00,-32.726
2018-01-02 17:15:00,-32.355
2018-01-02 17:00:00,-28.303
2018-01-02 16:45:00,-25.873
2018-01-02 16:30:00,-18.072
2018-01-02 16:15:00,-10.677
2018-01-02 16:00:00,-3.204
2018-01-02 15:45:00,-1.255
2018-01-02 15:30:00,-0.931
2018-01-02 15:15:00,-0.929
2018-01-02 15:00:00,-0.925
2018-01-02 14:45:00,-0.923
2018-01-02 14:30:00,-0.922
2018-01-02 14:15:00,-0.918
2018-01-02 14:00:00,-0.915
2018-01-02 13:45:00,-0.916
2018-01-02 13:30:00,-0.916
2018-01-02 13:15:00,-0.917
2018-01-02 13:00:00,-0.917
2018-01-02 12:45:00,-0.918
2018-01-02 12:30:00,-0.921
2018-01-02 12:15:00,-0.919
2018-01-02 12:00:00,-0.918
2018-01-02 11:45:00,-0.919
2018-01-02 11:30:00,-0.914
2018-01-02 11:15:00,54.957
2018-01-02 11:00:00,163.557
2018-01-02 10:45:00,158.233
2018-01-02 10:30:00,153.619
2018-01-02 10:15:00,148.09
2018-01-02 10:00:00,144.173
2018-01-02 09:45:00,136.53
2018-01-02 09:30:00,120.166
2018-01-02 09:15:00,119.829
2018-01-02 09:00:00,107.918
2018-01-02 08:45:00,86.174
2018-01-02 08:30:00,60.693
2018-01-02 08:15:00,27.716
2018-01-02 08:00:00,14.301
2018-01-02 07:45:00,-1.198
2018-01-02 07:30:00,-3.043
2018-01-02 07:15:00,-16.127
2018-01-02 07:00:00,-23.323
2018-01-02 06:45:00,-25.562
2018-01-02 06:30:00,-32.079
2018-01-02 06:15:00,-21.138
2018-01-02 06:00:00,-19.954
2018-01-02 05:45:00,-20.108
2018-01-02 05:30:00,-9.899
2018-01-02 05:15:00,-11.397
2018-01-02 05:00:00,-19.401
2018-01-02 04:45:00,-19.76
2018-01-02 04:30:00,-20.667
2018-01-02 04:15:00,-16.734
2018-01-02 04:00:00,-2.911
2018-01-02 03:45:00,-1.554
2018-01-02 03:30:00,-2.157
2018-01-02 03:15:00,-2.004
2018-01-02 03:00:00,-1.554
2018-01-02 02:45:00,-13.814
2018-01-02 02:30:00,-20.324
2018-01-02 02:15:00,-23.628
2018-01-02 02:00:00,-26.591
2018-01-02 01:45:00,-20.94
2018-01-02 01:30:00,-12.117
2018-01-02 01:15:00,-18.734
2018-01-02 01:00:00,-19.927
2018-01-02 00:45:00,-23.501
2018-01-02 00:30:00,-22.184
2018-01-02 00:15:00,-22.05
2018-01-02 00:00:00,-21.275
2018-01-01 23:45:00,-20.51
2018-01-01 23:30:00,-23.477
2018-01-01 23:15:00,-23.514
2018-01-01 23:00:00,-22.673
2018-01-01 22:45:00,-22.877
2018-01-01 22:30:00,-24.282
2018-01-01 22:15:00,-24.074
2018-01-01 22:00:00,-25.985
2018-01-01 21:45:00,-24.606
2018-01-01 21:30:00,-24.982
2018-01-01 21:15:00,-24.876
2018-01-01 21:00:00,-26.078
2018-01-01 20:45:00,-26.682
2018-01-01 20:30:00,-24.426
2018-01-01 20:15:00,-25.076
2018-01-01 20:00:00,-25.935
2018-01-01 19:45:00,-25.67
2018-01-01 19:30:00,-26.237
2018-01-01 19:15:00,-27.947
2018-01-01 19:00:00,-26.764
2018-01-01 18:45:00,-26.124
2018-01-01 18:30:00,-26.738
2018-01-01 18:15:00,-26.138
2018-01-01 18:00:00,-19.444
2018-01-01 17:45:00,-28.722
2018-01-01 17:30:00,-26.98
2018-01-01 17:15:00,-28.195
2018-01-01 17:00:00,-27.486
2018-01-01 16:45:00,-25.636
2018-01-01 16:30:00,-11.091
2018-01-01 16:15:00,-2.186
2018-01-01 16:00:00,-0.913
2018-01-01 15:45:00,-0.913
2018-01-01 15:30:00,-0.914
2018-01-01 15:15:00,-0.913
2018-01-01 15:00:00,-0.909
2018-01-01 14:45:00,-0.91
2018-01-01 14:30:00,-0.909
2018-01-01 14:15:00,-0.9
2018-01-01 14:00:00,-0.899
2018-01-01 13:45:00,-0.901
2018-01-01 13:30:00,-0.901
2018-01-01 13:15:00,-0.901
2018-01-01 13:00:00,-0.902
2018-01-01 12:45:00,-0.903
2018-01-01 12:30:00,-0.904
2018-01-01 12:15:00,-0.903
2018-01-01 12:00:00,-0.905
2018-01-01 11:45:00,-0.899
2018-01-01 11:30:00,20.962
2018-01-01 11:15:00,125.792
2018-01-01 11:00:00,178.892
2018-01-01 10:45:00,183.047
2018-01-01 10:30:00,132.877
2018-01-01 10:15:00,127.912
2018-01-01 10:00:00,151.419
2018-01-01 09:45:00,132.484
2018-01-01 09:30:00,129.013
2018-01-01 09:15:00,119.921
2018-01-01 09:00:00,92.703
2018-01-01 08:45:00,79.779
2018-01-01 08:30:00,53.785
2018-01-01 08:15:00,42.49
2018-01-01 08:00:00,-0.35
2018-01-01 07:45:00,-1.415
2018-01-01 07:30:00,-4.71
2018-01-01 07:15:00,-12.434
2018-01-01 07:00:00,-13.024
2018-01-01 06:45:00,-14.23
2018-01-01 06:30:00,-15.36
2018-01-01 06:15:00,-19.264
2018-01-01 06:00:00,-23.415
2018-01-01 05:45:00,-25.952
2018-01-01 05:30:00,-25.548
2018-01-01 05:15:00,-22.494
2018-01-01 05:00:00,-7.726
2018-01-01 04:45:00,-8.928
2018-01-01 04:30:00,-7.415
2018-01-01 04:15:00,-26.921
2018-01-01 04:00:00,-27.145
2018-01-01 03:45:00,-26.893
2018-01-01 03:30:00,-30.188
2018-01-01 03:15:00,-29.617
2018-01-01 03:00:00,-30.759
2018-01-01 02:45:00,-30.289
2018-01-01 02:30:00,-33.29
2018-01-01 02:15:00,-32.202
2018-01-01 02:00:00,-31.314
2018-01-01 01:45:00,-15.994
2018-01-01 01:30:00,-15.709
2018-01-01 01:15:00,-16.917
2018-01-01 01:00:00,-15.846
2018-01-01 00:45:00,-24.745
2018-01-01 00:30:00,-32.136
2018-01-01 00:15:00,-32.995
2018-01-01 00:00:00,-27.094
2017-12-31 23:45:00,-29.355
2017-12-31 23:30:00,-13.561
2017-12-31 23:15:00,-14.238
2017-12-31 23:00:00,-11.814
2017-12-31 22:45:00,-14.637
2017-12-31 22:30:00,-14.156
2017-12-31 22:15:00,-15.748
2017-12-31 22:00:00,-12.7
2017-12-31 21:45:00,-14.187
2017-12-31 21:30:00,-12.481
2017-12-31 21:15:00,-13.908
2017-12-31 21:00:00,-13.37
2017-12-31 20:45:00,-14.624
2017-12-31 20:30:00,-14.73
2017-12-31 20:15:00,-22.757
2017-12-31 20:00:00,-33.304
2017-12-31 19:45:00,-20.077
2017-12-31 19:30:00,-22.676
2017-12-31 19:15:00,-24.091
2017-12-31 19:00:00,-27.333
2017-12-31 18:45:00,-25.912
2017-12-31 18:30:00,-25.473
2017-12-31 18:15:00,-26.115
2017-12-31 18:00:00,-26.177
2017-12-31 17:45:00,-26.81
2017-12-31 17:30:00,-24.285
2017-12-31 17:15:00,-30.048
2017-12-31 17:00:00,-28.002
2017-12-31 16:45:00,-24.503
2017-12-31 16:30:00,-11.038
2017-12-31 16:15:00,-2.362
2017-12-31 16:00:00,-0.917
2017-12-31 15:45:00,-0.917
2017-12-31 15:30:00,-0.917
2017-12-31 15:15:00,-0.917
2017-12-31 15:00:00,-0.916
2017-12-31 14:45:00,-0.916
2017-12-31 14:30:00,-0.915
2017-12-31 14:15:00,-0.915
2017-12-31 14:00:00,-0.916
2017-12-31 13:45:00,-0.918
2017-12-31 13:30:00,-0.916
2017-12-31 13:15:00,-0.915
2017-12-31 13:00:00,-0.917
2017-12-31 12:45:00,-0.92
2017-12-31 12:30:00,-1.366
2017-12-31 12:15:00,7.677
2017-12-31 12:00:00,143.99
2017-12-31 11:45:00,140.576
2017-12-31 11:30:00,160.625
2017-12-31 11:15:00,162.609
2017-12-31 11:00:00,174.796
2017-12-31 10:45:00,133.797
2017-12-31 10:30:00,120.633
2017-12-31 10:15:00,127.78
2017-12-31 10:00:00,86.164
2017-12-31 09:45:00,107.652
2017-12-31 09:30:00,72.772
2017-12-31 09:15:00,33.096
2017-12-31 09:00:00,13.652
2017-12-31 08:45:00,10.257
2017-12-31 08:30:00,5.067
2017-12-31 08:15:00,0.808
2017-12-31 08:00:00,-0.7
2017-12-31 07:45:00,1.669
2017-12-31 07:30:00,-1.269
2017-12-31 07:15:00,-1.385
2017-12-31 07:00:00,-2.751
2017-12-31 06:45:00,-17.74
2017-12-31 06:30:00,-19.183
2017-12-31 06:15:00,-23.597
2017-12-31 06:00:00,-23.433
2017-12-31 05:45:00,-22.689
2017-12-31 05:30:00,-23.714
2017-12-31 05:15:00,-24.695
2017-12-31 05:00:00,-13.639
2017-12-31 04:45:00,-4.641
2017-12-31 04:30:00,-5.601
2017-12-31 04:15:00,-4.841
2017-12-31 04:00:00,-6.494
2017-12-31 03:45:00,-10.12
2017-12-31 03:30:00,-25.918
2017-12-31 03:15:00,-26.272
2017-12-31 03:00:00,-28.244
2017-12-31 02:45:00,-31.084
2017-12-31 02:30:00,-31.705
2017-12-31 02:15:00,-18.437
2017-12-31 02:00:00,-15.312
2017-12-31 01:45:00,-14.772
2017-12-31 01:30:00,-16.647
2017-12-31 01:15:00,-16.539
2017-12-31 01:00:00,-17.362
2017-12-31 00:45:00,-14.607
2017-12-31 00:30:00,-15.243
2017-12-31 00:15:00,-14.495
2017-12-31 00:00:00,-16.203
2017-12-30 23:45:00,-18.806
2017-12-30 23:30:00,-22.332
2017-12-30 23:15:00,-20.214
2017-12-30 23:00:00,-20.556
2017-12-30 22:45:00,-21.797
2017-12-30 22:30:00,-21.201
2017-12-30 22:15:00,-23.445
2017-12-30 22:00:00,-23.482
2017-12-30 21:45:00,-24.209
2017-12-30 21:30:00,-22.999
2017-12-30 21:15:00,-24.529
2017-12-30 21:00:00,-22.857
2017-12-30 20:45:00,-23.983
2017-12-30 20:30:00,-24.983
2017-12-30 20:15:00,-25.124
2017-12-30 20:00:00,-25.003
2017-12-30 19:45:00,-26.104
2017-12-30 19:30:00,-25.368
2017-12-30 19:15:00,-26.071
2017-12-30 19:00:00,-27.157
2017-12-30 18:45:00,-27.309
2017-12-30 18:30:00,-26.5
2017-12-30 18:15:00,-25.922
2017-12-30 18:00:00,-27.945
2017-12-30 17:45:00,-27.306
2017-12-30 17:30:00,-27.207
2017-12-30 17:15:00,-28.274
2017-12-30 17:00:00,-29.488
2017-12-30 16:45:00,-25.555
2017-12-30 16:30:00,-17.68
2017-12-30 16:15:00,-12.291
2017-12-30 16:00:00,-7.207
2017-12-30 15:45:00,-1.198
2017-12-30 15:30:00,-0.922
2017-12-30 15:15:00,-0.923
2017-12-30 15:00:00,-0.922
2017-12-30 14:45:00,-0.922
2017-12-30 14:30:00,-0.924
2017-12-30 14:15:00,-0.925
2017-12-30 14:00:00,-0.923
2017-12-30 13:45:00,-0.923
2017-12-30 13:30:00,-0.922
2017-12-30 13:15:00,-0.921
2017-12-30 13:00:00,-0.919
2017-12-30 12:45:00,-0.919
2017-12-30 12:30:00,-0.919
2017-12-30 12:15:00,-0.919
2017-12-30 12:00:00,-0.919
2017-12-30 11:45:00,-0.92
2017-12-30 11:30:00,-0.892
2017-12-30 11:15:00,102.858
2017-12-30 11:00:00,164.029
2017-12-30 10:45:00,159.137
2017-12-30 10:30:00,155.877
2017-12-30 10:15:00,151.982
2017-12-30 10:00:00,145.885
2017-12-30 09:45:00,139.085
2017-12-30 09:30:00,131.498
2017-12-30 09:15:00,121.346
2017-12-30 09:00:00,112.986
2017-12-30 08:45:00,85.764
2017-12-30 08:30:00,59.815
2017-12-30 08:15:00,47.196
2017-12-30 08:00:00,-1.818
2017-12-30 07:45:00,-4.246
2017-12-30 07:30:00,-4.773
2017-12-30 07:15:00,-8.069
2017-12-30 07:00:00,-14.565
2017-12-30 06:45:00,-12.805
2017-12-30 06:30:00,-14.075
2017-12-30 06:15:00,-12.139
2017-12-30 06:00:00,-7.225
2017-12-30 05:45:00,-1.441
2017-12-30 05:30:00,-1.439
2017-12-30 05:15:00,-1.433
2017-12-30 05:00:00,-5.019
2017-12-30 04:45:00,-13.293
2017-12-30 04:30:00,-14.792
2017-12-30 04:15:00,-19.208
2017-12-30 04:00:00,-23.887
2017-12-30 03:45:00,-25.589
2017-12-30 03:30:00,-12.348
2017-12-30 03:15:00,-11.938
2017-12-30 03:00:00,-14.739
2017-12-30 02:45:00,-16.709
2017-12-30 02:30:00,-18.118
2017-12-30 02:15:00,-18.236
2017-12-30 02:00:00,-18.961
2017-12-30 01:45:00,-18.818
2017-12-30 01:30:00,-21.48
2017-12-30 01:15:00,-21.502
2017-12-30 01:00:00,-19.967
2017-12-30 00:45:00,-20.475
2017-12-30 00:30:00,-20.867
2017-12-30 00:15:00,-21.181
2017-12-30 00:00:00,-22.273
2017-12-29 23:45:00,-18.747
2017-12-29 23:30:00,-18.05
2017-12-29 23:15:00,-16.458
2017-12-29 23:00:00,-17.262
2017-12-29 22:45:00,-17.148
2017-12-29 22:30:00,-19.425
2017-12-29 22:15:00,-17.884
2017-12-29 22:00:00,-18.308
2017-12-29 21:45:00,-17.201
2017-12-29 21:30:00,-18.404
2017-12-29 21:15:00,-18.679
2017-12-29 21:00:00,-20.333
2017-12-29 20:45:00,-18.754
2017-12-29 20:30:00,-18.579
2017-12-29 20:15:00,-18.199
2017-12-29 20:00:00,-23.576
2017-12-29 19:45:00,-22.792
2017-12-29 19:30:00,-25.595
2017-12-29 19:15:00,-28.714
2017-12-29 19:00:00,-30.764
2017-12-29 18:45:00,-31.695
2017-12-29 18:30:00,-31.409
2017-12-29 18:15:00,-32.081
2017-12-29 18:00:00,-32.461
2017-12-29 17:45:00,-32.469
2017-12-29 17:30:00,-33.598
2017-12-29 17:15:00,-34.172
2017-12-29 17:00:00,-31.634
2017-12-29 16:45:00,-29.633
2017-12-29 16:30:00,-25.706
2017-12-29 16:15:00,-26.005
2017-12-29 16:00:00,-24.302
2017-12-29 15:45:00,-4.265
2017-12-29 15:30:00,-0.926
2017-12-29 15:15:00,-0.926
2017-12-29 15:00:00,-0.925
2017-12-29 14:45:00,-0.927
2017-12-29 14:30:00,-0.925
2017-12-29 14:15:00,-0.924
2017-12-29 14:00:00,-0.922
2017-12-29 13:45:00,-0.922
2017-12-29 13:30:00,-0.921
2017-12-29 13:15:00,-0.921
2017-12-29 13:00:00,-0.917
2017-12-29 12:45:00,0.163
2017-12-29 12:30:00,-0.916
2017-12-29 12:15:00,-0.916
2017-12-29 12:00:00,-0.916
2017-12-29 11:45:00,-0.916
2017-12-29 11:30:00,-0.917
2017-12-29 11:15:00,-0.917
2017-12-29 11:00:00,-0.914
2017-12-29 10:45:00,-0.905
2017-12-29 10:30:00,-0.904
2017-12-29 10:15:00,-0.908
2017-12-29 10:00:00,-0.911
2017-12-29 09:45:00,-0.911
2017-12-29 09:30:00,-0.909
2017-12-29 09:15:00,-0.904
2017-12-29 09:00:00,-0.904
2017-12-29 08:45:00,-0.248
2017-12-29 08:30:00,0.621
2017-12-29 08:15:00,15.047
2017-12-29 08:00:00,7.473
2017-12-29 07:45:00,-1.853
2017-12-29 07:30:00,-1.182
2017-12-29 07:15:00,-9.918
2017-12-29 07:00:00,-12.287
2017-12-29 06:45:00,-10.169
2017-12-29 06:30:00,-11.511
2017-12-29 06:15:00,-9.142
2017-12-29 06:00:00,-9.227
2017-12-29 05:45:00,-7.326
2017-12-29 05:30:00,-3.99
2017-12-29 05:15:00,-0.912
2017-12-29 05:00:00,-0.91
2017-12-29 04:45:00,-0.91
2017-12-29 04:30:00,-0.903
2017-12-29 04:15:00,-0.904
2017-12-29 04:00:00,-0.908
2017-12-29 03:45:00,-0.909
2017-12-29 03:30:00,-0.909
2017-12-29 03:15:00,-0.91
2017-12-29 03:00:00,-0.911
2017-12-29 02:45:00,-0.913
2017-12-29 02:30:00,-0.913
2017-12-29 02:15:00,-0.912
2017-12-29 02:00:00,-0.913
2017-12-29 01:45:00,-0.911
2017-12-29 01:30:00,-0.91
2017-12-29 01:15:00,-0.91
2017-12-29 01:00:00,-0.911
2017-12-29 00:45:00,-0.916
2017-12-29 00:30:00,-0.915
2017-12-29 00:15:00,-0.913
2017-12-29 00:00:00,-0.913
2017-12-28 23:45:00,-0.911
2017-12-28 23:30:00,-0.908
2017-12-28 23:15:00,-0.909
2017-12-28 23:00:00,-0.912
2017-12-28 22:45:00,-0.924
2017-12-28 22:30:00,-0.922
2017-12-28 22:15:00,-0.919
2017-12-28 22:00:00,-0.916
2017-12-28 21:45:00,-0.919
2017-12-28 21:30:00,-0.918
2017-12-28 21:15:00,-0.916
2017-12-28 21:00:00,-0.916
2017-12-28 20:45:00,-0.917
2017-12-28 20:30:00,-0.919
2017-12-28 20:15:00,-0.919
2017-12-28 20:00:00,-0.924
2017-12-28 19:45:00,-1.7
2017-12-28 19:30:00,-2.544
2017-12-28 19:15:00,-0.922
2017-12-28 19:00:00,-0.921
2017-12-28 18:45:00,-1.478
2017-12-28 18:30:00,-2.031
2017-12-28 18:15:00,-0.92
2017-12-28 18:00:00,-1.531
2017-12-28 17:45:00,-1.962
2017-12-28 17:30:00,-1.875
2017-12-28 17:15:00,-0.951
2017-12-28 17:00:00,-0.912
2017-12-28 16:45:00,-0.917
2017-12-28 16:30:00,-0.927
2017-12-28 16:15:00,-0.926
2017-12-28 16:00:00,-0.923
2017-12-28 15:45:00,-0.923
2017-12-28 15:30:00,-0.921
2017-12-28 15:15:00,-0.92
2017-12-28 15:00:00,-0.925
2017-12-28 14:45:00,-0.925
2017-12-28 14:30:00,-0.923
2017-12-28 14:15:00,-0.923
2017-12-28 14:00:00,-0.922
2017-12-28 13:45:00,-0.923
2017-12-28 13:30:00,-0.921
2017-12-28 13:15:00,-0.918
2017-12-28 13:00:00,-0.915
2017-12-28 12:45:00,-0.916
2017-12-28 12:30:00,-0.914
2017-12-28 12:15:00,-0.91
2017-12-28 12:00:00,-0.906
2017-12-28 11:45:00,75.138
2017-12-28 11:30:00,139.99
2017-12-28 11:15:00,135.041
2017-12-28 11:00:00,135.29
2017-12-28 10:45:00,131.655
2017-12-28 10:30:00,128.21
2017-12-28 10:15:00,122.127
2017-12-28 10:00:00,120.347
2017-12-28 09:45:00,112.574
2017-12-28 09:30:00,110.249
2017-12-28 09:15:00,98.123
2017-12-28 09:00:00,86.616
2017-12-28 08:45:00,42.7
2017-12-28 08:30:00,34.547
2017-12-28 08:15:00,24.554
2017-12-28 08:00:00,0.488
2017-12-28 07:45:00,-1.748
2017-12-28 07:30:00,-0.911
2017-12-28 07:15:00,-4.048
2017-12-28 07:00:00,-14.653
2017-12-28 06:45:00,-14.388
2017-12-28 06:30:00,-13.842
2017-12-28 06:15:00,-14.906
2017-12-28 06:00:00,-16.98
2017-12-28 05:45:00,-17.838
2017-12-28 05:30:00,-24.219
2017-12-28 05:15:00,-14.363
2017-12-28 05:00:00,-6.551
2017-12-28 04:45:00,-6.667
2017-12-28 04:30:00,-2.048
2017-12-28 04:15:00,-1.548
2017-12-28 04:00:00,-1.545
2017-12-28 03:45:00,-1.542
2017-12-28 03:30:00,-8.243
2017-12-28 03:15:00,-14.825
2017-12-28 03:00:00,-16.696
2017-12-28 02:45:00,-18.461
2017-12-28 02:30:00,-23.194
2017-12-28 02:15:00,-10.889
2017-12-28 02:00:00,-7.423
2017-12-28 01:45:00,-10.236
2017-12-28 01:30:00,-9.955
2017-12-28 01:15:00,-9.777
2017-12-28 01:00:00,-8.657
2017-12-28 00:45:00,-9.949
2017-12-28 00:30:00,-10.016
2017-12-28 00:15:00,-11.462
2017-12-28 00:00:00,-9.129
2017-12-27 23:45:00,-10.651
2017-12-27 23:30:00,-9.213
2017-12-27 23:15:00,-11.458
2017-12-27 23:00:00,-9.938
2017-12-27 22:45:00,-12.477
2017-12-27 22:30:00,-11.013
2017-12-27 22:15:00,-15.927
2017-12-27 22:00:00,-15.306
2017-12-27 21:45:00,-17.936
2017-12-27 21:30:00,-18.709
2017-12-27 21:15:00,-19.917
2017-12-27 21:00:00,-19.23
2017-12-27 20:45:00,-19.889
2017-12-27 20:30:00,-19.64
2017-12-27 20:15:00,-25.651
2017-12-27 20:00:00,-36.603
2017-12-27 19:45:00,-36.751
2017-12-27 19:30:00,-33.837
2017-12-27 19:15:00,-37.098
2017-12-27 19:00:00,-36.595
2017-12-27 18:45:00,-36.058
2017-12-27 18:30:00,-37.939
2017-12-27 18:15:00,-38.461
2017-12-27 18:00:00,-39.87
2017-12-27 17:45:00,-36.87
2017-12-27 17:30:00,-38.798
2017-12-27 17:15:00,-41.982
2017-12-27 17:00:00,-49.988
2017-12-27 16:45:00,-46.377
2017-12-27 16:30:00,-39.744
2017-12-27 16:15:00,-36.893
2017-12-27 16:00:00,-32.255
2017-12-27 15:45:00,-11.523
2017-12-27 15:30:00,-0.925
2017-12-27 15:15:00,-0.924
2017-12-27 15:00:00,-0.922
2017-12-27 14:45:00,-0.92
2017-12-27 14:30:00,-0.919
2017-12-27 14:15:00,-0.918
2017-12-27 14:00:00,-0.919
2017-12-27 13:45:00,-0.919
2017-12-27 13:30:00,-0.924
2017-12-27 13:15:00,-0.923
2017-12-27 13:00:00,-0.922
2017-12-27 12:45:00,-0.922
2017-12-27 12:30:00,-0.921
2017-12-27 12:15:00,-0.918
2017-12-27 12:00:00,68.533
2017-12-27 11:45:00,132.869
2017-12-27 11:30:00,132.989
2017-12-27 11:15:00,129.284
2017-12-27 11:00:00,124.208
2017-12-27 10:45:00,122.68
2017-12-27 10:30:00,108.604
2017-12-27 10:15:00,105.711
2017-12-27 10:00:00,101.628
2017-12-27 09:45:00,92.93
2017-12-27 09:30:00,102.714
2017-12-27 09:15:00,99.848
2017-12-27 09:00:00,94.331
2017-12-27 08:45:00,44.568
2017-12-27 08:30:00,22.014
2017-12-27 08:15:00,14.512
2017-12-27 08:00:00,-4.647
2017-12-27 07:45:00,-11.389
2017-12-27 07:30:00,-3.782
2017-12-27 07:15:00,-6.925
2017-12-27 07:00:00,-4.384
2017-12-27 06:45:00,-17.519
2017-12-27 06:30:00,-13.881
2017-12-27 06:15:00,-16.128
2017-12-27 06:00:00,-16.536
2017-12-27 05:45:00,-18.437
2017-12-27 05:30:00,-25.214
2017-12-27 05:15:00,-12.147
2017-12-27 05:00:00,-10.398
2017-12-27 04:45:00,-13.541
2017-12-27 04:30:00,-12.276
2017-12-27 04:15:00,-15.293
2017-12-27 04:00:00,-16.495
2017-12-27 03:45:00,-17.896
2017-12-27 03:30:00,-18.592
2017-12-27 03:15:00,-20.341
2017-12-27 03:00:00,-17.932
2017-12-27 02:45:00,-5.792
2017-12-27 02:30:00,-1.705
2017-12-27 02:15:00,-2.579
2017-12-27 02:00:00,-1.848
2017-12-27 01:45:00,-1.902
2017-12-27 01:30:00,-13.557
2017-12-27 01:15:00,-21.525
2017-12-27 01:00:00,-21.053
2017-12-27 00:45:00,-22.892
2017-12-27 00:30:00,-23.696
2017-12-27 00:15:00,-22.501
2017-12-27 00:00:00,-20.936
2017-12-26 23:45:00,-6.975
2017-12-26 23:30:00,-4.466
2017-12-26 23:15:00,-4.45
2017-12-26 23:00:00,-3.69
2017-12-26 22:45:00,-5.203
2017-12-26 22:30:00,-6.769
2017-12-26 22:15:00,-7.49
2017-12-26 22:00:00,-7.595
2017-12-26 21:45:00,-9.787
2017-12-26 21:30:00,-28.06
2017-12-26 21:15:00,-34.526
2017-12-26 21:00:00,-18.796
2017-12-26 20:45:00,-18.595
2017-12-26 20:30:00,-19.037
2017-12-26 20:15:00,-28.265
2017-12-26 20:00:00,-31.731
2017-12-26 19:45:00,-33.445
2017-12-26 19:30:00,-30.788
2017-12-26 19:15:00,-33.247
2017-12-26 19:00:00,-34.146
2017-12-26 18:45:00,-35.273
2017-12-26 18:30:00,-33.451
2017-12-26 18:15:00,-33.454
2017-12-26 18:00:00,-33.723
2017-12-26 17:45:00,-34.782
2017-12-26 17:30:00,-35.072
2017-12-26 17:15:00,-35.612
2017-12-26 17:00:00,-29.438
2017-12-26 16:45:00,-30.736
2017-12-26 16:30:00,-22.571
2017-12-26 16:15:00,-10.073
2017-12-26 16:00:00,-6.16
2017-12-26 15:45:00,-3.154
2017-12-26 15:30:00,-0.911
2017-12-26 15:15:00,-0.291
2017-12-26 15:00:00,0.843
2017-12-26 14:45:00,-0.399
2017-12-26 14:30:00,-0.911
2017-12-26 14:15:00,-0.09
2017-12-26 14:00:00,-0.086
2017-12-26 13:45:00,-0.909
2017-12-26 13:30:00,-0.208
2017-12-26 13:15:00,0.683
2017-12-26 13:00:00,1.155
2017-12-26 12:45:00,1.976
2017-12-26 12:30:00,6.849
2017-12-26 12:15:00,67.404
2017-12-26 12:00:00,91.442
2017-12-26 11:45:00,83.12
2017-12-26 11:30:00,156.591
2017-12-26 11:15:00,151.962
2017-12-26 11:00:00,104.723
2017-12-26 10:45:00,156.974
2017-12-26 10:30:00,92.192
2017-12-26 10:15:00,59.488
2017-12-26 10:00:00,109.169
2017-12-26 09:45:00,49.508
2017-12-26 09:30:00,72.812
2017-12-26 09:15:00,53.808
2017-12-26 09:00:00,73.073
2017-12-26 08:45:00,22.652
2017-12-26 08:30:00,9.783
2017-12-26 08:15:00,-0.506
2017-12-26 08:00:00,-0.916
2017-12-26 07:45:00,-2.529
2017-12-26 07:30:00,-3.272
2017-12-26 07:15:00,-15.336
2017-12-26 07:00:00,-19.999
2017-12-26 06:45:00,-18.909
2017-12-26 06:30:00,-21.06
2017-12-26 06:15:00,-22.888
2017-12-26 06:00:00,-25.345
2017-12-26 05:45:00,-26.049
2017-12-26 05:30:00,-20.215
2017-12-26 05:15:00,-5.664
2017-12-26 05:00:00,-1.569
2017-12-26 04:45:00,-1.562
2017-12-26 04:30:00,-1.557
2017-12-26 04:15:00,-3.73
2017-12-26 04:00:00,-11.772
2017-12-26 03:45:00,-13.217
2017-12-26 03:30:00,-15.165
2017-12-26 03:15:00,-17.69
2017-12-26 03:00:00,-17.256
2017-12-26 02:45:00,-18.554
2017-12-26 02:30:00,-19.332
2017-12-26 02:15:00,-20.596
2017-12-26 02:00:00,-22.16
2017-12-26 01:45:00,-8.468
2017-12-26 01:30:00,-4.623
2017-12-26 01:15:00,-4.654
2017-12-26 01:00:00,-8.126
2017-12-26 00:45:00,-24.906
2017-12-26 00:30:00,-25.007
2017-12-26 00:15:00,-25.034
2017-12-26 00:00:00,-23.804
2017-12-25 23:45:00,-23.758
2017-12-25 23:30:00,-23.259
2017-12-25 23:15:00,-23.681
2017-12-25 23:00:00,-17.538
2017-12-25 22:45:00,-6.615
2017-12-25 22:30:00,-5.302
2017-12-25 22:15:00,-4.653
2017-12-25 22:00:00,-4.536
2017-12-25 21:45:00,-5.718
2017-12-25 21:30:00,-26.813
2017-12-25 21:15:00,-30.739
2017-12-25 21:00:00,-34.101
2017-12-25 20:45:00,-35.343
2017-12-25 20:30:00,-23.05
2017-12-25 20:15:00,-22.142
2017-12-25 20:00:00,-23.313
2017-12-25 19:45:00,-23.015
2017-12-25 19:30:00,-25.154
2017-12-25 19:15:00,-26.614
2017-12-25 19:00:00,-26.833
2017-12-25 18:45:00,-28.306
2017-12-25 18:30:00,-27.812
2017-12-25 18:15:00,-29.495
2017-12-25 18:00:00,-28.992
2017-12-25 17:45:00,-28.699
2017-12-25 17:30:00,-27.781
2017-12-25 17:15:00,-30.315
2017-12-25 17:00:00,-29.821
2017-12-25 16:45:00,-28.123
2017-12-25 16:30:00,-24.963
2017-12-25 16:15:00,-21.418
2017-12-25 16:00:00,-13.155
2017-12-25 15:45:00,-0.906
2017-12-25 15:30:00,-0.907
2017-12-25 15:15:00,-0.907
2017-12-25 15:00:00,-0.906
2017-12-25 14:45:00,-0.907
2017-12-25 14:30:00,-0.908
2017-12-25 14:15:00,-0.906
2017-12-25 14:00:00,-0.908
2017-12-25 13:45:00,-0.909
2017-12-25 13:30:00,-0.906
2017-12-25 13:15:00,-0.907
2017-12-25 13:00:00,-0.908
2017-12-25 12:45:00,-0.907
2017-12-25 12:30:00,-0.906
2017-12-25 12:15:00,-1.415
2017-12-25 12:00:00,98.534
2017-12-25 11:45:00,144.726
2017-12-25 11:30:00,170.887
2017-12-25 11:15:00,149.326
2017-12-25 11:00:00,128.254
2017-12-25 10:45:00,126.741
2017-12-25 10:30:00,117.217
2017-12-25 10:15:00,132.003
2017-12-25 10:00:00,123.852
2017-12-25 09:45:00,91.385
2017-12-25 09:30:00,71.75
2017-12-25 09:15:00,71.054
2017-12-25 09:00:00,43.955
2017-12-25 08:45:00,40.448
2017-12-25 08:30:00,30.623
2017-12-25 08:15:00,15.699
2017-12-25 08:00:00,8.647
2017-12-25 07:45:00,-0.836
2017-12-25 07:30:00,-1.264
2017-12-25 07:15:00,-5.454
2017-12-25 07:00:00,-6.121
2017-12-25 06:45:00,-15.998
2017-12-25 06:30:00,-18.773
2017-12-25 06:15:00,-22.155
2017-12-25 06:00:00,-20.867
2017-12-25 05:45:00,-21.459
2017-12-25 05:30:00,-21.26
2017-12-25 05:15:00,-22.459
2017-12-25 05:00:00,-23.902
2017-12-25 04:45:00,-22.545
2017-12-25 04:30:00,-23.273
2017-12-25 04:15:00,-23.406
2017-12-25 04:00:00,-24.003
2017-12-25 03:45:00,-24.678
2017-12-25 03:30:00,-22.793
2017-12-25 03:15:00,-23.731
2017-12-25 03:00:00,-21.274
2017-12-25 02:45:00,-8.363
2017-12-25 02:30:00,-6.461
2017-12-25 02:15:00,-4.728
2017-12-25 02:00:00,-9.53
2017-12-25 01:45:00,-23.932
2017-12-25 01:30:00,-23.629
2017-12-25 01:15:00,-25.333
2017-12-25 01:00:00,-26.242
2017-12-25 00:45:00,-27.062
2017-12-25 00:30:00,-26.244
2017-12-25 00:15:00,-28.65
2017-12-25 00:00:00,-21.882
2017-12-24 23:45:00,-10.732
2017-12-24 23:30:00,-9.935
2017-12-24 23:15:00,-21.124
2017-12-24 23:00:00,-26.947
2017-12-24 22:45:00,-31.741
2017-12-24 22:30:00,-32.578
2017-12-24 22:15:00,-35.886
2017-12-24 22:00:00,-32.37
2017-12-24 21:45:00,-20.302
2017-12-24 21:30:00,-20.085
2017-12-24 21:15:00,-21.749
2017-12-24 21:00:00,-18.533
2017-12-24 20:45:00,-20.492
2017-12-24 20:30:00,-20.658
2017-12-24 20:15:00,-20.0
2017-12-24 20:00:00,-18.819
2017-12-24 19:45:00,-21.309
2017-12-24 19:30:00,-20.64
2017-12-24 19:15:00,-23.989
2017-12-24 19:00:00,-25.328
2017-12-24 18:45:00,-26.209
2017-12-24 18:30:00,-24.083
2017-12-24 18:15:00,-25.217
2017-12-24 18:00:00,-24.868
2017-12-24 17:45:00,-25.444
2017-12-24 17:30:00,-25.426
2017-12-24 17:15:00,-26.693
2017-12-24 17:00:00,-26.554
2017-12-24 16:45:00,-24.639
2017-12-24 16:30:00,-13.497
2017-12-24 16:15:00,-10.774
2017-12-24 16:00:00,-6.975
2017-12-24 15:45:00,-0.912
2017-12-24 15:30:00,-0.914
2017-12-24 15:15:00,-0.911
2017-12-24 15:00:00,-0.91
2017-12-24 14:45:00,-0.909
2017-12-24 14:30:00,-0.909
2017-12-24 14:15:00,-0.909
2017-12-24 14:00:00,-0.909
2017-12-24 13:45:00,-0.909
2017-12-24 13:30:00,-0.909
2017-12-24 13:15:00,-0.91
2017-12-24 13:00:00,-0.91
2017-12-24 12:45:00,-0.911
2017-12-24 12:30:00,-0.91
2017-12-24 12:15:00,-0.91
2017-12-24 12:00:00,-0.91
2017-12-24 11:45:00,-0.874
2017-12-24 11:30:00,113.012
2017-12-24 11:15:00,166.875
2017-12-24 11:00:00,153.961
2017-12-24 10:45:00,136.782
2017-12-24 10:30:00,148.46
2017-12-24 10:15:00,140.502
2017-12-24 10:00:00,134.156
2017-12-24 09:45:00,130.684
2017-12-24 09:30:00,118.367
2017-12-24 09:15:00,100.515
2017-12-24 09:00:00,87.228
2017-12-24 08:45:00,66.59
2017-12-24 08:30:00,39.928
2017-12-24 08:15:00,14.456
2017-12-24 08:00:00,-0.732
2017-12-24 07:45:00,-1.324
2017-12-24 07:30:00,-2.705
2017-12-24 07:15:00,-12.232
2017-12-24 07:00:00,-15.432
2017-12-24 06:45:00,-18.293
2017-12-24 06:30:00,-19.868
2017-12-24 06:15:00,-18.836
2017-12-24 06:00:00,-16.738
2017-12-24 05:45:00,-17.578
2017-12-24 05:30:00,-18.909
2017-12-24 05:15:00,-19.615
2017-12-24 05:00:00,-17.27
2017-12-24 04:45:00,-18.982
2017-12-24 04:30:00,-19.233
2017-12-24 04:15:00,-19.152
2017-12-24 04:00:00,-17.545
2017-12-24 03:45:00,-19.892
2017-12-24 03:30:00,-19.957
2017-12-24 03:15:00,-18.609
2017-12-24 03:00:00,-19.697
2017-12-24 02:45:00,-16.867
2017-12-24 02:30:00,-3.789
2017-12-24 02:15:00,-2.238
2017-12-24 02:00:00,-10.17
2017-12-24 01:45:00,-22.56
2017-12-24 01:30:00,-21.579
2017-12-24 01:15:00,-21.621
2017-12-24 01:00:00,-24.001
2017-12-24 00:45:00,-26.0
2017-12-24 00:30:00,-25.671
2017-12-24 00:15:00,-24.536
2017-12-24 00:00:00,-24.652
2017-12-23 23:45:00,-25.594
2017-12-23 23:30:00,-25.876
2017-12-23 23:15:00,-25.086
2017-12-23 23:00:00,-25.286
2017-12-23 22:45:00,-12.064
2017-12-23 22:30:00,-9.613
2017-12-23 22:15:00,-6.771
2017-12-23 22:00:00,-6.383
2017-12-23 21:45:00,-5.931
2017-12-23 21:30:00,-20.314
2017-12-23 21:15:00,-30.552
2017-12-23 21:00:00,-30.931
2017-12-23 20:45:00,-34.913
2017-12-23 20:30:00,-35.406
2017-12-23 20:15:00,-23.721
2017-12-23 20:00:00,-22.765
2017-12-23 19:45:00,-24.936
2017-12-23 19:30:00,-26.75
2017-12-23 19:15:00,-26.799
2017-12-23 19:00:00,-29.325
2017-12-23 18:45:00,-28.952
2017-12-23 18:30:00,-28.754
2017-12-23 18:15:00,-28.855
2017-12-23 18:00:00,-29.216
2017-12-23 17:45:00,-27.582
2017-12-23 17:30:00,-30.741
2017-12-23 17:15:00,-30.176
2017-12-23 17:00:00,-29.795
2017-12-23 16:45:00,-28.667
2017-12-23 16:30:00,-16.734
2017-12-23 16:15:00,-5.858
2017-12-23 16:00:00,-1.556
2017-12-23 15:45:00,-0.908
2017-12-23 15:30:00,-0.91
2017-12-23 15:15:00,-0.91
2017-12-23 15:00:00,-0.912
2017-12-23 14:45:00,-0.913
2017-12-23 14:30:00,-0.912
2017-12-23 14:15:00,-0.911
2017-12-23 14:00:00,-0.912
2017-12-23 13:45:00,-0.91
2017-12-23 13:30:00,-0.909
2017-12-23 13:15:00,-0.91
2017-12-23 13:00:00,-0.909
2017-12-23 12:45:00,-0.908
2017-12-23 12:30:00,-0.917
2017-12-23 12:15:00,-0.916
2017-12-23 12:00:00,-0.916
2017-12-23 11:45:00,22.159
2017-12-23 11:30:00,137.952
2017-12-23 11:15:00,141.714
2017-12-23 11:00:00,123.761
2017-12-23 10:45:00,167.958
2017-12-23 10:30:00,174.626
2017-12-23 10:15:00,160.354
2017-12-23 10:00:00,142.404
2017-12-23 09:45:00,108.715
2017-12-23 09:30:00,96.672
2017-12-23 09:15:00,77.184
2017-12-23 09:00:00,70.106
2017-12-23 08:45:00,58.195
2017-12-23 08:30:00,64.791
2017-12-23 08:15:00,32.476
2017-12-23 08:00:00,14.932
2017-12-23 07:45:00,4.126
2017-12-23 07:30:00,-0.941
2017-12-23 07:15:00,-2.5
2017-12-23 07:00:00,-6.08
2017-12-23 06:45:00,-6.218
2017-12-23 06:30:00,-8.107
2017-12-23 06:15:00,-6.626
2017-12-23 06:00:00,-8.286
2017-12-23 05:45:00,-11.229
2017-12-23 05:30:00,-12.274
2017-12-23 05:15:00,-9.605
2017-12-23 05:00:00,-10.313
2017-12-23 04:45:00,-11.834
2017-12-23 04:30:00,-14.22
2017-12-23 04:15:00,-12.937
2017-12-23 04:00:00,-14.372
2017-12-23 03:45:00,-12.48
2017-12-23 03:30:00,-17.437
2017-12-23 03:15:00,-17.152
2017-12-23 03:00:00,-20.814
2017-12-23 02:45:00,-19.6
2017-12-23 02:30:00,-19.568
2017-12-23 02:15:00,-19.729
2017-12-23 02:00:00,-12.261
2017-12-23 01:45:00,-2.266
2017-12-23 01:30:00,-2.257
2017-12-23 01:15:00,-8.461
2017-12-23 01:00:00,-22.713
2017-12-23 00:45:00,-23.297
2017-12-23 00:30:00,-24.128
2017-12-23 00:15:00,-22.662
2017-12-23 00:00:00,-23.447
2017-12-22 23:45:00,-22.762
2017-12-22 23:30:00,-24.702
2017-12-22 23:15:00,-24.106
2017-12-22 23:00:00,-22.834
2017-12-22 22:45:00,-11.201
2017-12-22 22:30:00,-10.306
2017-12-22 22:15:00,-9.933
2017-12-22 22:00:00,-10.724
2017-12-22 21:45:00,-27.446
2017-12-22 21:30:00,-30.009
2017-12-22 21:15:00,-31.131
2017-12-22 21:00:00,-35.455
2017-12-22 20:45:00,-22.357
2017-12-22 20:30:00,-22.845
2017-12-22 20:15:00,-23.986
2017-12-22 20:00:00,-30.976
2017-12-22 19:45:00,-31.288
2017-12-22 19:30:00,-36.039
2017-12-22 19:15:00,-34.896
2017-12-22 19:00:00,-34.884
2017-12-22 18:45:00,-34.987
2017-12-22 18:30:00,-33.723
2017-12-22 18:15:00,-36.438
2017-12-22 18:00:00,-36.214
2017-12-22 17:45:00,-35.046
2017-12-22 17:30:00,-36.045
2017-12-22 17:15:00,-37.684
2017-12-22 17:00:00,-36.299
2017-12-22 16:45:00,-35.512
2017-12-22 16:30:00,-32.96
2017-12-22 16:15:00,-29.521
2017-12-22 16:00:00,-30.338
2017-12-22 15:45:00,-8.642
2017-12-22 15:30:00,-0.916
2017-12-22 15:15:00,-0.918
2017-12-22 15:00:00,-0.917
2017-12-22 14:45:00,-0.918
2017-12-22 14:30:00,-0.926
2017-12-22 14:15:00,-0.93
2017-12-22 14:00:00,-0.928
2017-12-22 13:45:00,-0.928
2017-12-22 13:30:00,-0.931
2017-12-22 13:15:00,-0.93
2017-12-22 13:00:00,-0.929
2017-12-22 12:45:00,-0.926
2017-12-22 12:30:00,-0.928
2017-12-22 12:15:00,-0.928
2017-12-22 12:00:00,-0.926
2017-12-22 11:45:00,13.781
2017-12-22 11:30:00,163.51
2017-12-22 11:15:00,160.099
2017-12-22 11:00:00,155.585
2017-12-22 10:45:00,147.413
2017-12-22 10:30:00,146.058
2017-12-22 10:15:00,146.642
2017-12-22 10:00:00,138.892
2017-12-22 09:45:00,122.812
2017-12-22 09:30:00,102.739
2017-12-22 09:15:00,90.017
2017-12-22 09:00:00,79.669
2017-12-22 08:45:00,44.698
2017-12-22 08:30:00,24.797
2017-12-22 08:15:00,24.262
2017-12-22 08:00:00,-1.106
2017-12-22 07:45:00,-12.968
2017-12-22 07:30:00,-13.076
2017-12-22 07:15:00,-13.541
2017-12-22 07:00:00,-16.61
2017-12-22 06:45:00,-17.435
2017-12-22 06:30:00,-14.614
2017-12-22 06:15:00,-14.986
2017-12-22 06:00:00,-12.906
2017-12-22 05:45:00,-15.219
2017-12-22 05:30:00,-18.806
2017-12-22 05:15:00,-15.835
2017-12-22 05:00:00,-7.186
2017-12-22 04:45:00,-7.291
2017-12-22 04:30:00,-7.266
2017-12-22 04:15:00,-8.869
2017-12-22 04:00:00,-8.46
2017-12-22 03:45:00,-8.902
2017-12-22 03:30:00,-10.134
2017-12-22 03:15:00,-11.015
2017-12-22 03:00:00,-13.045
2017-12-22 02:45:00,-14.454
2017-12-22 02:30:00,-14.026
2017-12-22 02:15:00,-14.646
2017-12-22 02:00:00,-15.759
2017-12-22 01:45:00,-17.355
2017-12-22 01:30:00,-17.655
2017-12-22 01:15:00,-11.761
2017-12-22 01:00:00,-1.809
2017-12-22 00:45:00,-4.115
2017-12-22 00:30:00,-17.789
2017-12-22 00:15:00,-20.304
2017-12-22 00:00:00,-18.597
2017-12-21 23:45:00,-19.464
2017-12-21 23:30:00,-20.379
2017-12-21 23:15:00,-21.922
2017-12-21 23:00:00,-21.438
2017-12-21 22:45:00,-21.867
2017-12-21 22:30:00,-17.454
2017-12-21 22:15:00,-3.447
2017-12-21 22:00:00,-2.669
2017-12-21 21:45:00,-6.313
2017-12-21 21:30:00,-24.118
2017-12-21 21:15:00,-26.188
2017-12-21 21:00:00,-28.703
2017-12-21 20:45:00,-22.905
2017-12-21 20:30:00,-16.898
2017-12-21 20:15:00,-21.404
2017-12-21 20:00:00,-28.094
2017-12-21 19:45:00,-28.009
2017-12-21 19:30:00,-28.09
2017-12-21 19:15:00,-28.047
2017-12-21 19:00:00,-28.117
2017-12-21 18:45:00,-27.656
2017-12-21 18:30:00,-29.076
2017-12-21 18:15:00,-26.983
2017-12-21 18:00:00,-28.427
2017-12-21 17:45:00,-33.045
2017-12-21 17:30:00,-33.356
2017-12-21 17:15:00,-33.573
2017-12-21 17:00:00,-29.734
2017-12-21 16:45:00,-31.019
2017-12-21 16:30:00,-26.778
2017-12-21 16:15:00,-31.551
2017-12-21 16:00:00,-44.717
2017-12-21 15:45:00,-29.065
2017-12-21 15:30:00,-2.575
2017-12-21 15:15:00,-0.924
2017-12-21 15:00:00,-0.923
2017-12-21 14:45:00,-0.48
2017-12-21 14:30:00,-0.923
2017-12-21 14:15:00,-0.922
2017-12-21 14:00:00,-0.92
2017-12-21 13:45:00,-0.921
2017-12-21 13:30:00,-0.921
2017-12-21 13:15:00,-0.922
2017-12-21 13:00:00,-0.921
2017-12-21 12:45:00,-0.922
2017-12-21 12:30:00,-0.923
2017-12-21 12:15:00,-0.922
2017-12-21 12:00:00,-0.92
2017-12-21 11:45:00,-0.92
2017-12-21 11:30:00,-0.917
2017-12-21 11:15:00,-0.918
2017-12-21 11:00:00,-0.916
2017-12-21 10:45:00,-0.234
2017-12-21 10:30:00,-0.913
2017-12-21 10:15:00,-0.914
2017-12-21 10:00:00,-0.915
2017-12-21 09:45:00,-0.914
2017-12-21 09:30:00,-0.92
2017-12-21 09:15:00,-0.154
2017-12-21 09:00:00,-0.921
2017-12-21 08:45:00,2.429
2017-12-21 08:30:00,25.685
2017-12-21 08:15:00,21.439
2017-12-21 08:00:00,-0.921
2017-12-21 07:45:00,-1.28
2017-12-21 07:30:00,-8.76
2017-12-21 07:15:00,-8.505
2017-12-21 07:00:00,-11.583
2017-12-21 06:45:00,-14.023
2017-12-21 06:30:00,-12.475
2017-12-21 06:15:00,-12.989
2017-12-21 06:00:00,-12.536
2017-12-21 05:45:00,-8.171
2017-12-21 05:30:00,-0.906
2017-12-21 05:15:00,-0.904
2017-12-21 05:00:00,-0.906
2017-12-21 04:45:00,-0.907
2017-12-21 04:30:00,-0.909
2017-12-21 04:15:00,-0.911
2017-12-21 04:00:00,-0.914
2017-12-21 03:45:00,-0.915
2017-12-21 03:30:00,-0.917
2017-12-21 03:15:00,-0.917
2017-12-21 03:00:00,-0.918
2017-12-21 02:45:00,-0.918
2017-12-21 02:30:00,-0.917
2017-12-21 02:15:00,-0.916
2017-12-21 02:00:00,-0.915
2017-12-21 01:45:00,-0.915
2017-12-21 01:30:00,-0.915
2017-12-21 01:15:00,-0.915
2017-12-21 01:00:00,-0.915
2017-12-21 00:45:00,-0.918
2017-12-21 00:30:00,-0.92
2017-12-21 00:15:00,-0.918
2017-12-21 00:00:00,-0.916
2017-12-20 23:45:00,-0.915
2017-12-20 23:30:00,-0.912
2017-12-20 23:15:00,-0.921
2017-12-20 23:00:00,-0.923
2017-12-20 22:45:00,-0.922
2017-12-20 22:30:00,-0.917
2017-12-20 22:15:00,-0.92
2017-12-20 22:00:00,-0.919
2017-12-20 21:45:00,-0.92
2017-12-20 21:30:00,-0.926
2017-12-20 21:15:00,-0.925
2017-12-20 21:00:00,-0.925
2017-12-20 20:45:00,-0.924
2017-12-20 20:30:00,-0.926
2017-12-20 20:15:00,-0.924
2017-12-20 20:00:00,-0.922
2017-12-20 19:45:00,-0.924
2017-12-20 19:30:00,-0.924
2017-12-20 19:15:00,-0.923
2017-12-20 19:00:00,-0.918
2017-12-20 18:45:00,-0.917
2017-12-20 18:30:00,-0.92
2017-12-20 18:15:00,-0.928
2017-12-20 18:00:00,-0.924
2017-12-20 17:45:00,-0.923
2017-12-20 17:30:00,-0.921
2017-12-20 17:15:00,-0.921
2017-12-20 17:00:00,-1.422
2017-12-20 16:45:00,-1.645
2017-12-20 16:30:00,-1.051
2017-12-20 16:15:00,-0.913
2017-12-20 16:00:00,-0.913
2017-12-20 15:45:00,-0.918
2017-12-20 15:30:00,-0.924
2017-12-20 15:15:00,-0.921
2017-12-20 15:00:00,-1.53
2017-12-20 14:45:00,-1.135
2017-12-20 14:30:00,-5.497
2017-12-20 14:15:00,-0.919
2017-12-20 14:00:00,-0.917
2017-12-20 13:45:00,-0.916
2017-12-20 13:30:00,-0.919
2017-12-20 13:15:00,-0.918
2017-12-20 13:00:00,-0.918
2017-12-20 12:45:00,-0.919
2017-12-20 12:30:00,-0.919
2017-12-20 12:15:00,39.929
2017-12-20 12:00:00,132.128
2017-12-20 11:45:00,144.442
2017-12-20 11:30:00,140.048
2017-12-20 11:15:00,133.494
2017-12-20 11:00:00,129.702
2017-12-20 10:45:00,126.925
2017-12-20 10:30:00,122.093
2017-12-20 10:15:00,113.84
2017-12-20 10:00:00,103.816
2017-12-20 09:45:00,102.979
2017-12-20 09:30:00,92.71
2017-12-20 09:15:00,83.274
2017-12-20 09:00:00,60.298
2017-12-20 08:45:00,24.066
2017-12-20 08:30:00,9.838
2017-12-20 08:15:00,-5.317
2017-12-20 08:00:00,-26.673
2017-12-20 07:45:00,-34.686
2017-12-20 07:30:00,-25.821
2017-12-20 07:15:00,-16.715
2017-12-20 07:00:00,-15.237
2017-12-20 06:45:00,-18.878
2017-12-20 06:30:00,-15.445
2017-12-20 06:15:00,-18.742
2017-12-20 06:00:00,-18.603
2017-12-20 05:45:00,-20.217
2017-12-20 05:30:00,-24.412
2017-12-20 05:15:00,-11.485
2017-12-20 05:00:00,-8.462
2017-12-20 04:45:00,-8.309
2017-12-20 04:30:00,-9.595
2017-12-20 04:15:00,-10.172
2017-12-20 04:00:00,-9.179
2017-12-20 03:45:00,-1.892
2017-12-20 03:30:00,-1.599
2017-12-20 03:15:00,-1.596
2017-12-20 03:00:00,-3.747
2017-12-20 02:45:00,-12.15
2017-12-20 02:30:00,-10.444
2017-12-20 02:15:00,-16.988
2017-12-20 02:00:00,-19.372
2017-12-20 01:45:00,-22.118
2017-12-20 01:30:00,-20.089
2017-12-20 01:15:00,-8.754
2017-12-20 01:00:00,-9.148
2017-12-20 00:45:00,-9.296
2017-12-20 00:30:00,-9.669
2017-12-20 00:15:00,-11.017
2017-12-20 00:00:00,-10.906
2017-12-19 23:45:00,-9.879
2017-12-19 23:30:00,-10.851
2017-12-19 23:15:00,-10.164
2017-12-19 23:00:00,-11.645
2017-12-19 22:45:00,-10.791
2017-12-19 22:30:00,-11.166
2017-12-19 22:15:00,-11.018
2017-12-19 22:00:00,-11.888
2017-12-19 21:45:00,-12.763
2017-12-19 21:30:00,-12.22
2017-12-19 21:15:00,-12.983
2017-12-19 21:00:00,-14.679
2017-12-19 20:45:00,-13.996
2017-12-19 20:30:00,-14.458
2017-12-19 20:15:00,-19.723
2017-12-19 20:00:00,-27.95
2017-12-19 19:45:00,-27.912
2017-12-19 19:30:00,-29.044
2017-12-19 19:15:00,-30.313
2017-12-19 19:00:00,-29.733
2017-12-19 18:45:00,-33.899
2017-12-19 18:30:00,-35.293
2017-12-19 18:15:00,-36.968
2017-12-19 18:00:00,-36.713
2017-12-19 17:45:00,-35.531
2017-12-19 17:30:00,-36.149
2017-12-19 17:15:00,-34.831
2017-12-19 17:00:00,-32.198
2017-12-19 16:45:00,-33.596
2017-12-19 16:30:00,-36.475
2017-12-19 16:15:00,-52.958
2017-12-19 16:00:00,-49.845
2017-12-19 15:45:00,-37.587
2017-12-19 15:30:00,-12.923
2017-12-19 15:15:00,-0.927
2017-12-19 15:00:00,-0.926
2017-12-19 14:45:00,-0.925
2017-12-19 14:30:00,-0.923
2017-12-19 14:15:00,-0.921
2017-12-19 14:00:00,-0.92
2017-12-19 13:45:00,-0.917
2017-12-19 13:30:00,-0.913
2017-12-19 13:15:00,-0.912
2017-12-19 13:00:00,-0.913
2017-12-19 12:45:00,-0.92
2017-12-19 12:30:00,-0.919
2017-12-19 12:15:00,8.392
2017-12-19 12:00:00,133.105
2017-12-19 11:45:00,135.515
2017-12-19 11:30:00,137.483
2017-12-19 11:15:00,129.635
2017-12-19 11:00:00,124.555
2017-12-19 10:45:00,118.483
2017-12-19 10:30:00,115.241
2017-12-19 10:15:00,113.753
2017-12-19 10:00:00,109.3
2017-12-19 09:45:00,93.419
2017-12-19 09:30:00,89.119
2017-12-19 09:15:00,86.85
2017-12-19 09:00:00,75.646
2017-12-19 08:45:00,52.54
2017-12-19 08:30:00,30.762
2017-12-19 08:15:00,4.153
2017-12-19 08:00:00,-19.08
2017-12-19 07:45:00,-22.069
2017-12-19 07:30:00,-1.081
2017-12-19 07:15:00,-1.894
2017-12-19 07:00:00,-14.041
2017-12-19 06:45:00,-17.001
2017-12-19 06:30:00,-21.46
2017-12-19 06:15:00,-22.662
2017-12-19 06:00:00,-24.075
2017-12-19 05:45:00,-25.422
2017-12-19 05:30:00,-32.067
2017-12-19 05:15:00,-20.835
2017-12-19 05:00:00,-18.026
2017-12-19 04:45:00,-17.321
2017-12-19 04:30:00,-7.91
2017-12-19 04:15:00,-1.559
2017-12-19 04:00:00,-1.596
2017-12-19 03:45:00,-1.555
2017-12-19 03:30:00,-7.173
2017-12-19 03:15:00,-17.822
2017-12-19 03:00:00,-19.618
2017-12-19 02:45:00,-20.291
2017-12-19 02:30:00,-23.407
2017-12-19 02:15:00,-25.615
2017-12-19 02:00:00,-14.889
2017-12-19 01:45:00,-10.523
2017-12-19 01:30:00,-9.091
2017-12-19 01:15:00,-8.723
2017-12-19 01:00:00,-10.416
2017-12-19 00:45:00,-8.535
2017-12-19 00:30:00,-9.831
2017-12-19 00:15:00,-8.697
2017-12-19 00:00:00,-13.165
2017-12-18 23:45:00,-11.522
2017-12-18 23:30:00,-13.509
2017-12-18 23:15:00,-12.126
2017-12-18 23:00:00,-11.336
2017-12-18 22:45:00,-11.213
2017-12-18 22:30:00,-11.396
2017-12-18 22:15:00,-11.01
2017-12-18 22:00:00,-13.37
2017-12-18 21:45:00,-10.526
2017-12-18 21:30:00,-11.998
2017-12-18 21:15:00,-12.382
2017-12-18 21:00:00,-15.092
2017-12-18 20:45:00,-12.913
2017-12-18 20:30:00,-15.28
2017-12-18 20:15:00,-18.51
2017-12-18 20:00:00,-23.639
2017-12-18 19:45:00,-24.203
2017-12-18 19:30:00,-25.498
2017-12-18 19:15:00,-25.14
2017-12-18 19:00:00,-26.091
2017-12-18 18:45:00,-24.877
2017-12-18 18:30:00,-27.678
2017-12-18 18:15:00,-27.34
2017-12-18 18:00:00,-28.997
2017-12-18 17:45:00,-36.166
2017-12-18 17:30:00,-46.559
2017-12-18 17:15:00,-49.179
2017-12-18 17:00:00,-35.628
2017-12-18 16:45:00,-44.143
2017-12-18 16:30:00,-51.302
2017-12-18 16:15:00,-45.584
2017-12-18 16:00:00,-45.356
2017-12-18 15:45:00,-37.395
2017-12-18 15:30:00,-17.12
2017-12-18 15:15:00,-0.925
2017-12-18 15:00:00,-0.922
2017-12-18 14:45:00,-0.926
2017-12-18 14:30:00,-0.93
2017-12-18 14:15:00,-0.928
2017-12-18 14:00:00,-0.926
2017-12-18 13:45:00,-0.925
2017-12-18 13:30:00,-0.924
2017-12-18 13:15:00,-0.923
2017-12-18 13:00:00,-0.921
2017-12-18 12:45:00,-0.922
2017-12-18 12:30:00,-0.921
2017-12-18 12:15:00,-0.919
2017-12-18 12:00:00,72.614
2017-12-18 11:45:00,134.622
2017-12-18 11:30:00,132.071
2017-12-18 11:15:00,129.777
2017-12-18 11:00:00,125.195
2017-12-18 10:45:00,124.338
2017-12-18 10:30:00,117.913
2017-12-18 10:15:00,113.867
2017-12-18 10:00:00,111.049
2017-12-18 09:45:00,100.523
2017-12-18 09:30:00,92.319
2017-12-18 09:15:00,83.722
2017-12-18 09:00:00,68.55
2017-12-18 08:45:00,45.782
2017-12-18 08:30:00,18.921
2017-12-18 08:15:00,3.817
2017-12-18 08:00:00,-10.88
2017-12-18 07:45:00,-17.961
2017-12-18 07:30:00,-20.691
2017-12-18 07:15:00,-23.174
2017-12-18 07:00:00,-24.305
2017-12-18 06:45:00,-24.876
2017-12-18 06:30:00,-24.611
2017-12-18 06:15:00,-24.886
2017-12-18 06:00:00,-24.732
2017-12-18 05:45:00,-26.4
2017-12-18 05:30:00,-30.92
2017-12-18 05:15:00,-17.295
2017-12-18 05:00:00,-12.359
2017-12-18 04:45:00,-13.845
2017-12-18 04:30:00,-12.186
2017-12-18 04:15:00,-13.43
2017-12-18 04:00:00,-13.667
2017-12-18 03:45:00,-2.179
2017-12-18 03:30:00,-1.642
2017-12-18 03:15:00,-1.64
2017-12-18 03:00:00,-2.222
2017-12-18 02:45:00,-14.092
2017-12-18 02:30:00,-12.529
2017-12-18 02:15:00,-16.586
2017-12-18 02:00:00,-16.821
2017-12-18 01:45:00,-18.814
2017-12-18 01:30:00,-25.626
2017-12-18 01:15:00,-43.835
2017-12-18 01:00:00,-23.004
2017-12-18 00:45:00,-18.562
2017-12-18 00:30:00,-19.135
2017-12-18 00:15:00,-17.512
2017-12-18 00:00:00,-18.834
2017-12-17 23:45:00,-18.256
2017-12-17 23:30:00,-19.457
2017-12-17 23:15:00,-17.756
2017-12-17 23:00:00,-19.135
2017-12-17 22:45:00,-18.406
2017-12-17 22:30:00,-19.841
2017-12-17 22:15:00,-20.35
2017-12-17 22:00:00,-18.124
2017-12-17 21:45:00,-19.535
2017-12-17 21:30:00,-19.735
2017-12-17 21:15:00,-19.822
2017-12-17 21:00:00,-19.578
2017-12-17 20:45:00,-19.569
2017-12-17 20:30:00,-20.686
2017-12-17 20:15:00,-20.134
2017-12-17 20:00:00,-19.658
2017-12-17 19:45:00,-20.738
2017-12-17 19:30:00,-22.825
2017-12-17 19:15:00,-20.702
2017-12-17 19:00:00,-20.924
2017-12-17 18:45:00,-21.335
2017-12-17 18:30:00,-20.645
2017-12-17 18:15:00,-21.338
2017-12-17 18:00:00,-20.837
2017-12-17 17:45:00,-22.238
2017-12-17 17:30:00,-21.814
2017-12-17 17:15:00,-23.09
2017-12-17 17:00:00,-21.899
2017-12-17 16:45:00,-22.752
2017-12-17 16:30:00,-12.66
2017-12-17 16:15:00,-13.957
2017-12-17 16:00:00,-4.597
2017-12-17 15:45:00,-0.951
2017-12-17 15:30:00,-0.916
2017-12-17 15:15:00,-0.916
2017-12-17 15:00:00,-0.915
2017-12-17 14:45:00,-0.915
2017-12-17 14:30:00,-0.915
2017-12-17 14:15:00,-0.916
2017-12-17 14:00:00,-0.919
2017-12-17 13:45:00,-0.918
2017-12-17 13:30:00,-0.916
2017-12-17 13:15:00,-0.915
2017-12-17 13:00:00,-0.915
2017-12-17 12:45:00,-0.915
2017-12-17 12:30:00,-0.915
2017-12-17 12:15:00,-0.915
2017-12-17 12:00:00,-0.912
2017-12-17 11:45:00,-0.907
2017-12-17 11:30:00,4.618
2017-12-17 11:15:00,164.482
2017-12-17 11:00:00,162.187
2017-12-17 10:45:00,158.91
2017-12-17 10:30:00,154.389
2017-12-17 10:15:00,150.577
2017-12-17 10:00:00,145.195
2017-12-17 09:45:00,137.924
2017-12-17 09:30:00,129.724
2017-12-17 09:15:00,116.62
2017-12-17 09:00:00,104.179
2017-12-17 08:45:00,71.823
2017-12-17 08:30:00,42.501
2017-12-17 08:15:00,20.706
2017-12-17 08:00:00,-1.182
2017-12-17 07:45:00,3.199
2017-12-17 07:30:00,0.285
2017-12-17 07:15:00,-1.291
2017-12-17 07:00:00,-7.804
2017-12-17 06:45:00,-17.775
2017-12-17 06:30:00,-19.502
2017-12-17 06:15:00,-22.266
2017-12-17 06:00:00,-23.55
2017-12-17 05:45:00,-26.32
2017-12-17 05:30:00,-27.37
2017-12-17 05:15:00,-28.136
2017-12-17 05:00:00,-27.135
2017-12-17 04:45:00,-27.851
2017-12-17 04:30:00,-26.679
2017-12-17 04:15:00,-27.446
2017-12-17 04:00:00,-27.298
2017-12-17 03:45:00,-27.94
2017-12-17 03:30:00,-27.712
2017-12-17 03:15:00,-27.977
2017-12-17 03:00:00,-20.012
2017-12-17 02:45:00,-10.338
2017-12-17 02:30:00,-9.699
2017-12-17 02:15:00,-11.002
2017-12-17 02:00:00,-20.821
2017-12-17 01:45:00,-28.728
2017-12-17 01:30:00,-28.201
2017-12-17 01:15:00,-28.872
2017-12-17 01:00:00,-29.077
2017-12-17 00:45:00,-28.817
2017-12-17 00:30:00,-24.836
2017-12-17 00:15:00,-10.507
2017-12-17 00:00:00,-9.942
2017-12-16 23:45:00,-10.462
2017-12-16 23:30:00,-10.177
2017-12-16 23:15:00,-15.11
2017-12-16 23:00:00,-30.311
2017-12-16 22:45:00,-33.938
2017-12-16 22:30:00,-35.825
2017-12-16 22:15:00,-32.052
2017-12-16 22:00:00,-19.307
2017-12-16 21:45:00,-20.995
2017-12-16 21:30:00,-18.444
2017-12-16 21:15:00,-19.328
2017-12-16 21:00:00,-19.729
2017-12-16 20:45:00,-19.966
2017-12-16 20:30:00,-19.938
2017-12-16 20:15:00,-21.111
2017-12-16 20:00:00,-21.187
2017-12-16 19:45:00,-19.957
2017-12-16 19:30:00,-20.818
2017-12-16 19:15:00,-20.435
2017-12-16 19:00:00,-20.659
2017-12-16 18:45:00,-21.043
2017-12-16 18:30:00,-20.384
2017-12-16 18:15:00,-20.227
2017-12-16 18:00:00,-19.643
2017-12-16 17:45:00,-20.627
2017-12-16 17:30:00,-22.152
2017-12-16 17:15:00,-22.675
2017-12-16 17:00:00,-22.854
2017-12-16 16:45:00,-21.896
2017-12-16 16:30:00,-7.525
2017-12-16 16:15:00,-3.278
2017-12-16 16:00:00,-2.559
2017-12-16 15:45:00,-0.914
2017-12-16 15:30:00,-0.921
2017-12-16 15:15:00,-0.923
2017-12-16 15:00:00,-0.922
2017-12-16 14:45:00,-0.922
2017-12-16 14:30:00,-0.922
2017-12-16 14:15:00,-0.921
2017-12-16 14:00:00,-0.92
2017-12-16 13:45:00,-0.918
2017-12-16 13:30:00,-0.882
2017-12-16 13:15:00,124.361
2017-12-16 13:00:00,151.221
2017-12-16 12:45:00,106.635
2017-12-16 12:30:00,63.107
2017-12-16 12:15:00,48.403
2017-12-16 12:00:00,50.263
2017-12-16 11:45:00,61.386
2017-12-16 11:30:00,83.679
2017-12-16 11:15:00,108.948
2017-12-16 11:00:00,95.871
2017-12-16 10:45:00,131.052
2017-12-16 10:30:00,159.71
2017-12-16 10:15:00,153.232
2017-12-16 10:00:00,89.57
2017-12-16 09:45:00,41.636
2017-12-16 09:30:00,34.235
2017-12-16 09:15:00,19.961
2017-12-16 09:00:00,19.367
2017-12-16 08:45:00,11.459
2017-12-16 08:30:00,-0.742
2017-12-16 08:15:00,-10.348
2017-12-16 08:00:00,-23.529
2017-12-16 07:45:00,-12.225
2017-12-16 07:30:00,-3.309
2017-12-16 07:15:00,-4.823
2017-12-16 07:00:00,-4.078
2017-12-16 06:45:00,-1.395
2017-12-16 06:30:00,-1.441
2017-12-16 06:15:00,-1.44
2017-12-16 06:00:00,-2.265
2017-12-16 05:45:00,-14.722
2017-12-16 05:30:00,-17.073
2017-12-16 05:15:00,-20.761
2017-12-16 05:00:00,-22.43
2017-12-16 04:45:00,-27.11
2017-12-16 04:30:00,-15.671
2017-12-16 04:15:00,-13.111
2017-12-16 04:00:00,-14.715
2017-12-16 03:45:00,-12.763
2017-12-16 03:30:00,-14.492
2017-12-16 03:15:00,-13.403
2017-12-16 03:00:00,-15.216
2017-12-16 02:45:00,-13.971
2017-12-16 02:30:00,-14.252
2017-12-16 02:15:00,-14.154
2017-12-16 02:00:00,-14.077
2017-12-16 01:45:00,-14.815
2017-12-16 01:30:00,-14.661
2017-12-16 01:15:00,-14.139
2017-12-16 01:00:00,-14.821
2017-12-16 00:45:00,-13.325
2017-12-16 00:30:00,-15.918
2017-12-16 00:15:00,-15.847
2017-12-16 00:00:00,-15.089
2017-12-15 23:45:00,-15.429
2017-12-15 23:30:00,-16.442
2017-12-15 23:15:00,-16.048
2017-12-15 23:00:00,-15.939
2017-12-15 22:45:00,-16.11
2017-12-15 22:30:00,-15.512
2017-12-15 22:15:00,-16.738
2017-12-15 22:00:00,-16.36
2017-12-15 21:45:00,-16.479
2017-12-15 21:30:00,-17.238
2017-12-15 21:15:00,-16.727
2017-12-15 21:00:00,-18.203
2017-12-15 20:45:00,-19.124
2017-12-15 20:30:00,-18.884
2017-12-15 20:15:00,-20.508
2017-12-15 20:00:00,-24.398
2017-12-15 19:45:00,-24.02
2017-12-15 19:30:00,-25.071
2017-12-15 19:15:00,-24.92
2017-12-15 19:00:00,-25.894
2017-12-15 18:45:00,-26.87
2017-12-15 18:30:00,-27.847
2017-12-15 18:15:00,-27.95
2017-12-15 18:00:00,-29.294
2017-12-15 17:45:00,-28.754
2017-12-15 17:30:00,-33.826
2017-12-15 17:15:00,-36.276
2017-12-15 17:00:00,-46.204
2017-12-15 16:45:00,-52.298
2017-12-15 16:30:00,-49.749
2017-12-15 16:15:00,-49.637
2017-12-15 16:00:00,-47.381
2017-12-15 15:45:00,-37.273
2017-12-15 15:30:00,-12.912
2017-12-15 15:15:00,-1.18
2017-12-15 15:00:00,-0.933
2017-12-15 14:45:00,-0.932
2017-12-15 14:30:00,-0.935
2017-12-15 14:15:00,-0.933
2017-12-15 14:00:00,-0.931
2017-12-15 13:45:00,-0.929
2017-12-15 13:30:00,-0.93
2017-12-15 13:15:00,-0.931
2017-12-15 13:00:00,-0.927
2017-12-15 12:45:00,-0.924
2017-12-15 12:30:00,-0.924
2017-12-15 12:15:00,-0.926
2017-12-15 12:00:00,-0.92
2017-12-15 11:45:00,48.431
2017-12-15 11:30:00,139.779
2017-12-15 11:15:00,137.537
2017-12-15 11:00:00,132.654
2017-12-15 10:45:00,130.595
2017-12-15 10:30:00,126.258
2017-12-15 10:15:00,123.35
2017-12-15 10:00:00,121.024
2017-12-15 09:45:00,112.215
2017-12-15 09:30:00,103.766
2017-12-15 09:15:00,96.632
2017-12-15 09:00:00,83.529
2017-12-15 08:45:00,64.889
2017-12-15 08:30:00,36.271
2017-12-15 08:15:00,16.208
2017-12-15 08:00:00,1.38
2017-12-15 07:45:00,-10.44
2017-12-15 07:30:00,-36.561
2017-12-15 07:15:00,-29.538
2017-12-15 07:00:00,-29.861
2017-12-15 06:45:00,-17.252
2017-12-15 06:30:00,-10.594
2017-12-15 06:15:00,-13.268
2017-12-15 06:00:00,-13.495
2017-12-15 05:45:00,-13.398
2017-12-15 05:30:00,-13.251
2017-12-15 05:15:00,-1.822
2017-12-15 05:00:00,-0.921
2017-12-15 04:45:00,-1.414
2017-12-15 04:30:00,-10.76
2017-12-15 04:15:00,-15.16
2017-12-15 04:00:00,-15.118
2017-12-15 03:45:00,-18.404
2017-12-15 03:30:00,-16.01
2017-12-15 03:15:00,-6.555
2017-12-15 03:00:00,-5.559
2017-12-15 02:45:00,-5.112
2017-12-15 02:30:00,-4.384
2017-12-15 02:15:00,-7.224
2017-12-15 02:00:00,-9.826
2017-12-15 01:45:00,-9.585
2017-12-15 01:30:00,-9.677
2017-12-15 01:15:00,-8.851
2017-12-15 01:00:00,-11.079
2017-12-15 00:45:00,-9.841
2017-12-15 00:30:00,-10.421
2017-12-15 00:15:00,-10.501
2017-12-15 00:00:00,-9.932
2017-12-14 23:45:00,-10.932
2017-12-14 23:30:00,-10.506
2017-12-14 23:15:00,-10.115
2017-12-14 23:00:00,-11.053
2017-12-14 22:45:00,-11.447
2017-12-14 22:30:00,-12.314
2017-12-14 22:15:00,-11.345
2017-12-14 22:00:00,-11.061
2017-12-14 21:45:00,-11.21
2017-12-14 21:30:00,-10.784
2017-12-14 21:15:00,-12.712
2017-12-14 21:00:00,-11.806
2017-12-14 20:45:00,-13.261
2017-12-14 20:30:00,-13.96
2017-12-14 20:15:00,-16.723
2017-12-14 20:00:00,-24.964
2017-12-14 19:45:00,-22.621
2017-12-14 19:30:00,-26.307
2017-12-14 19:15:00,-25.806
2017-12-14 19:00:00,-26.748
2017-12-14 18:45:00,-25.784
2017-12-14 18:30:00,-27.692
2017-12-14 18:15:00,-27.126
2017-12-14 18:00:00,-28.656
2017-12-14 17:45:00,-29.038
2017-12-14 17:30:00,-29.823
2017-12-14 17:15:00,-29.737
2017-12-14 17:00:00,-32.745
2017-12-14 16:45:00,-34.644
2017-12-14 16:30:00,-32.958
2017-12-14 16:15:00,-42.029
2017-12-14 16:00:00,-46.608
2017-12-14 15:45:00,-35.85
2017-12-14 15:30:00,-7.178
2017-12-14 15:15:00,-0.926
2017-12-14 15:00:00,-0.547
2017-12-14 14:45:00,-0.928
2017-12-14 14:30:00,-0.927
2017-12-14 14:15:00,-0.731
2017-12-14 14:00:00,-0.866
2017-12-14 13:45:00,-0.923
2017-12-14 13:30:00,-0.511
2017-12-14 13:15:00,-0.925
2017-12-14 13:00:00,-0.924
2017-12-14 12:45:00,-0.928
2017-12-14 12:30:00,-0.927
2017-12-14 12:15:00,-0.925
2017-12-14 12:00:00,-0.284
2017-12-14 11:45:00,-0.917
2017-12-14 11:30:00,-0.92
2017-12-14 11:15:00,-0.92
2017-12-14 11:00:00,-0.919
2017-12-14 10:45:00,0.067
2017-12-14 10:30:00,-0.244
2017-12-14 10:15:00,-0.919
2017-12-14 10:00:00,-0.149
2017-12-14 09:45:00,-0.169
2017-12-14 09:30:00,-0.918
2017-12-14 09:15:00,39.758
2017-12-14 09:00:00,75.538
2017-12-14 08:45:00,57.238
2017-12-14 08:30:00,23.089
2017-12-14 08:15:00,12.359
2017-12-14 08:00:00,-6.172
2017-12-14 07:45:00,-22.922
2017-12-14 07:30:00,-24.246
2017-12-14 07:15:00,-21.207
2017-12-14 07:00:00,-15.669
2017-12-14 06:45:00,-11.047
2017-12-14 06:30:00,-2.085
2017-12-14 06:15:00,-2.149
2017-12-14 06:00:00,-2.143
2017-12-14 05:45:00,-15.385
2017-12-14 05:30:00,-15.978
2017-12-14 05:15:00,-16.913
2017-12-14 05:00:00,-4.062
2017-12-14 04:45:00,-0.924
2017-12-14 04:30:00,-1.867
2017-12-14 04:15:00,-2.165
2017-12-14 04:00:00,-2.166
2017-12-14 03:45:00,-0.874
2017-12-14 03:30:00,1.035
2017-12-14 03:15:00,2.228
2017-12-14 03:00:00,1.182
2017-12-14 02:45:00,2.561
2017-12-14 02:30:00,0.948
2017-12-14 02:15:00,0.815
2017-12-14 02:00:00,-0.929
2017-12-14 01:45:00,-0.93
2017-12-14 01:30:00,0.34
2017-12-14 01:15:00,1.624
2017-12-14 01:00:00,1.435
2017-12-14 00:45:00,1.935
2017-12-14 00:30:00,1.8
2017-12-14 00:15:00,1.068
2017-12-14 00:00:00,2.51
2017-12-13 23:45:00,3.23
2017-12-13 23:30:00,1.504
2017-12-13 23:15:00,4.842
2017-12-13 23:00:00,8.969
2017-12-13 22:45:00,11.148
2017-12-13 22:30:00,9.236
2017-12-13 22:15:00,10.282
2017-12-13 22:00:00,10.83
2017-12-13 21:45:00,10.06
2017-12-13 21:30:00,10.39
2017-12-13 21:15:00,10.379
2017-12-13 21:00:00,9.7
2017-12-13 20:45:00,10.407
2017-12-13 20:30:00,9.865
2017-12-13 20:15:00,6.632
2017-12-13 20:00:00,-1.337
2017-12-13 19:45:00,-0.938
2017-12-13 19:30:00,-0.938
2017-12-13 19:15:00,-1.036
2017-12-13 19:00:00,-0.94
2017-12-13 18:45:00,-0.989
2017-12-13 18:30:00,-0.933
2017-12-13 18:15:00,-1.668
2017-12-13 18:00:00,-2.496
2017-12-13 17:45:00,-3.574
2017-12-13 17:30:00,-15.766
2017-12-13 17:15:00,-35.198
2017-12-13 17:00:00,-14.462
2017-12-13 16:45:00,-25.255
2017-12-13 16:30:00,-19.865
2017-12-13 16:15:00,-15.821
2017-12-13 16:00:00,-16.146
2017-12-13 15:45:00,-4.072
2017-12-13 15:30:00,-0.94
2017-12-13 15:15:00,-0.938
2017-12-13 15:00:00,-0.935
2017-12-13 14:45:00,-0.935
2017-12-13 14:30:00,-0.934
2017-12-13 14:15:00,-0.931
2017-12-13 14:00:00,-0.933
2017-12-13 13:45:00,-0.93
2017-12-13 13:30:00,-0.932
2017-12-13 13:15:00,-0.933
2017-12-13 13:00:00,-0.923
2017-12-13 12:45:00,-0.918
2017-12-13 12:30:00,-0.918
2017-12-13 12:15:00,-0.874
2017-12-13 12:00:00,108.151
2017-12-13 11:45:00,125.026
2017-12-13 11:30:00,127.025
2017-12-13 11:15:00,125.433
2017-12-13 11:00:00,122.449
2017-12-13 10:45:00,117.965
2017-12-13 10:30:00,114.098
2017-12-13 10:15:00,109.316
2017-12-13 10:00:00,108.249
2017-12-13 09:45:00,105.909
2017-12-13 09:30:00,95.313
2017-12-13 09:15:00,84.167
2017-12-13 09:00:00,79.342
2017-12-13 08:45:00,66.408
2017-12-13 08:30:00,28.736
2017-12-13 08:15:00,14.356
2017-12-13 08:00:00,-4.742
2017-12-13 07:45:00,-19.765
2017-12-13 07:30:00,-21.45
2017-12-13 07:15:00,-6.883
2017-12-13 07:00:00,-2.412
2017-12-13 06:45:00,-1.675
2017-12-13 06:30:00,-1.278
2017-12-13 06:15:00,-22.574
2017-12-13 06:00:00,-26.469
2017-12-13 05:45:00,-29.901
2017-12-13 05:30:00,-33.44
2017-12-13 05:15:00,-30.783
2017-12-13 05:00:00,-21.441
2017-12-13 04:45:00,-22.136
2017-12-13 04:30:00,-8.435
2017-12-13 04:15:00,-10.244
2017-12-13 04:00:00,-8.785
2017-12-13 03:45:00,-8.508
2017-12-13 03:30:00,-8.564
2017-12-13 03:15:00,-9.19
2017-12-13 03:00:00,-9.324
2017-12-13 02:45:00,-9.92
2017-12-13 02:30:00,-9.785
2017-12-13 02:15:00,-7.84
2017-12-13 02:00:00,-8.862
2017-12-13 01:45:00,-10.051
2017-12-13 01:30:00,-9.672
2017-12-13 01:15:00,-9.048
2017-12-13 01:00:00,-8.732
2017-12-13 00:45:00,-9.461
2017-12-13 00:30:00,-8.618
2017-12-13 00:15:00,-9.128
2017-12-13 00:00:00,-9.864
2017-12-12 23:45:00,-10.54
2017-12-12 23:30:00,-9.184
2017-12-12 23:15:00,-11.59
2017-12-12 23:00:00,-9.648
2017-12-12 22:45:00,-11.208
2017-12-12 22:30:00,-9.043
2017-12-12 22:15:00,-10.476
2017-12-12 22:00:00,-9.477
2017-12-12 21:45:00,-10.818
2017-12-12 21:30:00,-10.218
2017-12-12 21:15:00,-9.826
2017-12-12 21:00:00,-10.821
2017-12-12 20:45:00,-11.533
2017-12-12 20:30:00,-10.327
2017-12-12 20:15:00,-16.652
2017-12-12 20:00:00,-22.284
2017-12-12 19:45:00,-24.585
2017-12-12 19:30:00,-24.862
2017-12-12 19:15:00,-26.583
2017-12-12 19:00:00,-25.285
2017-12-12 18:45:00,-28.021
2017-12-12 18:30:00,-27.774
2017-12-12 18:15:00,-28.535
2017-12-12 18:00:00,-28.149
2017-12-12 17:45:00,-29.94
2017-12-12 17:30:00,-33.556
2017-12-12 17:15:00,-40.199
2017-12-12 17:00:00,-48.022
2017-12-12 16:45:00,-56.967
2017-12-12 16:30:00,-53.73
2017-12-12 16:15:00,-55.408
2017-12-12 16:00:00,-53.533
2017-12-12 15:45:00,-47.332
2017-12-12 15:30:00,-31.602
2017-12-12 15:15:00,-4.253
2017-12-12 15:00:00,-0.938
2017-12-12 14:45:00,-0.936
2017-12-12 14:30:00,-0.937
2017-12-12 14:15:00,-0.934
2017-12-12 14:00:00,-0.933
2017-12-12 13:45:00,-0.932
2017-12-12 13:30:00,-0.933
2017-12-12 13:15:00,-0.935
2017-12-12 13:00:00,-0.933
2017-12-12 12:45:00,-0.93
2017-12-12 12:30:00,-0.932
2017-12-12 12:15:00,52.745
2017-12-12 12:00:00,118.759
2017-12-12 11:45:00,118.213
2017-12-12 11:30:00,115.434
2017-12-12 11:15:00,110.946
2017-12-12 11:00:00,108.843
2017-12-12 10:45:00,110.719
2017-12-12 10:30:00,110.476
2017-12-12 10:15:00,108.154
2017-12-12 10:00:00,103.456
2017-12-12 09:45:00,97.905
2017-12-12 09:30:00,85.353
2017-12-12 09:15:00,78.713
2017-12-12 09:00:00,69.853
2017-12-12 08:45:00,51.655
2017-12-12 08:30:00,20.182
2017-12-12 08:15:00,26.466
2017-12-12 08:00:00,6.861
2017-12-12 07:45:00,-30.491
2017-12-12 07:30:00,-35.629
2017-12-12 07:15:00,-34.454
2017-12-12 07:00:00,-20.65
2017-12-12 06:45:00,-19.598
2017-12-12 06:30:00,-17.642
2017-12-12 06:15:00,-21.203
2017-12-12 06:00:00,-21.673
2017-12-12 05:45:00,-34.788
2017-12-12 05:30:00,-37.501
2017-12-12 05:15:00,-24.933
2017-12-12 05:00:00,-18.438
2017-12-12 04:45:00,-9.022
2017-12-12 04:30:00,-1.578
2017-12-12 04:15:00,-1.592
2017-12-12 04:00:00,-1.614
2017-12-12 03:45:00,-1.796
2017-12-12 03:30:00,-1.623
2017-12-12 03:15:00,-1.617
2017-12-12 03:00:00,-1.617
2017-12-12 02:45:00,-1.617
2017-12-12 02:30:00,-1.622
2017-12-12 02:15:00,-1.62
2017-12-12 02:00:00,-1.249
2017-12-12 01:45:00,-1.597
2017-12-12 01:30:00,-1.759
2017-12-12 01:15:00,-0.919
2017-12-12 01:00:00,-0.92
2017-12-12 00:45:00,-1.167
2017-12-12 00:30:00,-1.577
2017-12-12 00:15:00,-1.58
2017-12-12 00:00:00,-1.588
2017-12-11 23:45:00,-16.065
2017-12-11 23:30:00,-24.252
2017-12-11 23:15:00,-24.257
2017-12-11 23:00:00,-26.731
2017-12-11 22:45:00,-21.223
2017-12-11 22:30:00,-10.365
2017-12-11 22:15:00,-10.819
2017-12-11 22:00:00,-12.813
2017-12-11 21:45:00,-11.791
2017-12-11 21:30:00,-12.545
2017-12-11 21:15:00,-12.301
2017-12-11 21:00:00,-12.865
2017-12-11 20:45:00,-13.076
2017-12-11 20:30:00,-13.262
2017-12-11 20:15:00,-16.632
2017-12-11 20:00:00,-24.024
2017-12-11 19:45:00,-24.393
2017-12-11 19:30:00,-26.857
2017-12-11 19:15:00,-26.581
2017-12-11 19:00:00,-27.025
2017-12-11 18:45:00,-27.172
2017-12-11 18:30:00,-32.015
2017-12-11 18:15:00,-31.807
2017-12-11 18:00:00,-33.876
2017-12-11 17:45:00,-35.269
2017-12-11 17:30:00,-36.218
2017-12-11 17:15:00,-38.119
2017-12-11 17:00:00,-39.215
2017-12-11 16:45:00,-60.993
2017-12-11 16:30:00,-61.74
2017-12-11 16:15:00,-60.875
2017-12-11 16:00:00,-54.778
2017-12-11 15:45:00,-41.709
2017-12-11 15:30:00,-17.995
2017-12-11 15:15:00,-4.904
2017-12-11 15:00:00,-0.929
2017-12-11 14:45:00,-0.933
2017-12-11 14:30:00,-0.932
2017-12-11 14:15:00,-0.931
2017-12-11 14:00:00,-0.928
2017-12-11 13:45:00,-0.929
2017-12-11 13:30:00,-0.924
2017-12-11 13:15:00,-0.928
2017-12-11 13:00:00,-0.93
2017-12-11 12:45:00,-0.929
2017-12-11 12:30:00,-0.926
2017-12-11 12:15:00,-0.926
2017-12-11 12:00:00,-1.042
2017-12-11 11:45:00,79.869
2017-12-11 11:30:00,134.438
2017-12-11 11:15:00,132.724
2017-12-11 11:00:00,132.171
2017-12-11 10:45:00,129.796
2017-12-11 10:30:00,123.805
2017-12-11 10:15:00,120.681
2017-12-11 10:00:00,115.187
2017-12-11 09:45:00,109.501
2017-12-11 09:30:00,100.391
2017-12-11 09:15:00,93.013
2017-12-11 09:00:00,79.454
2017-12-11 08:45:00,63.557
2017-12-11 08:30:00,33.108
2017-12-11 08:15:00,15.172
2017-12-11 08:00:00,-8.377
2017-12-11 07:45:00,-36.24
2017-12-11 07:30:00,-42.112
2017-12-11 07:15:00,-20.964
2017-12-11 07:00:00,-28.215
2017-12-11 06:45:00,-23.516
2017-12-11 06:30:00,-23.696
2017-12-11 06:15:00,-24.711
2017-12-11 06:00:00,-23.642
2017-12-11 05:45:00,-32.79
2017-12-11 05:30:00,-41.696
2017-12-11 05:15:00,-39.626
2017-12-11 05:00:00,-24.522
2017-12-11 04:45:00,-22.413
2017-12-11 04:30:00,-23.19
2017-12-11 04:15:00,-19.617
2017-12-11 04:00:00,-4.083
2017-12-11 03:45:00,-2.276
2017-12-11 03:30:00,-3.384
2017-12-11 03:15:00,-2.94
2017-12-11 03:00:00,-3.967
2017-12-11 02:45:00,-2.569
2017-12-11 02:30:00,-3.975
2017-12-11 02:15:00,-3.201
2017-12-11 02:00:00,-3.27
2017-12-11 01:45:00,-2.683
2017-12-11 01:30:00,-16.02
2017-12-11 01:15:00,-31.651
2017-12-11 01:00:00,-29.27
2017-12-11 00:45:00,-15.566
2017-12-11 00:30:00,-17.864
2017-12-11 00:15:00,-16.045
2017-12-11 00:00:00,-18.627
2017-12-10 23:45:00,-17.048
2017-12-10 23:30:00,-19.143
2017-12-10 23:15:00,-15.898
2017-12-10 23:00:00,-17.919
2017-12-10 22:45:00,-15.698
2017-12-10 22:30:00,-18.578
2017-12-10 22:15:00,-16.312
2017-12-10 22:00:00,-18.25
2017-12-10 21:45:00,-16.356
2017-12-10 21:30:00,-18.419
2017-12-10 21:15:00,-18.273
2017-12-10 21:00:00,-18.186
2017-12-10 20:45:00,-17.418
2017-12-10 20:30:00,-19.494
2017-12-10 20:15:00,-17.653
2017-12-10 20:00:00,-18.178
2017-12-10 19:45:00,-18.179
2017-12-10 19:30:00,-17.853
2017-12-10 19:15:00,-17.787
2017-12-10 19:00:00,-21.063
2017-12-10 18:45:00,-19.969
2017-12-10 18:30:00,-21.053
2017-12-10 18:15:00,-20.615
2017-12-10 18:00:00,-20.292
2017-12-10 17:45:00,-21.36
2017-12-10 17:30:00,-21.347
2017-12-10 17:15:00,-22.736
2017-12-10 17:00:00,-20.974
2017-12-10 16:45:00,-22.019
2017-12-10 16:30:00,-13.142
2017-12-10 16:15:00,-9.204
2017-12-10 16:00:00,-1.755
2017-12-10 15:45:00,-0.926
2017-12-10 15:30:00,-0.924
2017-12-10 15:15:00,-0.923
2017-12-10 15:00:00,-0.922
2017-12-10 14:45:00,-0.922
2017-12-10 14:30:00,-0.92
2017-12-10 14:15:00,-0.919
2017-12-10 14:00:00,-0.922
2017-12-10 13:45:00,-0.925
2017-12-10 13:30:00,-0.921
2017-12-10 13:15:00,-0.92
2017-12-10 13:00:00,-0.92
2017-12-10 12:45:00,-0.919
2017-12-10 12:30:00,-0.92
2017-12-10 12:15:00,-1.074
2017-12-10 12:00:00,-2.126
2017-12-10 11:45:00,71.563
2017-12-10 11:30:00,113.308
2017-12-10 11:15:00,113.97
2017-12-10 11:00:00,119.331
2017-12-10 10:45:00,95.576
2017-12-10 10:30:00,127.302
2017-12-10 10:15:00,148.784
2017-12-10 10:00:00,149.098
2017-12-10 09:45:00,132.883
2017-12-10 09:30:00,116.116
2017-12-10 09:15:00,76.565
2017-12-10 09:00:00,82.928
2017-12-10 08:45:00,95.083
2017-12-10 08:30:00,51.295
2017-12-10 08:15:00,9.408
2017-12-10 08:00:00,-0.909
2017-12-10 07:45:00,-1.289
2017-12-10 07:30:00,-6.81
2017-12-10 07:15:00,-7.654
2017-12-10 07:00:00,-8.092
2017-12-10 06:45:00,-20.741
2017-12-10 06:30:00,-20.56
2017-12-10 06:15:00,-27.095
2017-12-10 06:00:00,-30.438
2017-12-10 05:45:00,-31.244
2017-12-10 05:30:00,-28.694
2017-12-10 05:15:00,-13.898
2017-12-10 05:00:00,-13.946
2017-12-10 04:45:00,-14.164
2017-12-10 04:30:00,-13.641
2017-12-10 04:15:00,-14.078
2017-12-10 04:00:00,-13.759
2017-12-10 03:45:00,-32.46
2017-12-10 03:30:00,-32.336
2017-12-10 03:15:00,-32.89
2017-12-10 03:00:00,-31.678
2017-12-10 02:45:00,-29.245
2017-12-10 02:30:00,-16.444
2017-12-10 02:15:00,-17.019
2017-12-10 02:00:00,-15.922
2017-12-10 01:45:00,-16.337
2017-12-10 01:30:00,-16.4
2017-12-10 01:15:00,-16.514
2017-12-10 01:00:00,-16.244
2017-12-10 00:45:00,-16.336
2017-12-10 00:30:00,-16.394
2017-12-10 00:15:00,-16.513
2017-12-10 00:00:00,-16.466
2017-12-09 23:45:00,-17.131
2017-12-09 23:30:00,-16.047
2017-12-09 23:15:00,-16.89
2017-12-09 23:00:00,-17.173
2017-12-09 22:45:00,-17.768
2017-12-09 22:30:00,-22.405
2017-12-09 22:15:00,-24.665
2017-12-09 22:00:00,-24.245
2017-12-09 21:45:00,-24.183
2017-12-09 21:30:00,-21.158
2017-12-09 21:15:00,-17.28
2017-12-09 21:00:00,-17.66
2017-12-09 20:45:00,-18.632
2017-12-09 20:30:00,-17.946
2017-12-09 20:15:00,-17.941
2017-12-09 20:00:00,-17.994
2017-12-09 19:45:00,-18.368
2017-12-09 19:30:00,-18.955
2017-12-09 19:15:00,-18.43
2017-12-09 19:00:00,-20.795
2017-12-09 18:45:00,-20.2
2017-12-09 18:30:00,-21.536
2017-12-09 18:15:00,-20.932
2017-12-09 18:00:00,-21.368
2017-12-09 17:45:00,-21.144
2017-12-09 17:30:00,-21.861
2017-12-09 17:15:00,-21.692
2017-12-09 17:00:00,-23.029
2017-12-09 16:45:00,-22.188
2017-12-09 16:30:00,-16.051
2017-12-09 16:15:00,-14.067
2017-12-09 16:00:00,-14.062
2017-12-09 15:45:00,-4.33
2017-12-09 15:30:00,-1.541
2017-12-09 15:15:00,-0.923
2017-12-09 15:00:00,-0.92
2017-12-09 14:45:00,-0.919
2017-12-09 14:30:00,-0.918
2017-12-09 14:15:00,-0.918
2017-12-09 14:00:00,-0.918
2017-12-09 13:45:00,-0.919
2017-12-09 13:30:00,-0.918
2017-12-09 13:15:00,-0.917
2017-12-09 13:00:00,-0.917
2017-12-09 12:45:00,-0.916
2017-12-09 12:30:00,-0.916
2017-12-09 12:15:00,-0.915
2017-12-09 12:00:00,30.441
2017-12-09 11:45:00,65.546
2017-12-09 11:30:00,80.366
2017-12-09 11:15:00,85.121
2017-12-09 11:00:00,93.194
2017-12-09 10:45:00,94.71
2017-12-09 10:30:00,130.473
2017-12-09 10:15:00,132.271
2017-12-09 10:00:00,135.382
2017-12-09 09:45:00,126.166
2017-12-09 09:30:00,123.159
2017-12-09 09:15:00,116.782
2017-12-09 09:00:00,108.119
2017-12-09 08:45:00,87.352
2017-12-09 08:30:00,71.609
2017-12-09 08:15:00,42.387
2017-12-09 08:00:00,16.378
2017-12-09 07:45:00,5.949
2017-12-09 07:30:00,-1.238
2017-12-09 07:15:00,-8.544
2017-12-09 07:00:00,-12.01
2017-12-09 06:45:00,-16.003
2017-12-09 06:30:00,-14.03
2017-12-09 06:15:00,-18.945
2017-12-09 06:00:00,-19.687
2017-12-09 05:45:00,-20.799
2017-12-09 05:30:00,-19.545
2017-12-09 05:15:00,-15.641
2017-12-09 05:00:00,-2.845
2017-12-09 04:45:00,-2.178
2017-12-09 04:30:00,-2.285
2017-12-09 04:15:00,-8.616
2017-12-09 04:00:00,-21.744
2017-12-09 03:45:00,-23.681
2017-12-09 03:30:00,-27.821
2017-12-09 03:15:00,-27.763
2017-12-09 03:00:00,-27.28
2017-12-09 02:45:00,-11.404
2017-12-09 02:30:00,-11.458
2017-12-09 02:15:00,-11.41
2017-12-09 02:00:00,-10.704
2017-12-09 01:45:00,-11.495
2017-12-09 01:30:00,-10.22
2017-12-09 01:15:00,-12.106
2017-12-09 01:00:00,-9.59
2017-12-09 00:45:00,-11.882
2017-12-09 00:30:00,-10.801
2017-12-09 00:15:00,-12.517
2017-12-09 00:00:00,-10.772
2017-12-08 23:45:00,-12.059
2017-12-08 23:30:00,-10.784
2017-12-08 23:15:00,-12.129
2017-12-08 23:00:00,-10.903
2017-12-08 22:45:00,-12.435
2017-12-08 22:30:00,-11.405
2017-12-08 22:15:00,-11.478
2017-12-08 22:00:00,-12.232
2017-12-08 21:45:00,-12.459
2017-12-08 21:30:00,-11.856
2017-12-08 21:15:00,-12.117
2017-12-08 21:00:00,-11.743
2017-12-08 20:45:00,-12.285
2017-12-08 20:30:00,-16.09
2017-12-08 20:15:00,-26.233
2017-12-08 20:00:00,-32.352
2017-12-08 19:45:00,-33.01
2017-12-08 19:30:00,-32.862
2017-12-08 19:15:00,-33.365
2017-12-08 19:00:00,-33.144
2017-12-08 18:45:00,-35.26
2017-12-08 18:30:00,-34.339
2017-12-08 18:15:00,-36.309
2017-12-08 18:00:00,-35.629
2017-12-08 17:45:00,-38.181
2017-12-08 17:30:00,-38.13
2017-12-08 17:15:00,-39.626
2017-12-08 17:00:00,-36.234
2017-12-08 16:45:00,-41.231
2017-12-08 16:30:00,-37.07
2017-12-08 16:15:00,-29.896
2017-12-08 16:00:00,-36.502
2017-12-08 15:45:00,-26.88
2017-12-08 15:30:00,-24.162
2017-12-08 15:15:00,-14.093
2017-12-08 15:00:00,-0.939
2017-12-08 14:45:00,-0.937
2017-12-08 14:30:00,-0.934
2017-12-08 14:15:00,-0.932
2017-12-08 14:00:00,-0.931
2017-12-08 13:45:00,-0.931
2017-12-08 13:30:00,-0.928
2017-12-08 13:15:00,-0.925
2017-12-08 13:00:00,-0.924
2017-12-08 12:45:00,-0.927
2017-12-08 12:30:00,-0.927
2017-12-08 12:15:00,50.157
2017-12-08 12:00:00,122.256
2017-12-08 11:45:00,124.475
2017-12-08 11:30:00,107.576
2017-12-08 11:15:00,110.241
2017-12-08 11:00:00,103.676
2017-12-08 10:45:00,102.341
2017-12-08 10:30:00,100.429
2017-12-08 10:15:00,105.122
2017-12-08 10:00:00,102.464
2017-12-08 09:45:00,104.805
2017-12-08 09:30:00,106.509
2017-12-08 09:15:00,94.313
2017-12-08 09:00:00,85.047
2017-12-08 08:45:00,69.771
2017-12-08 08:30:00,40.731
2017-12-08 08:15:00,12.614
2017-12-08 08:00:00,4.095
2017-12-08 07:45:00,-27.454
2017-12-08 07:30:00,-15.287
2017-12-08 07:15:00,-12.067
2017-12-08 07:00:00,-20.87
2017-12-08 06:45:00,-17.593
2017-12-08 06:30:00,-11.243
2017-12-08 06:15:00,-15.533
2017-12-08 06:00:00,-17.722
2017-12-08 05:45:00,-20.535
2017-12-08 05:30:00,-18.227
2017-12-08 05:15:00,-6.284
2017-12-08 05:00:00,-2.464
2017-12-08 04:45:00,-1.537
2017-12-08 04:30:00,-1.535
2017-12-08 04:15:00,-2.751
2017-12-08 04:00:00,-10.674
2017-12-08 03:45:00,-10.255
2017-12-08 03:30:00,-15.129
2017-12-08 03:15:00,-15.902
2017-12-08 03:00:00,-20.542
2017-12-08 02:45:00,-7.806
2017-12-08 02:30:00,-5.508
2017-12-08 02:15:00,-5.429
2017-12-08 02:00:00,-5.562
2017-12-08 01:45:00,-5.385
2017-12-08 01:30:00,-5.644
2017-12-08 01:15:00,-6.822
2017-12-08 01:00:00,-6.105
2017-12-08 00:45:00,-6.916
2017-12-08 00:30:00,-6.909
2017-12-08 00:15:00,-5.437
2017-12-08 00:00:00,-7.545
2017-12-07 23:45:00,-6.393
2017-12-07 23:30:00,-7.505
2017-12-07 23:15:00,-7.345
2017-12-07 23:00:00,-8.422
2017-12-07 22:45:00,-8.127
2017-12-07 22:30:00,-8.2
2017-12-07 22:15:00,-9.443
2017-12-07 22:00:00,-8.731
2017-12-07 21:45:00,-8.321
2017-12-07 21:30:00,-9.957
2017-12-07 21:15:00,-10.907
2017-12-07 21:00:00,-11.076
2017-12-07 20:45:00,-9.411
2017-12-07 20:30:00,-11.874
2017-12-07 20:15:00,-15.689
2017-12-07 20:00:00,-27.675
2017-12-07 19:45:00,-28.374
2017-12-07 19:30:00,-30.233
2017-12-07 19:15:00,-31.673
2017-12-07 19:00:00,-32.842
2017-12-07 18:45:00,-31.949
2017-12-07 18:30:00,-32.836
2017-12-07 18:15:00,-35.281
2017-12-07 18:00:00,-35.778
2017-12-07 17:45:00,-36.863
2017-12-07 17:30:00,-38.022
2017-12-07 17:15:00,-42.505
2017-12-07 17:00:00,-48.97
2017-12-07 16:45:00,-55.846
2017-12-07 16:30:00,-51.125
2017-12-07 16:15:00,-51.594
2017-12-07 16:00:00,-49.981
2017-12-07 15:45:00,-47.782
2017-12-07 15:30:00,-27.287
2017-12-07 15:15:00,-1.655
2017-12-07 15:00:00,-0.936
2017-12-07 14:45:00,-0.935
2017-12-07 14:30:00,-0.933
2017-12-07 14:15:00,-0.931
2017-12-07 14:00:00,-0.93
2017-12-07 13:45:00,-0.926
2017-12-07 13:30:00,-0.928
2017-12-07 13:15:00,-0.928
2017-12-07 13:00:00,-0.928
2017-12-07 12:45:00,-0.93
2017-12-07 12:30:00,-0.934
2017-12-07 12:15:00,-0.928
2017-12-07 12:00:00,-0.924
2017-12-07 11:45:00,-0.922
2017-12-07 11:30:00,-0.923
2017-12-07 11:15:00,-0.923
2017-12-07 11:00:00,-0.922
2017-12-07 10:45:00,-0.92
2017-12-07 10:30:00,-0.92
2017-12-07 10:15:00,-0.919
2017-12-07 10:00:00,-0.921
2017-12-07 09:45:00,-0.921
2017-12-07 09:30:00,-0.919
2017-12-07 09:15:00,-0.92
2017-12-07 09:00:00,-0.89
2017-12-07 08:45:00,82.499
2017-12-07 08:30:00,55.254
2017-12-07 08:15:00,27.394
2017-12-07 08:00:00,-0.861
2017-12-07 07:45:00,-24.592
2017-12-07 07:30:00,-10.051
2017-12-07 07:15:00,-1.822
2017-12-07 07:00:00,-0.965
2017-12-07 06:45:00,-2.461
2017-12-07 06:30:00,-14.976
2017-12-07 06:15:00,-14.511
2017-12-07 06:00:00,-14.452
2017-12-07 05:45:00,-16.42
2017-12-07 05:30:00,-14.556
2017-12-07 05:15:00,-12.83
2017-12-07 05:00:00,1.56
2017-12-07 04:45:00,1.661
2017-12-07 04:30:00,1.996
2017-12-07 04:15:00,7.167
2017-12-07 04:00:00,1.191
2017-12-07 03:45:00,-0.923
2017-12-07 03:30:00,-1.054
2017-12-07 03:15:00,-2.168
2017-12-07 03:00:00,-2.171
2017-12-07 02:45:00,0.619
2017-12-07 02:30:00,1.993
2017-12-07 02:15:00,1.964
2017-12-07 02:00:00,1.789
2017-12-07 01:45:00,1.745
2017-12-07 01:30:00,2.159
2017-12-07 01:15:00,-0.318
2017-12-07 01:00:00,0.968
2017-12-07 00:45:00,1.988
2017-12-07 00:30:00,1.899
2017-12-07 00:15:00,2.032
2017-12-07 00:00:00,2.449
2017-12-06 23:45:00,2.808
2017-12-06 23:30:00,5.131
2017-12-06 23:15:00,10.478
2017-12-06 23:00:00,13.006
2017-12-06 22:45:00,11.197
2017-12-06 22:30:00,12.5
2017-12-06 22:15:00,11.008
2017-12-06 22:00:00,11.562
2017-12-06 21:45:00,11.508
2017-12-06 21:30:00,11.937
2017-12-06 21:15:00,12.425
2017-12-06 21:00:00,10.716
2017-12-06 20:45:00,12.293
2017-12-06 20:30:00,11.356
2017-12-06 20:15:00,8.725
2017-12-06 20:00:00,-0.928
2017-12-06 19:45:00,-0.927
2017-12-06 19:30:00,-0.926
2017-12-06 19:15:00,-0.925
2017-12-06 19:00:00,-0.935
2017-12-06 18:45:00,-0.934
2017-12-06 18:30:00,-0.934
2017-12-06 18:15:00,-11.053
2017-12-06 18:00:00,-4.227
2017-12-06 17:45:00,-25.535
2017-12-06 17:30:00,-26.354
2017-12-06 17:15:00,-17.111
2017-12-06 17:00:00,-3.489
2017-12-06 16:45:00,-4.194
2017-12-06 16:30:00,-7.307
2017-12-06 16:15:00,-7.682
2017-12-06 16:00:00,-5.105
2017-12-06 15:45:00,-0.928
2017-12-06 15:30:00,-0.93
2017-12-06 15:15:00,-0.933
2017-12-06 15:00:00,-0.935
2017-12-06 14:45:00,-0.934
2017-12-06 14:30:00,-0.932
2017-12-06 14:15:00,-0.171
2017-12-06 14:00:00,-0.932
2017-12-06 13:45:00,-0.929
2017-12-06 13:30:00,-0.922
2017-12-06 13:15:00,-0.923
2017-12-06 13:00:00,-0.924
2017-12-06 12:45:00,-0.27
2017-12-06 12:30:00,-0.92
2017-12-06 12:15:00,-0.917
2017-12-06 12:00:00,-0.914
2017-12-06 11:45:00,-0.397
2017-12-06 11:30:00,-0.912
2017-12-06 11:15:00,-0.913
2017-12-06 11:00:00,-0.91
2017-12-06 10:45:00,0.051
2017-12-06 10:30:00,-0.91
2017-12-06 10:15:00,-0.22
2017-12-06 10:00:00,0.444
2017-12-06 09:45:00,-0.916
2017-12-06 09:30:00,-0.917
2017-12-06 09:15:00,57.916
2017-12-06 09:00:00,74.951
2017-12-06 08:45:00,60.692
2017-12-06 08:30:00,35.6
2017-12-06 08:15:00,7.204
2017-12-06 08:00:00,-1.752
2017-12-06 07:45:00,-20.715
2017-12-06 07:30:00,-29.461
2017-12-06 07:15:00,-23.487
2017-12-06 07:00:00,-21.024
2017-12-06 06:45:00,-21.874
2017-12-06 06:30:00,-13.315
2017-12-06 06:15:00,-18.048
2017-12-06 06:00:00,-15.556
2017-12-06 05:45:00,-17.821
2017-12-06 05:30:00,-17.693
2017-12-06 05:15:00,-5.376
2017-12-06 05:00:00,-0.909
2017-12-06 04:45:00,-0.907
2017-12-06 04:30:00,-0.904
2017-12-06 04:15:00,-0.907
2017-12-06 04:00:00,-0.909
2017-12-06 03:45:00,-0.91
2017-12-06 03:30:00,-0.91
2017-12-06 03:15:00,-0.91
2017-12-06 03:00:00,-0.91
2017-12-06 02:45:00,-0.909
2017-12-06 02:30:00,-0.908
2017-12-06 02:15:00,-0.907
2017-12-06 02:00:00,-0.909
2017-12-06 01:45:00,-0.913
2017-12-06 01:30:00,-0.911
2017-12-06 01:15:00,-0.912
2017-12-06 01:00:00,-0.914
2017-12-06 00:45:00,-0.912
2017-12-06 00:30:00,-0.911
2017-12-06 00:15:00,-0.911
2017-12-06 00:00:00,-0.912
2017-12-05 23:45:00,-0.911
2017-12-05 23:30:00,-0.908
2017-12-05 23:15:00,-0.914
2017-12-05 23:00:00,-0.914
2017-12-05 22:45:00,-0.911
2017-12-05 22:30:00,-0.921
2017-12-05 22:15:00,-0.924
2017-12-05 22:00:00,-0.921
2017-12-05 21:45:00,-0.918
2017-12-05 21:30:00,-0.924
2017-12-05 21:15:00,-0.926
2017-12-05 21:00:00,-0.923
2017-12-05 20:45:00,-0.921
2017-12-05 20:30:00,-0.922
2017-12-05 20:15:00,-0.984
2017-12-05 20:00:00,-0.919
2017-12-05 19:45:00,-1.181
2017-12-05 19:30:00,-1.443
2017-12-05 19:15:00,-5.032
2017-12-05 19:00:00,-1.453
2017-12-05 18:45:00,-0.978
2017-12-05 18:30:00,-5.301
2017-12-05 18:15:00,-7.727
2017-12-05 18:00:00,-7.163
2017-12-05 17:45:00,-6.286
2017-12-05 17:30:00,-9.002
2017-12-05 17:15:00,-8.01
2017-12-05 17:00:00,-0.922
2017-12-05 16:45:00,-0.917
2017-12-05 16:30:00,-5.534
2017-12-05 16:15:00,-2.214
2017-12-05 16:00:00,-0.93
2017-12-05 15:45:00,-0.929
2017-12-05 15:30:00,-0.928
2017-12-05 15:15:00,-0.931
2017-12-05 15:00:00,-0.928
2017-12-05 14:45:00,-0.927
2017-12-05 14:30:00,-0.927
2017-12-05 14:15:00,-0.923
2017-12-05 14:00:00,-0.921
2017-12-05 13:45:00,-0.919
2017-12-05 13:30:00,-0.919
2017-12-05 13:15:00,-0.92
2017-12-05 13:00:00,-0.921
2017-12-05 12:45:00,-0.92
2017-12-05 12:30:00,-0.917
2017-12-05 12:15:00,-0.849
2017-12-05 12:00:00,111.842
2017-12-05 11:45:00,139.691
2017-12-05 11:30:00,141.089
2017-12-05 11:15:00,146.181
2017-12-05 11:00:00,147.167
2017-12-05 10:45:00,144.456
2017-12-05 10:30:00,116.182
2017-12-05 10:15:00,85.155
2017-12-05 10:00:00,101.119
2017-12-05 09:45:00,94.86
2017-12-05 09:30:00,53.117
2017-12-05 09:15:00,72.293
2017-12-05 09:00:00,74.083
2017-12-05 08:45:00,75.188
2017-12-05 08:30:00,47.478
2017-12-05 08:15:00,16.265
2017-12-05 08:00:00,-11.213
2017-12-05 07:45:00,-33.198
2017-12-05 07:30:00,-38.82
2017-12-05 07:15:00,-40.982
2017-12-05 07:00:00,-37.961
2017-12-05 06:45:00,-37.458
2017-12-05 06:30:00,-37.289
2017-12-05 06:15:00,-39.034
2017-12-05 06:00:00,-40.145
2017-12-05 05:45:00,-40.076
2017-12-05 05:30:00,-40.278
2017-12-05 05:15:00,-23.747
2017-12-05 05:00:00,-19.257
2017-12-05 04:45:00,-16.441
2017-12-05 04:30:00,-17.916
2017-12-05 04:15:00,-17.256
2017-12-05 04:00:00,-9.842
2017-12-05 03:45:00,-1.276
2017-12-05 03:30:00,-1.674
2017-12-05 03:15:00,-1.674
2017-12-05 03:00:00,-16.636
2017-12-05 02:45:00,-16.684
2017-12-05 02:30:00,-16.562
2017-12-05 02:15:00,-15.689
2017-12-05 02:00:00,-16.26
2017-12-05 01:45:00,-9.614
2017-12-05 01:30:00,-1.051
2017-12-05 01:15:00,-1.737
2017-12-05 01:00:00,-1.745
2017-12-05 00:45:00,-1.745
2017-12-05 00:30:00,-1.733
2017-12-05 00:15:00,-1.763
2017-12-05 00:00:00,-1.204
2017-12-04 23:45:00,-0.927
2017-12-04 23:30:00,-0.924
2017-12-04 23:15:00,-0.923
2017-12-04 23:00:00,-0.926
2017-12-04 22:45:00,-0.925
2017-12-04 22:30:00,-1.123
2017-12-04 22:15:00,-1.721
2017-12-04 22:00:00,-1.719
2017-12-04 21:45:00,-1.717
2017-12-04 21:30:00,-1.303
2017-12-04 21:15:00,-0.919
2017-12-04 21:00:00,-1.504
2017-12-04 20:45:00,-0.919
2017-12-04 20:30:00,-1.879
2017-12-04 20:15:00,-11.644
2017-12-04 20:00:00,-26.989
2017-12-04 19:45:00,-27.378
2017-12-04 19:30:00,-28.414
2017-12-04 19:15:00,-28.716
2017-12-04 19:00:00,-28.994
2017-12-04 18:45:00,-27.778
2017-12-04 18:30:00,-43.756
2017-12-04 18:15:00,-50.245
2017-12-04 18:00:00,-48.792
2017-12-04 17:45:00,-51.057
2017-12-04 17:30:00,-49.635
2017-12-04 17:15:00,-37.561
2017-12-04 17:00:00,-32.544
2017-12-04 16:45:00,-38.69
2017-12-04 16:30:00,-31.792
2017-12-04 16:15:00,-19.789
2017-12-04 16:00:00,-23.24
2017-12-04 15:45:00,-19.616
2017-12-04 15:30:00,-10.935
2017-12-04 15:15:00,-0.476
2017-12-04 15:00:00,-0.934
2017-12-04 14:45:00,-0.932
2017-12-04 14:30:00,0.503
2017-12-04 14:15:00,1.198
2017-12-04 14:00:00,1.444
2017-12-04 13:45:00,1.305
2017-12-04 13:30:00,1.371
2017-12-04 13:15:00,2.182
2017-12-04 13:00:00,0.778
2017-12-04 12:45:00,104.068
2017-12-04 12:30:00,120.979
2017-12-04 12:15:00,89.328
2017-12-04 12:00:00,113.21
2017-12-04 11:45:00,113.876
2017-12-04 11:30:00,26.781
2017-12-04 11:15:00,23.568
2017-12-04 11:00:00,49.543
2017-12-04 10:45:00,64.223
2017-12-04 10:30:00,65.981
2017-12-04 10:15:00,50.165
2017-12-04 10:00:00,55.038
2017-12-04 09:45:00,58.539
2017-12-04 09:30:00,75.167
2017-12-04 09:15:00,59.207
2017-12-04 09:00:00,54.258
2017-12-04 08:45:00,45.682
2017-12-04 08:30:00,16.95
2017-12-04 08:15:00,-3.82
2017-12-04 08:00:00,-11.664
2017-12-04 07:45:00,-40.888
2017-12-04 07:30:00,-62.535
2017-12-04 07:15:00,-51.368
2017-12-04 07:00:00,-47.016
2017-12-04 06:45:00,-45.666
2017-12-04 06:30:00,-28.495
2017-12-04 06:15:00,-32.297
2017-12-04 06:00:00,-32.451
2017-12-04 05:45:00,-44.414
2017-12-04 05:30:00,-47.252
2017-12-04 05:15:00,-25.214
2017-12-04 05:00:00,-8.659
2017-12-04 04:45:00,-6.061
2017-12-04 04:30:00,-6.389
2017-12-04 04:15:00,-7.403
2017-12-04 04:00:00,-5.462
2017-12-04 03:45:00,-5.451
2017-12-04 03:30:00,-6.106
2017-12-04 03:15:00,-6.842
2017-12-04 03:00:00,-5.598
2017-12-04 02:45:00,-8.667
2017-12-04 02:30:00,-5.249
2017-12-04 02:15:00,-6.551
2017-12-04 02:00:00,-7.095
2017-12-04 01:45:00,-6.528
2017-12-04 01:30:00,-7.257
2017-12-04 01:15:00,-5.869
2017-12-04 01:00:00,-7.837
2017-12-04 00:45:00,-7.957
2017-12-04 00:30:00,-6.659
2017-12-04 00:15:00,-7.24
2017-12-04 00:00:00,-5.68
2017-12-03 23:45:00,-6.371
2017-12-03 23:30:00,-8.497
2017-12-03 23:15:00,-7.464
2017-12-03 23:00:00,-10.141
2017-12-03 22:45:00,-12.077
2017-12-03 22:30:00,-10.492
2017-12-03 22:15:00,-8.182
2017-12-03 22:00:00,-10.18
2017-12-03 21:45:00,-6.97
2017-12-03 21:30:00,-8.92
2017-12-03 21:15:00,-7.874
2017-12-03 21:00:00,-9.36
2017-12-03 20:45:00,-10.111
2017-12-03 20:30:00,-7.106
2017-12-03 20:15:00,-8.877
2017-12-03 20:00:00,-10.091
2017-12-03 19:45:00,-12.233
2017-12-03 19:30:00,-15.714
2017-12-03 19:15:00,-12.392
2017-12-03 19:00:00,-13.44
2017-12-03 18:45:00,-12.978
2017-12-03 18:30:00,-14.513
2017-12-03 18:15:00,-13.997
2017-12-03 18:00:00,-15.436
2017-12-03 17:45:00,-14.185
2017-12-03 17:30:00,-12.906
2017-12-03 17:15:00,-17.014
2017-12-03 17:00:00,-15.167
2017-12-03 16:45:00,-17.604
2017-12-03 16:30:00,-5.881
2017-12-03 16:15:00,-3.356
2017-12-03 16:00:00,-1.423
2017-12-03 15:45:00,-0.918
2017-12-03 15:30:00,-0.918
2017-12-03 15:15:00,-0.374
2017-12-03 15:00:00,-0.505
2017-12-03 14:45:00,-0.925
2017-12-03 14:30:00,-0.924
2017-12-03 14:15:00,-0.922
2017-12-03 14:00:00,-0.011
2017-12-03 13:45:00,-0.93
2017-12-03 13:30:00,-0.29
2017-12-03 13:15:00,-0.926
2017-12-03 13:00:00,-0.926
2017-12-03 12:45:00,-0.959
2017-12-03 12:30:00,0.234
2017-12-03 12:15:00,0.006
2017-12-03 12:00:00,0.074
2017-12-03 11:45:00,-0.92
2017-12-03 11:30:00,1.682
2017-12-03 11:15:00,2.133
2017-12-03 11:00:00,2.79
2017-12-03 10:45:00,80.859
2017-12-03 10:30:00,114.522
2017-12-03 10:15:00,90.928
2017-12-03 10:00:00,70.765
2017-12-03 09:45:00,78.203
2017-12-03 09:30:00,62.536
2017-12-03 09:15:00,59.578
2017-12-03 09:00:00,43.692
2017-12-03 08:45:00,22.524
2017-12-03 08:30:00,19.588
2017-12-03 08:15:00,50.426
2017-12-03 08:00:00,16.327
2017-12-03 07:45:00,3.923
2017-12-03 07:30:00,14.407
2017-12-03 07:15:00,0.496
2017-12-03 07:00:00,-1.81
2017-12-03 06:45:00,-1.731
2017-12-03 06:30:00,-3.039
2017-12-03 06:15:00,-4.704
2017-12-03 06:00:00,-8.787
2017-12-03 05:45:00,-8.29
2017-12-03 05:30:00,-6.938
2017-12-03 05:15:00,-7.846
2017-12-03 05:00:00,-9.851
2017-12-03 04:45:00,-6.014
2017-12-03 04:30:00,-7.762
2017-12-03 04:15:00,-8.123
2017-12-03 04:00:00,-9.533
2017-12-03 03:45:00,-6.694
2017-12-03 03:30:00,-8.242
2017-12-03 03:15:00,-8.958
2017-12-03 03:00:00,-8.978
2017-12-03 02:45:00,-8.034
2017-12-03 02:30:00,-9.257
2017-12-03 02:15:00,-7.135
2017-12-03 02:00:00,-8.568
2017-12-03 01:45:00,-10.355
2017-12-03 01:30:00,-7.188
2017-12-03 01:15:00,-8.814
2017-12-03 01:00:00,-7.371
2017-12-03 00:45:00,-7.413
2017-12-03 00:30:00,-8.243
2017-12-03 00:15:00,-6.017
2017-12-03 00:00:00,-9.472
2017-12-02 23:45:00,-7.776
2017-12-02 23:30:00,-8.228
2017-12-02 23:15:00,-10.319
2017-12-02 23:00:00,-8.133
2017-12-02 22:45:00,-7.692
2017-12-02 22:30:00,-8.794
2017-12-02 22:15:00,-8.177
2017-12-02 22:00:00,-11.222
2017-12-02 21:45:00,-11.688
2017-12-02 21:30:00,-12.663
2017-12-02 21:15:00,-14.665
2017-12-02 21:00:00,-13.497
2017-12-02 20:45:00,-14.03
2017-12-02 20:30:00,-14.795
2017-12-02 20:15:00,-14.284
2017-12-02 20:00:00,-15.369
2017-12-02 19:45:00,-15.713
2017-12-02 19:30:00,-15.863
2017-12-02 19:15:00,-12.7
2017-12-02 19:00:00,-16.337
2017-12-02 18:45:00,-15.319
2017-12-02 18:30:00,-17.232
2017-12-02 18:15:00,-15.49
2017-12-02 18:00:00,-16.758
2017-12-02 17:45:00,-17.027
2017-12-02 17:30:00,-17.444
2017-12-02 17:15:00,-17.513
2017-12-02 17:00:00,-17.547
2017-12-02 16:45:00,-18.445
2017-12-02 16:30:00,-8.236
2017-12-02 16:15:00,-1.688
2017-12-02 16:00:00,-0.929
2017-12-02 15:45:00,-0.929
2017-12-02 15:30:00,-0.928
2017-12-02 15:15:00,-0.928
2017-12-02 15:00:00,-0.927
2017-12-02 14:45:00,-0.925
2017-12-02 14:30:00,-0.927
2017-12-02 14:15:00,-0.926
2017-12-02 14:00:00,-0.925
2017-12-02 13:45:00,-0.926
2017-12-02 13:30:00,-0.926
2017-12-02 13:15:00,-0.925
2017-12-02 13:00:00,-0.925
2017-12-02 12:45:00,-0.925
2017-12-02 12:30:00,-0.923
2017-12-02 12:15:00,-0.922
2017-12-02 12:00:00,-0.922
2017-12-02 11:45:00,-1.056
2017-12-02 11:30:00,63.317
2017-12-02 11:15:00,151.442
2017-12-02 11:00:00,149.137
2017-12-02 10:45:00,148.827
2017-12-02 10:30:00,135.778
2017-12-02 10:15:00,133.571
2017-12-02 10:00:00,136.853
2017-12-02 09:45:00,128.106
2017-12-02 09:30:00,122.288
2017-12-02 09:15:00,114.837
2017-12-02 09:00:00,104.959
2017-12-02 08:45:00,94.795
2017-12-02 08:30:00,76.538
2017-12-02 08:15:00,41.474
2017-12-02 08:00:00,32.551
2017-12-02 07:45:00,7.364
2017-12-02 07:30:00,-9.028
2017-12-02 07:15:00,-16.163
2017-12-02 07:00:00,-16.893
2017-12-02 06:45:00,-8.264
2017-12-02 06:30:00,-1.705
2017-12-02 06:15:00,-4.142
2017-12-02 06:00:00,-6.3
2017-12-02 05:45:00,-9.677
2017-12-02 05:30:00,-9.371
2017-12-02 05:15:00,-10.095
2017-12-02 05:00:00,-8.959
2017-12-02 04:45:00,-9.503
2017-12-02 04:30:00,-8.852
2017-12-02 04:15:00,-11.174
2017-12-02 04:00:00,-10.086
2017-12-02 03:45:00,-10.531
2017-12-02 03:30:00,-9.138
2017-12-02 03:15:00,-11.586
2017-12-02 03:00:00,-10.157
2017-12-02 02:45:00,-10.964
2017-12-02 02:30:00,-10.227
2017-12-02 02:15:00,-13.456
2017-12-02 02:00:00,-13.446
2017-12-02 01:45:00,-15.428
2017-12-02 01:30:00,-12.792
2017-12-02 01:15:00,-14.591
2017-12-02 01:00:00,-12.679
2017-12-02 00:45:00,-16.596
2017-12-02 00:30:00,-13.776
2017-12-02 00:15:00,-15.311
2017-12-02 00:00:00,-15.409
2017-12-01 23:45:00,-15.504
2017-12-01 23:30:00,-17.214
2017-12-01 23:15:00,-16.494
2017-12-01 23:00:00,-16.869
2017-12-01 22:45:00,-16.782
2017-12-01 22:30:00,-17.225
2017-12-01 22:15:00,-17.477
2017-12-01 22:00:00,-17.646
2017-12-01 21:45:00,-18.716
2017-12-01 21:30:00,-18.963
2017-12-01 21:15:00,-19.687
2017-12-01 21:00:00,-20.069
2017-12-01 20:45:00,-20.563
2017-12-01 20:30:00,-21.874
2017-12-01 20:15:00,-25.535
2017-12-01 20:00:00,-33.876
2017-12-01 19:45:00,-35.082
2017-12-01 19:30:00,-32.984
2017-12-01 19:15:00,-34.981
2017-12-01 19:00:00,-34.232
2017-12-01 18:45:00,-35.46
2017-12-01 18:30:00,-34.797
2017-12-01 18:15:00,-35.421
2017-12-01 18:00:00,-36.474
2017-12-01 17:45:00,-37.945
2017-12-01 17:30:00,-40.978
2017-12-01 17:15:00,-42.135
2017-12-01 17:00:00,-38.754
2017-12-01 16:45:00,-39.968
2017-12-01 16:30:00,-46.668
2017-12-01 16:15:00,-49.894
2017-12-01 16:00:00,-51.864
2017-12-01 15:45:00,-43.308
2017-12-01 15:30:00,-21.726
2017-12-01 15:15:00,-12.644
2017-12-01 15:00:00,-0.943
2017-12-01 14:45:00,-0.943
2017-12-01 14:30:00,-0.942
2017-12-01 14:15:00,-0.943
2017-12-01 14:00:00,-0.94
2017-12-01 13:45:00,-0.94
2017-12-01 13:30:00,-0.939
2017-12-01 13:15:00,-0.942
2017-12-01 13:00:00,-0.943
2017-12-01 12:45:00,-0.943
2017-12-01 12:30:00,-0.935
2017-12-01 12:15:00,65.621
2017-12-01 12:00:00,131.344
2017-12-01 11:45:00,135.231
2017-12-01 11:30:00,130.783
2017-12-01 11:15:00,125.372
2017-12-01 11:00:00,122.201
2017-12-01 10:45:00,116.769
2017-12-01 10:30:00,118.447
2017-12-01 10:15:00,114.14
2017-12-01 10:00:00,111.582
2017-12-01 09:45:00,104.653
2017-12-01 09:30:00,97.166
2017-12-01 09:15:00,85.222
2017-12-01 09:00:00,77.838
2017-12-01 08:45:00,65.927
2017-12-01 08:30:00,48.013
2017-12-01 08:15:00,11.106
2017-12-01 08:00:00,-8.254
2017-12-01 07:45:00,-27.933
2017-12-01 07:30:00,-26.597
2017-12-01 07:15:00,-2.996
2017-12-01 07:00:00,-0.925
2017-12-01 06:45:00,-0.931
2017-12-01 06:30:00,-4.585
2017-12-01 06:15:00,-12.96
2017-12-01 06:00:00,-15.121
2017-12-01 05:45:00,-14.754
2017-12-01 05:30:00,-9.898
2017-12-01 05:15:00,-6.874
2017-12-01 05:00:00,-1.876
2017-12-01 04:45:00,-0.995
2017-12-01 04:30:00,-2.946
2017-12-01 04:15:00,-7.584
2017-12-01 04:00:00,-7.777
2017-12-01 03:45:00,-8.528
2017-12-01 03:30:00,-1.35
2017-12-01 03:15:00,-0.919
2017-12-01 03:00:00,-0.921
2017-12-01 02:45:00,-0.921
2017-12-01 02:30:00,-1.21
2017-12-01 02:15:00,-1.935
2017-12-01 02:00:00,-9.708
2017-12-01 01:45:00,-13.442
2017-12-01 01:30:00,-16.225
2017-12-01 01:15:00,-3.32
2017-12-01 01:00:00,-2.78
2017-12-01 00:45:00,-2.897
2017-12-01 00:30:00,-4.254
2017-12-01 00:15:00,-3.347
2017-12-01 00:00:00,9.257
2017-11-30 23:45:00,10.185
2017-11-30 23:30:00,10.174
2017-11-30 23:15:00,9.649
2017-11-30 23:00:00,9.003
2017-11-30 22:45:00,10.201
2017-11-30 22:30:00,8.782
2017-11-30 22:15:00,9.571
2017-11-30 22:00:00,9.972
2017-11-30 21:45:00,7.244
2017-11-30 21:30:00,8.865
2017-11-30 21:15:00,8.281
2017-11-30 21:00:00,9.044
2017-11-30 20:45:00,10.663
2017-11-30 20:30:00,6.293
2017-11-30 20:15:00,4.426
2017-11-30 20:00:00,-1.379
2017-11-30 19:45:00,-1.407
2017-11-30 19:30:00,-1.01
2017-11-30 19:15:00,-1.698
2017-11-30 19:00:00,-1.866
2017-11-30 18:45:00,-1.434
2017-11-30 18:30:00,-2.323
2017-11-30 18:15:00,-2.162
2017-11-30 18:00:00,-1.832
2017-11-30 17:45:00,-2.018
2017-11-30 17:30:00,-6.685
2017-11-30 17:15:00,-14.85
2017-11-30 17:00:00,-14.324
2017-11-30 16:45:00,-21.457
2017-11-30 16:30:00,-19.927
2017-11-30 16:15:00,-8.69
2017-11-30 16:00:00,-5.253
2017-11-30 15:45:00,-4.757
2017-11-30 15:30:00,-2.087
2017-11-30 15:15:00,-2.167
2017-11-30 15:00:00,-3.531
2017-11-30 14:45:00,-1.165
2017-11-30 14:30:00,-1.451
2017-11-30 14:15:00,-1.107
2017-11-30 14:00:00,-1.784
2017-11-30 13:45:00,8.87
2017-11-30 13:30:00,6.124
2017-11-30 13:15:00,7.658
2017-11-30 13:00:00,22.453
2017-11-30 12:45:00,3.358
2017-11-30 12:30:00,5.891
2017-11-30 12:15:00,-3.03
2017-11-30 12:00:00,-9.858
2017-11-30 11:45:00,-3.175
2017-11-30 11:30:00,-2.549
2017-11-30 11:15:00,-0.933
2017-11-30 11:00:00,-1.383
2017-11-30 10:45:00,-1.206
2017-11-30 10:30:00,-1.903
2017-11-30 10:15:00,-1.14
2017-11-30 10:00:00,2.355
2017-11-30 09:45:00,18.183
2017-11-30 09:30:00,83.179
2017-11-30 09:15:00,45.264
2017-11-30 09:00:00,18.398
2017-11-30 08:45:00,-1.827
2017-11-30 08:30:00,-7.308
2017-11-30 08:15:00,-13.883
2017-11-30 08:00:00,-22.646
2017-11-30 07:45:00,-29.605
2017-11-30 07:30:00,-50.822
2017-11-30 07:15:00,-49.439
2017-11-30 07:00:00,-25.821
2017-11-30 06:45:00,-28.585
2017-11-30 06:30:00,-20.455
2017-11-30 06:15:00,-22.181
2017-11-30 06:00:00,-31.729
2017-11-30 05:45:00,-37.969
2017-11-30 05:30:00,-36.804
2017-11-30 05:15:00,-14.971
2017-11-30 05:00:00,-2.048
2017-11-30 04:45:00,-1.856
2017-11-30 04:30:00,-1.601
2017-11-30 04:15:00,-2.469
2017-11-30 04:00:00,-2.415
2017-11-30 03:45:00,-2.055
2017-11-30 03:30:00,-2.712
2017-11-30 03:15:00,-2.154
2017-11-30 03:00:00,-3.578
2017-11-30 02:45:00,-1.302
2017-11-30 02:30:00,-1.657
2017-11-30 02:15:00,-2.017
2017-11-30 02:00:00,-1.644
2017-11-30 01:45:00,-3.011
2017-11-30 01:30:00,-1.861
2017-11-30 01:15:00,-1.397
2017-11-30 01:00:00,-1.875
2017-11-30 00:45:00,-2.414
2017-11-30 00:30:00,-2.086
2017-11-30 00:15:00,-2.366
2017-11-30 00:00:00,-1.883
2017-11-29 23:45:00,-2.364
2017-11-29 23:30:00,-1.953
2017-11-29 23:15:00,-3.317
2017-11-29 23:00:00,-1.944
2017-11-29 22:45:00,-3.073
2017-11-29 22:30:00,-1.401
2017-11-29 22:15:00,-4.066
2017-11-29 22:00:00,-2.42
2017-11-29 21:45:00,-2.527
2017-11-29 21:30:00,-3.412
2017-11-29 21:15:00,-2.564
2017-11-29 21:00:00,-3.542
2017-11-29 20:45:00,-4.094
2017-11-29 20:30:00,-8.782
2017-11-29 20:15:00,-31.811
2017-11-29 20:00:00,-45.219
2017-11-29 19:45:00,-30.082
2017-11-29 19:30:00,-31.411
2017-11-29 19:15:00,-31.01
2017-11-29 19:00:00,-32.839
2017-11-29 18:45:00,-33.007
2017-11-29 18:30:00,-31.358
2017-11-29 18:15:00,-33.349
2017-11-29 18:00:00,-33.361
2017-11-29 17:45:00,-33.484
2017-11-29 17:30:00,-34.489
2017-11-29 17:15:00,-35.475
2017-11-29 17:00:00,-31.908
2017-11-29 16:45:00,-41.942
2017-11-29 16:30:00,-56.556
2017-11-29 16:15:00,-50.513
2017-11-29 16:00:00,-45.765
2017-11-29 15:45:00,-37.44
2017-11-29 15:30:00,-21.642
2017-11-29 15:15:00,0.978
2017-11-29 15:00:00,0.053
2017-11-29 14:45:00,0.879
2017-11-29 14:30:00,1.005
2017-11-29 14:15:00,1.606
2017-11-29 14:00:00,-0.442
2017-11-29 13:45:00,38.52
2017-11-29 13:30:00,53.819
2017-11-29 13:15:00,73.002
2017-11-29 13:00:00,102.836
2017-11-29 12:45:00,92.107
2017-11-29 12:30:00,97.188
2017-11-29 12:15:00,62.044
2017-11-29 12:00:00,83.515
2017-11-29 11:45:00,82.164
2017-11-29 11:30:00,95.556
2017-11-29 11:15:00,82.628
2017-11-29 11:00:00,77.772
2017-11-29 10:45:00,97.274
2017-11-29 10:30:00,126.073
2017-11-29 10:15:00,108.187
2017-11-29 10:00:00,45.865
2017-11-29 09:45:00,42.266
2017-11-29 09:30:00,8.774
2017-11-29 09:15:00,11.863
2017-11-29 09:00:00,0.06
2017-11-29 08:45:00,-1.541
2017-11-29 08:30:00,-10.832
2017-11-29 08:15:00,5.914
2017-11-29 08:00:00,4.843
2017-11-29 07:45:00,-10.298
2017-11-29 07:30:00,-21.748
2017-11-29 07:15:00,-31.956
2017-11-29 07:00:00,-25.73
2017-11-29 06:45:00,-17.72
2017-11-29 06:30:00,-6.69
2017-11-29 06:15:00,-9.462
2017-11-29 06:00:00,-9.893
2017-11-29 05:45:00,-9.89
2017-11-29 05:30:00,-14.417
2017-11-29 05:15:00,-30.504
2017-11-29 05:00:00,-21.11
2017-11-29 04:45:00,-10.133
2017-11-29 04:30:00,-6.56
2017-11-29 04:15:00,-4.18
2017-11-29 04:00:00,-4.817
2017-11-29 03:45:00,-7.537
2017-11-29 03:30:00,-4.979
2017-11-29 03:15:00,-5.954
2017-11-29 03:00:00,-4.829
2017-11-29 02:45:00,-5.258
2017-11-29 02:30:00,-4.707
2017-11-29 02:15:00,-6.387
2017-11-29 02:00:00,-4.737
2017-11-29 01:45:00,-7.807
2017-11-29 01:30:00,-4.311
2017-11-29 01:15:00,-6.203
2017-11-29 01:00:00,-7.591
2017-11-29 00:45:00,-5.172
2017-11-29 00:30:00,-7.361
2017-11-29 00:15:00,-7.543
2017-11-29 00:00:00,-7.7
2017-11-28 23:45:00,-7.182
2017-11-28 23:30:00,-5.98
2017-11-28 23:15:00,-6.32
2017-11-28 23:00:00,-6.884
2017-11-28 22:45:00,-8.308
2017-11-28 22:30:00,-6.802
2017-11-28 22:15:00,-11.055
2017-11-28 22:00:00,-7.773
2017-11-28 21:45:00,-10.142
2017-11-28 21:30:00,-10.037
2017-11-28 21:15:00,-11.454
2017-11-28 21:00:00,-11.186
2017-11-28 20:45:00,-12.739
2017-11-28 20:30:00,-12.273
2017-11-28 20:15:00,-20.705
2017-11-28 20:00:00,-25.224
2017-11-28 19:45:00,-27.933
2017-11-28 19:30:00,-28.671
2017-11-28 19:15:00,-28.865
2017-11-28 19:00:00,-29.79
2017-11-28 18:45:00,-29.078
2017-11-28 18:30:00,-30.237
2017-11-28 18:15:00,-32.779
2017-11-28 18:00:00,-34.966
2017-11-28 17:45:00,-37.325
2017-11-28 17:30:00,-37.088
2017-11-28 17:15:00,-40.13
2017-11-28 17:00:00,-50.766
2017-11-28 16:45:00,-51.158
2017-11-28 16:30:00,-46.231
2017-11-28 16:15:00,-48.152
2017-11-28 16:00:00,-47.274
2017-11-28 15:45:00,-42.273
2017-11-28 15:30:00,-35.302
2017-11-28 15:15:00,-25.857
2017-11-28 15:00:00,-0.929
2017-11-28 14:45:00,-0.93
2017-11-28 14:30:00,-0.927
2017-11-28 14:15:00,-0.924
2017-11-28 14:00:00,-0.922
2017-11-28 13:45:00,-0.923
2017-11-28 13:30:00,-0.92
2017-11-28 13:15:00,-0.57
2017-11-28 13:00:00,48.339
2017-11-28 12:45:00,63.381
2017-11-28 12:30:00,119.641
2017-11-28 12:15:00,145.716
2017-11-28 12:00:00,158.268
2017-11-28 11:45:00,82.187
2017-11-28 11:30:00,71.271
2017-11-28 11:15:00,61.833
2017-11-28 11:00:00,47.925
2017-11-28 10:45:00,49.4
2017-11-28 10:30:00,46.646
2017-11-28 10:15:00,96.727
2017-11-28 10:00:00,100.179
2017-11-28 09:45:00,75.584
2017-11-28 09:30:00,63.532
2017-11-28 09:15:00,72.124
2017-11-28 09:00:00,61.927
2017-11-28 08:45:00,52.512
2017-11-28 08:30:00,47.105
2017-11-28 08:15:00,21.649
2017-11-28 08:00:00,13.465
2017-11-28 07:45:00,1.963
2017-11-28 07:30:00,-11.761
2017-11-28 07:15:00,-17.248
2017-11-28 07:00:00,-33.383
2017-11-28 06:45:00,-24.937
2017-11-28 06:30:00,-22.987
2017-11-28 06:15:00,-26.042
2017-11-28 06:00:00,-30.377
2017-11-28 05:45:00,-28.517
2017-11-28 05:30:00,-14.83
2017-11-28 05:15:00,-9.968
2017-11-28 05:00:00,-1.535
2017-11-28 04:45:00,-12.744
2017-11-28 04:30:00,-12.433
2017-11-28 04:15:00,-16.008
2017-11-28 04:00:00,-12.303
2017-11-28 03:45:00,-7.324
2017-11-28 03:30:00,-1.594
2017-11-28 03:15:00,-1.592
2017-11-28 03:00:00,-1.593
2017-11-28 02:45:00,-11.201
2017-11-28 02:30:00,-14.585
2017-11-28 02:15:00,-12.751
2017-11-28 02:00:00,-1.464
2017-11-28 01:45:00,-0.919
2017-11-28 01:30:00,-0.917
2017-11-28 01:15:00,-0.919
2017-11-28 01:00:00,-0.919
2017-11-28 00:45:00,-0.917
2017-11-28 00:30:00,-0.917
2017-11-28 00:15:00,-0.927
2017-11-28 00:00:00,-0.929
2017-11-27 23:45:00,-0.926
2017-11-27 23:30:00,-0.922
2017-11-27 23:15:00,-0.924
2017-11-27 23:00:00,-0.926
2017-11-27 22:45:00,-1.087
2017-11-27 22:30:00,-18.219
2017-11-27 22:15:00,-21.526
2017-11-27 22:00:00,-22.167
2017-11-27 21:45:00,-27.709
2017-11-27 21:30:00,-19.818
2017-11-27 21:15:00,-9.099
2017-11-27 21:00:00,-10.096
2017-11-27 20:45:00,-9.853
2017-11-27 20:30:00,-10.853
2017-11-27 20:15:00,-22.984
2017-11-27 20:00:00,-31.043
2017-11-27 19:45:00,-31.714
2017-11-27 19:30:00,-33.221
2017-11-27 19:15:00,-33.573
2017-11-27 19:00:00,-33.504
2017-11-27 18:45:00,-33.675
2017-11-27 18:30:00,-34.668
2017-11-27 18:15:00,-34.391
2017-11-27 18:00:00,-34.385
2017-11-27 17:45:00,-36.347
2017-11-27 17:30:00,-35.819
2017-11-27 17:15:00,-37.677
2017-11-27 17:00:00,-33.878
2017-11-27 16:45:00,-32.144
2017-11-27 16:30:00,-37.891
2017-11-27 16:15:00,-55.693
2017-11-27 16:00:00,-53.151
2017-11-27 15:45:00,-32.756
2017-11-27 15:30:00,-6.078
2017-11-27 15:15:00,12.362
2017-11-27 15:00:00,75.723
2017-11-27 14:45:00,66.462
2017-11-27 14:30:00,77.317
2017-11-27 14:15:00,104.381
2017-11-27 14:00:00,57.604
2017-11-27 13:45:00,61.479
2017-11-27 13:30:00,103.998
2017-11-27 13:15:00,91.402
2017-11-27 13:00:00,100.661
2017-11-27 12:45:00,144.005
2017-11-27 12:30:00,107.2
2017-11-27 12:15:00,68.711
2017-11-27 12:00:00,25.741
2017-11-27 11:45:00,53.019
2017-11-27 11:30:00,45.713
2017-11-27 11:15:00,78.569
2017-11-27 11:00:00,28.139
2017-11-27 10:45:00,57.935
2017-11-27 10:30:00,31.571
2017-11-27 10:15:00,-10.083
2017-11-27 10:00:00,-25.024
2017-11-27 09:45:00,-23.39
2017-11-27 09:30:00,-22.624
2017-11-27 09:15:00,-15.109
2017-11-27 09:00:00,-15.445
2017-11-27 08:45:00,-17.014
2017-11-27 08:30:00,-17.103
2017-11-27 08:15:00,-24.411
2017-11-27 08:00:00,-20.102
2017-11-27 07:45:00,-21.971
2017-11-27 07:30:00,-15.989
2017-11-27 07:15:00,-11.894
2017-11-27 07:00:00,-11.406
2017-11-27 06:45:00,-8.478
2017-11-27 06:30:00,-4.005
2017-11-27 06:15:00,-10.422
2017-11-27 06:00:00,-11.478
2017-11-27 05:45:00,-11.478
2017-11-27 05:30:00,-8.991
2017-11-27 05:15:00,-8.522
2017-11-27 05:00:00,-0.918
2017-11-27 04:45:00,-1.145
2017-11-27 04:30:00,-1.623
2017-11-27 04:15:00,-1.624
2017-11-27 04:00:00,-1.623
2017-11-27 03:45:00,-1.619
2017-11-27 03:30:00,-1.617
2017-11-27 03:15:00,-1.613
2017-11-27 03:00:00,-0.965
2017-11-27 02:45:00,-1.619
2017-11-27 02:30:00,-1.621
2017-11-27 02:15:00,-3.355
2017-11-27 02:00:00,-5.767
2017-11-27 01:45:00,-5.664
2017-11-27 01:30:00,-6.449
2017-11-27 01:15:00,-10.272
2017-11-27 01:00:00,-19.45
2017-11-27 00:45:00,-18.364
2017-11-27 00:30:00,-19.042
2017-11-27 00:15:00,-18.035
2017-11-27 00:00:00,-19.245
2017-11-26 23:45:00,-18.025
2017-11-26 23:30:00,-18.695
2017-11-26 23:15:00,-19.126
2017-11-26 23:00:00,-19.044
2017-11-26 22:45:00,-20.465
2017-11-26 22:30:00,-19.125
2017-11-26 22:15:00,-21.573
2017-11-26 22:00:00,-20.068
2017-11-26 21:45:00,-21.336
2017-11-26 21:30:00,-21.959
2017-11-26 21:15:00,-21.154
2017-11-26 21:00:00,-22.525
2017-11-26 20:45:00,-21.699
2017-11-26 20:30:00,-23.332
2017-11-26 20:15:00,-22.57
2017-11-26 20:00:00,-25.089
2017-11-26 19:45:00,-24.602
2017-11-26 19:30:00,-25.065
2017-11-26 19:15:00,-27.635
2017-11-26 19:00:00,-25.72
2017-11-26 18:45:00,-28.631
2017-11-26 18:30:00,-28.704
2017-11-26 18:15:00,-28.711
2017-11-26 18:00:00,-29.42
2017-11-26 17:45:00,-29.332
2017-11-26 17:30:00,-29.28
2017-11-26 17:15:00,-30.137
2017-11-26 17:00:00,-30.659
2017-11-26 16:45:00,-29.944
2017-11-26 16:30:00,-26.083
2017-11-26 16:15:00,-10.475
2017-11-26 16:00:00,-9.471
2017-11-26 15:45:00,-0.975
2017-11-26 15:30:00,-0.925
2017-11-26 15:15:00,-0.924
2017-11-26 15:00:00,-0.92
2017-11-26 14:45:00,-0.922
2017-11-26 14:30:00,-0.922
2017-11-26 14:15:00,-0.924
2017-11-26 14:00:00,-0.925
2017-11-26 13:45:00,-0.927
2017-11-26 13:30:00,-0.928
2017-11-26 13:15:00,-0.929
2017-11-26 13:00:00,-0.928
2017-11-26 12:45:00,-0.929
2017-11-26 12:30:00,-0.925
2017-11-26 12:15:00,-0.922
2017-11-26 12:00:00,-0.912
2017-11-26 11:45:00,44.244
2017-11-26 11:30:00,163.781
2017-11-26 11:15:00,164.577
2017-11-26 11:00:00,162.075
2017-11-26 10:45:00,159.241
2017-11-26 10:30:00,152.559
2017-11-26 10:15:00,134.184
2017-11-26 10:00:00,126.115
2017-11-26 09:45:00,88.953
2017-11-26 09:30:00,44.639
2017-11-26 09:15:00,31.782
2017-11-26 09:00:00,26.807
2017-11-26 08:45:00,18.867
2017-11-26 08:30:00,17.76
2017-11-26 08:15:00,10.781
2017-11-26 08:00:00,3.787
2017-11-26 07:45:00,-1.339
2017-11-26 07:30:00,-1.127
2017-11-26 07:15:00,-2.118
2017-11-26 07:00:00,-2.512
2017-11-26 06:45:00,-3.275
2017-11-26 06:30:00,-3.924
2017-11-26 06:15:00,-5.902
2017-11-26 06:00:00,-11.426
2017-11-26 05:45:00,-7.233
2017-11-26 05:30:00,-8.773
2017-11-26 05:15:00,-8.877
2017-11-26 05:00:00,-9.462
2017-11-26 04:45:00,-14.14
2017-11-26 04:30:00,-15.167
2017-11-26 04:15:00,-13.604
2017-11-26 04:00:00,-14.722
2017-11-26 03:45:00,-14.597
2017-11-26 03:30:00,-15.85
2017-11-26 03:15:00,-13.686
2017-11-26 03:00:00,-15.383
2017-11-26 02:45:00,-14.129
2017-11-26 02:30:00,-15.564
2017-11-26 02:15:00,-15.622
2017-11-26 02:00:00,-15.268
2017-11-26 01:45:00,-15.233
2017-11-26 01:30:00,-15.467
2017-11-26 01:15:00,-15.51
2017-11-26 01:00:00,-16.948
2017-11-26 00:45:00,-15.626
2017-11-26 00:30:00,-16.013
2017-11-26 00:15:00,-16.161
2017-11-26 00:00:00,-17.493
2017-11-25 23:45:00,-16.02
2017-11-25 23:30:00,-16.294
2017-11-25 23:15:00,-15.873
2017-11-25 23:00:00,-16.983
2017-11-25 22:45:00,-16.793
2017-11-25 22:30:00,-18.237
2017-11-25 22:15:00,-17.029
2017-11-25 22:00:00,-19.685
2017-11-25 21:45:00,-17.675
2017-11-25 21:30:00,-17.589
2017-11-25 21:15:00,-16.91
2017-11-25 21:00:00,-18.136
2017-11-25 20:45:00,-17.829
2017-11-25 20:30:00,-19.063
2017-11-25 20:15:00,-17.73
2017-11-25 20:00:00,-21.43
2017-11-25 19:45:00,-24.584
2017-11-25 19:30:00,-26.844
2017-11-25 19:15:00,-27.632
2017-11-25 19:00:00,-30.16
2017-11-25 18:45:00,-27.872
2017-11-25 18:30:00,-31.93
2017-11-25 18:15:00,-31.051
2017-11-25 18:00:00,-33.136
2017-11-25 17:45:00,-33.831
2017-11-25 17:30:00,-35.5
2017-11-25 17:15:00,-36.551
2017-11-25 17:00:00,-38.575
2017-11-25 16:45:00,-37.446
2017-11-25 16:30:00,-34.852
2017-11-25 16:15:00,-21.353
2017-11-25 16:00:00,-18.311
2017-11-25 15:45:00,-4.379
2017-11-25 15:30:00,-0.948
2017-11-25 15:15:00,-0.947
2017-11-25 15:00:00,-0.943
2017-11-25 14:45:00,-0.942
2017-11-25 14:30:00,-0.944
2017-11-25 14:15:00,-0.938
2017-11-25 14:00:00,-0.936
2017-11-25 13:45:00,-0.936
2017-11-25 13:30:00,-0.936
2017-11-25 13:15:00,-0.93
2017-11-25 13:00:00,-0.929
2017-11-25 12:45:00,-0.93
2017-11-25 12:30:00,-0.927
2017-11-25 12:15:00,-0.927
2017-11-25 12:00:00,-0.927
2017-11-25 11:45:00,-0.929
2017-11-25 11:30:00,-0.931
2017-11-25 11:15:00,-0.819
2017-11-25 11:00:00,124.126
2017-11-25 10:45:00,156.473
2017-11-25 10:30:00,154.184
2017-11-25 10:15:00,150.205
2017-11-25 10:00:00,147.884
2017-11-25 09:45:00,140.731
2017-11-25 09:30:00,131.542
2017-11-25 09:15:00,128.511
2017-11-25 09:00:00,118.071
2017-11-25 08:45:00,109.618
2017-11-25 08:30:00,96.37
2017-11-25 08:15:00,69.712
2017-11-25 08:00:00,43.392
2017-11-25 07:45:00,32.026
2017-11-25 07:30:00,-0.277
2017-11-25 07:15:00,-1.086
2017-11-25 07:00:00,-1.198
2017-11-25 06:45:00,-1.277
2017-11-25 06:30:00,-1.303
2017-11-25 06:15:00,-2.488
2017-11-25 06:00:00,-3.316
2017-11-25 05:45:00,-3.576
2017-11-25 05:30:00,-5.875
2017-11-25 05:15:00,-6.19
2017-11-25 05:00:00,-7.602
2017-11-25 04:45:00,-7.184
2017-11-25 04:30:00,-5.429
2017-11-25 04:15:00,-7.559
2017-11-25 04:00:00,-8.091
2017-11-25 03:45:00,-9.274
2017-11-25 03:30:00,-6.713
2017-11-25 03:15:00,-7.908
2017-11-25 03:00:00,-7.359
2017-11-25 02:45:00,-12.21
2017-11-25 02:30:00,-8.655
2017-11-25 02:15:00,-9.006
2017-11-25 02:00:00,-10.238
2017-11-25 01:45:00,-10.801
2017-11-25 01:30:00,-13.275
2017-11-25 01:15:00,-10.91
2017-11-25 01:00:00,-12.646
2017-11-25 00:45:00,-13.107
2017-11-25 00:30:00,-14.927
2017-11-25 00:15:00,-14.612
2017-11-25 00:00:00,-13.785
2017-11-24 23:45:00,-15.902
2017-11-24 23:30:00,-14.292
2017-11-24 23:15:00,-16.076
2017-11-24 23:00:00,-14.758
2017-11-24 22:45:00,-17.941
2017-11-24 22:30:00,-18.124
2017-11-24 22:15:00,-19.336
2017-11-24 22:00:00,-17.097
2017-11-24 21:45:00,-18.388
2017-11-24 21:30:00,-19.035
2017-11-24 21:15:00,-20.058
2017-11-24 21:00:00,-19.568
2017-11-24 20:45:00,-19.974
2017-11-24 20:30:00,-20.726
2017-11-24 20:15:00,-27.417
2017-11-24 20:00:00,-35.004
2017-11-24 19:45:00,-35.136
2017-11-24 19:30:00,-36.436
2017-11-24 19:15:00,-37.434
2017-11-24 19:00:00,-37.476
2017-11-24 18:45:00,-38.536
2017-11-24 18:30:00,-38.49
2017-11-24 18:15:00,-42.223
2017-11-24 18:00:00,-47.52
2017-11-24 17:45:00,-55.467
2017-11-24 17:30:00,-55.215
2017-11-24 17:15:00,-56.249
2017-11-24 17:00:00,-53.874
2017-11-24 16:45:00,-53.497
2017-11-24 16:30:00,-50.234
2017-11-24 16:15:00,-40.429
2017-11-24 16:00:00,-40.509
2017-11-24 15:45:00,-23.197
2017-11-24 15:30:00,-1.865
2017-11-24 15:15:00,-0.954
2017-11-24 15:00:00,-0.951
2017-11-24 14:45:00,-0.951
2017-11-24 14:30:00,-0.951
2017-11-24 14:15:00,-0.951
2017-11-24 14:00:00,-0.945
2017-11-24 13:45:00,-0.946
2017-11-24 13:30:00,-0.947
2017-11-24 13:15:00,-0.945
2017-11-24 13:00:00,-0.941
2017-11-24 12:45:00,-0.938
2017-11-24 12:30:00,-0.941
2017-11-24 12:15:00,-0.945
2017-11-24 12:00:00,-0.942
2017-11-24 11:45:00,-0.943
2017-11-24 11:30:00,-0.945
2017-11-24 11:15:00,-0.948
2017-11-24 11:00:00,-0.936
2017-11-24 10:45:00,-0.927
2017-11-24 10:30:00,-0.926
2017-11-24 10:15:00,11.021
2017-11-24 10:00:00,128.541
2017-11-24 09:45:00,124.543
2017-11-24 09:30:00,118.539
2017-11-24 09:15:00,109.762
2017-11-24 09:00:00,98.266
2017-11-24 08:45:00,87.387
2017-11-24 08:30:00,84.058
2017-11-24 08:15:00,69.425
2017-11-24 08:00:00,36.088
2017-11-24 07:45:00,23.909
2017-11-24 07:30:00,-0.099
2017-11-24 07:15:00,-4.937
2017-11-24 07:00:00,-4.055
2017-11-24 06:45:00,-1.65
2017-11-24 06:30:00,-1.653
2017-11-24 06:15:00,-2.037
2017-11-24 06:00:00,-1.795
2017-11-24 05:45:00,-2.894
2017-11-24 05:30:00,-2.091
2017-11-24 05:15:00,-2.61
2017-11-24 05:00:00,-2.305
2017-11-24 04:45:00,-2.328
2017-11-24 04:30:00,-2.743
2017-11-24 04:15:00,-1.911
2017-11-24 04:00:00,-2.208
2017-11-24 03:45:00,-3.564
2017-11-24 03:30:00,-3.143
2017-11-24 03:15:00,-2.741
2017-11-24 03:00:00,-2.818
2017-11-24 02:45:00,-2.819
2017-11-24 02:30:00,-3.482
2017-11-24 02:15:00,-2.251
2017-11-24 02:00:00,-3.293
2017-11-24 01:45:00,-2.395
2017-11-24 01:30:00,-4.094
2017-11-24 01:15:00,-3.142
2017-11-24 01:00:00,-6.096
2017-11-24 00:45:00,-5.057
2017-11-24 00:30:00,-8.531
2017-11-24 00:15:00,-4.967
2017-11-24 00:00:00,-7.097
2017-11-23 23:45:00,-5.725
2017-11-23 23:30:00,-10.564
2017-11-23 23:15:00,-7.638
2017-11-23 23:00:00,-8.476
2017-11-23 22:45:00,-7.14
2017-11-23 22:30:00,-10.271
2017-11-23 22:15:00,-9.014
2017-11-23 22:00:00,-9.469
2017-11-23 21:45:00,-7.561
2017-11-23 21:30:00,-10.32
2017-11-23 21:15:00,-11.508
2017-11-23 21:00:00,-11.052
2017-11-23 20:45:00,-9.766
2017-11-23 20:30:00,-11.261
2017-11-23 20:15:00,-13.8
2017-11-23 20:00:00,-10.758
2017-11-23 19:45:00,-9.976
2017-11-23 19:30:00,-13.064
2017-11-23 19:15:00,-11.59
2017-11-23 19:00:00,-14.857
2017-11-23 18:45:00,-25.682
2017-11-23 18:30:00,-34.621
2017-11-23 18:15:00,-33.79
2017-11-23 18:00:00,-38.994
2017-11-23 17:45:00,-36.805
2017-11-23 17:30:00,-39.656
2017-11-23 17:15:00,-41.648
2017-11-23 17:00:00,-47.051
2017-11-23 16:45:00,-45.419
2017-11-23 16:30:00,-43.177
2017-11-23 16:15:00,-34.984
2017-11-23 16:00:00,-37.087
2017-11-23 15:45:00,-23.31
2017-11-23 15:30:00,-1.965
2017-11-23 15:15:00,-0.93
2017-11-23 15:00:00,-0.934
2017-11-23 14:45:00,-0.934
2017-11-23 14:30:00,-0.935
2017-11-23 14:15:00,-0.935
2017-11-23 14:00:00,-0.94
2017-11-23 13:45:00,-0.94
2017-11-23 13:30:00,-0.939
2017-11-23 13:15:00,-0.939
2017-11-23 13:00:00,-0.934
2017-11-23 12:45:00,-0.929
2017-11-23 12:30:00,-0.932
2017-11-23 12:15:00,-0.935
2017-11-23 12:00:00,-0.937
2017-11-23 11:45:00,-0.94
2017-11-23 11:30:00,-0.935
2017-11-23 11:15:00,-0.932
2017-11-23 11:00:00,11.448
2017-11-23 10:45:00,141.259
2017-11-23 10:30:00,146.986
2017-11-23 10:15:00,145.503
2017-11-23 10:00:00,141.173
2017-11-23 09:45:00,135.862
2017-11-23 09:30:00,128.405
2017-11-23 09:15:00,122.501
2017-11-23 09:00:00,113.673
2017-11-23 08:45:00,104.6
2017-11-23 08:30:00,93.38
2017-11-23 08:15:00,79.021
2017-11-23 08:00:00,50.871
2017-11-23 07:45:00,30.318
2017-11-23 07:30:00,5.172
2017-11-23 07:15:00,-1.725
2017-11-23 07:00:00,-1.539
2017-11-23 06:45:00,-1.32
2017-11-23 06:30:00,-1.595
2017-11-23 06:15:00,-2.159
2017-11-23 06:00:00,-2.105
2017-11-23 05:45:00,-2.834
2017-11-23 05:30:00,-4.189
2017-11-23 05:15:00,-4.27
2017-11-23 05:00:00,-2.356
2017-11-23 04:45:00,-4.772
2017-11-23 04:30:00,-5.259
2017-11-23 04:15:00,-5.143
2017-11-23 04:00:00,-3.931
2017-11-23 03:45:00,-5.368
2017-11-23 03:30:00,-6.521
2017-11-23 03:15:00,-4.48
2017-11-23 03:00:00,-4.122
2017-11-23 02:45:00,-5.632
2017-11-23 02:30:00,-6.891
2017-11-23 02:15:00,-4.631
2017-11-23 02:00:00,-4.397
2017-11-23 01:45:00,-4.168
2017-11-23 01:30:00,-7.496
2017-11-23 01:15:00,-5.6
2017-11-23 01:00:00,-5.507
2017-11-23 00:45:00,-5.802
2017-11-23 00:30:00,-6.57
2017-11-23 00:15:00,-4.549
2017-11-23 00:00:00,-6.061
2017-11-22 23:45:00,-6.111
2017-11-22 23:30:00,-7.358
2017-11-22 23:15:00,-6.793
2017-11-22 23:00:00,-6.476
2017-11-22 22:45:00,-8.025
2017-11-22 22:30:00,-8.226
2017-11-22 22:15:00,-7.996
2017-11-22 22:00:00,-7.088
2017-11-22 21:45:00,-7.142
2017-11-22 21:30:00,-8.93
2017-11-22 21:15:00,-7.888
2017-11-22 21:00:00,-10.473
2017-11-22 20:45:00,-8.71
2017-11-22 20:30:00,-14.139
2017-11-22 20:15:00,-17.155
2017-11-22 20:00:00,-36.125
2017-11-22 19:45:00,-40.131
2017-11-22 19:30:00,-53.567
2017-11-22 19:15:00,-40.036
2017-11-22 19:00:00,-48.673
2017-11-22 18:45:00,-49.071
2017-11-22 18:30:00,-50.917
2017-11-22 18:15:00,-52.947
2017-11-22 18:00:00,-57.274
2017-11-22 17:45:00,-55.451
2017-11-22 17:30:00,-58.018
2017-11-22 17:15:00,-58.368
2017-11-22 17:00:00,-39.619
2017-11-22 16:45:00,-40.29
2017-11-22 16:30:00,-41.681
2017-11-22 16:15:00,-52.347
2017-11-22 16:00:00,-61.523
2017-11-22 15:45:00,-54.93
2017-11-22 15:30:00,-34.897
2017-11-22 15:15:00,-14.385
2017-11-22 15:00:00,-0.946
2017-11-22 14:45:00,-0.946
2017-11-22 14:30:00,-0.942
2017-11-22 14:15:00,-0.943
2017-11-22 14:00:00,-0.945
2017-11-22 13:45:00,-0.945
2017-11-22 13:30:00,-0.935
2017-11-22 13:15:00,-0.937
2017-11-22 13:00:00,-0.939
2017-11-22 12:45:00,-0.943
2017-11-22 12:30:00,-0.933
2017-11-22 12:15:00,-0.931
2017-11-22 12:00:00,-0.931
2017-11-22 11:45:00,12.344
2017-11-22 11:30:00,133.936
2017-11-22 11:15:00,134.684
2017-11-22 11:00:00,117.82
2017-11-22 10:45:00,103.925
2017-11-22 10:30:00,114.623
2017-11-22 10:15:00,105.769
2017-11-22 10:00:00,101.648
2017-11-22 09:45:00,96.094
2017-11-22 09:30:00,90.547
2017-11-22 09:15:00,91.023
2017-11-22 09:00:00,81.891
2017-11-22 08:45:00,67.96
2017-11-22 08:30:00,55.633
2017-11-22 08:15:00,37.13
2017-11-22 08:00:00,6.643
2017-11-22 07:45:00,-0.923
2017-11-22 07:30:00,-15.663
2017-11-22 07:15:00,-9.314
2017-11-22 07:00:00,-6.259
2017-11-22 06:45:00,-1.779
2017-11-22 06:30:00,-2.63
2017-11-22 06:15:00,-3.675
2017-11-22 06:00:00,-7.017
2017-11-22 05:45:00,-3.618
2017-11-22 05:30:00,-4.925
2017-11-22 05:15:00,-9.46
2017-11-22 05:00:00,-1.409
2017-11-22 04:45:00,-1.014
2017-11-22 04:30:00,-1.703
2017-11-22 04:15:00,-1.624
2017-11-22 04:00:00,-1.559
2017-11-22 03:45:00,-1.893
2017-11-22 03:30:00,-2.308
2017-11-22 03:15:00,-1.603
2017-11-22 03:00:00,-1.87
2017-11-22 02:45:00,-2.221
2017-11-22 02:30:00,-1.82
2017-11-22 02:15:00,-2.654
2017-11-22 02:00:00,-1.989
2017-11-22 01:45:00,-2.195
2017-11-22 01:30:00,-3.958
2017-11-22 01:15:00,-2.647
2017-11-22 01:00:00,-3.305
2017-11-22 00:45:00,-3.087
2017-11-22 00:30:00,-3.452
2017-11-22 00:15:00,-2.667
2017-11-22 00:00:00,-5.932
2017-11-21 23:45:00,-3.715
2017-11-21 23:30:00,-5.398
2017-11-21 23:15:00,-7.316
2017-11-21 23:00:00,-7.158
2017-11-21 22:45:00,-7.342
2017-11-21 22:30:00,-10.489
2017-11-21 22:15:00,-10.047
2017-11-21 22:00:00,-9.714
2017-11-21 21:45:00,-11.497
2017-11-21 21:30:00,-13.118
2017-11-21 21:15:00,-12.86
2017-11-21 21:00:00,-16.504
2017-11-21 20:45:00,-17.196
2017-11-21 20:30:00,-16.88
2017-11-21 20:15:00,-24.279
2017-11-21 20:00:00,-34.885
2017-11-21 19:45:00,-34.856
2017-11-21 19:30:00,-34.761
2017-11-21 19:15:00,-36.204
2017-11-21 19:00:00,-36.258
2017-11-21 18:45:00,-36.89
2017-11-21 18:30:00,-36.631
2017-11-21 18:15:00,-39.633
2017-11-21 18:00:00,-37.065
2017-11-21 17:45:00,-41.479
2017-11-21 17:30:00,-46.006
2017-11-21 17:15:00,-47.775
2017-11-21 17:00:00,-41.322
2017-11-21 16:45:00,-52.318
2017-11-21 16:30:00,-60.931
2017-11-21 16:15:00,-53.119
2017-11-21 16:00:00,-52.487
2017-11-21 15:45:00,-41.234
2017-11-21 15:30:00,-24.648
2017-11-21 15:15:00,-3.96
2017-11-21 15:00:00,-0.937
2017-11-21 14:45:00,-0.936
2017-11-21 14:30:00,-0.936
2017-11-21 14:15:00,-0.935
2017-11-21 14:00:00,-0.933
2017-11-21 13:45:00,-0.935
2017-11-21 13:30:00,-0.933
2017-11-21 13:15:00,-0.933
2017-11-21 13:00:00,-0.932
2017-11-21 12:45:00,-0.931
2017-11-21 12:30:00,-0.932
2017-11-21 12:15:00,-0.929
2017-11-21 12:00:00,33.663
2017-11-21 11:45:00,117.419
2017-11-21 11:30:00,118.368
2017-11-21 11:15:00,114.964
2017-11-21 11:00:00,114.431
2017-11-21 10:45:00,108.866
2017-11-21 10:30:00,110.377
2017-11-21 10:15:00,107.606
2017-11-21 10:00:00,100.963
2017-11-21 09:45:00,102.043
2017-11-21 09:30:00,96.399
2017-11-21 09:15:00,87.38
2017-11-21 09:00:00,79.376
2017-11-21 08:45:00,69.733
2017-11-21 08:30:00,38.939
2017-11-21 08:15:00,30.556
2017-11-21 08:00:00,31.117
2017-11-21 07:45:00,10.237
2017-11-21 07:30:00,-2.636
2017-11-21 07:15:00,-7.19
2017-11-21 07:00:00,-6.528
2017-11-21 06:45:00,-10.666
2017-11-21 06:30:00,-10.965
2017-11-21 06:15:00,-14.521
2017-11-21 06:00:00,-11.086
2017-11-21 05:45:00,-13.646
2017-11-21 05:30:00,-14.688
2017-11-21 05:15:00,-22.351
2017-11-21 05:00:00,-5.397
2017-11-21 04:45:00,-4.712
2017-11-21 04:30:00,-4.477
2017-11-21 04:15:00,-6.212
2017-11-21 04:00:00,-3.525
2017-11-21 03:45:00,-6.093
2017-11-21 03:30:00,-6.079
2017-11-21 03:15:00,-4.874
2017-11-21 03:00:00,-6.83
2017-11-21 02:45:00,-5.275
2017-11-21 02:30:00,-4.226
2017-11-21 02:15:00,-5.081
2017-11-21 02:00:00,-5.013
2017-11-21 01:45:00,-3.562
2017-11-21 01:30:00,-6.579
2017-11-21 01:15:00,-4.698
2017-11-21 01:00:00,-7.027
2017-11-21 00:45:00,-5.01
2017-11-21 00:30:00,-5.013
2017-11-21 00:15:00,-5.517
2017-11-21 00:00:00,-5.622
2017-11-20 23:45:00,-5.312
2017-11-20 23:30:00,-5.123
2017-11-20 23:15:00,-5.819
2017-11-20 23:00:00,-9.961
2017-11-20 22:45:00,-13.618
2017-11-20 22:30:00,-13.251
2017-11-20 22:15:00,-11.197
2017-11-20 22:00:00,-14.818
2017-11-20 21:45:00,-14.915
2017-11-20 21:30:00,-13.197
2017-11-20 21:15:00,-15.9
2017-11-20 21:00:00,-13.528
2017-11-20 20:45:00,-15.718
2017-11-20 20:30:00,-15.605
2017-11-20 20:15:00,-21.268
2017-11-20 20:00:00,-33.791
2017-11-20 19:45:00,-32.992
2017-11-20 19:30:00,-33.375
2017-11-20 19:15:00,-33.286
2017-11-20 19:00:00,-35.239
2017-11-20 18:45:00,-34.013
2017-11-20 18:30:00,-41.232
2017-11-20 18:15:00,-54.162
2017-11-20 18:00:00,-53.921
2017-11-20 17:45:00,-57.723
2017-11-20 17:30:00,-58.425
2017-11-20 17:15:00,-58.155
2017-11-20 17:00:00,-55.147
2017-11-20 16:45:00,-58.056
2017-11-20 16:30:00,-52.58
2017-11-20 16:15:00,-46.476
2017-11-20 16:00:00,-50.16
2017-11-20 15:45:00,-36.822
2017-11-20 15:30:00,-4.9
2017-11-20 15:15:00,-0.938
2017-11-20 15:00:00,-0.936
2017-11-20 14:45:00,-0.934
2017-11-20 14:30:00,-0.929
2017-11-20 14:15:00,-0.932
2017-11-20 14:00:00,-0.934
2017-11-20 13:45:00,-0.932
2017-11-20 13:30:00,-0.93
2017-11-20 13:15:00,-0.932
2017-11-20 13:00:00,-0.927
2017-11-20 12:45:00,-0.922
2017-11-20 12:30:00,-0.921
2017-11-20 12:15:00,-0.924
2017-11-20 12:00:00,-0.895
2017-11-20 11:45:00,95.378
2017-11-20 11:30:00,137.144
2017-11-20 11:15:00,127.719
2017-11-20 11:00:00,127.959
2017-11-20 10:45:00,124.523
2017-11-20 10:30:00,125.723
2017-11-20 10:15:00,112.257
2017-11-20 10:00:00,109.565
2017-11-20 09:45:00,101.174
2017-11-20 09:30:00,99.158
2017-11-20 09:15:00,78.314
2017-11-20 09:00:00,98.303
2017-11-20 08:45:00,80.726
2017-11-20 08:30:00,61.655
2017-11-20 08:15:00,45.247
2017-11-20 08:00:00,30.191
2017-11-20 07:45:00,-9.393
2017-11-20 07:30:00,-14.189
2017-11-20 07:15:00,-11.393
2017-11-20 07:00:00,-13.415
2017-11-20 06:45:00,-3.881
2017-11-20 06:30:00,-3.93
2017-11-20 06:15:00,-8.403
2017-11-20 06:00:00,-8.623
2017-11-20 05:45:00,-22.407
2017-11-20 05:30:00,-30.193
2017-11-20 05:15:00,-22.337
2017-11-20 05:00:00,-18.039
2017-11-20 04:45:00,-23.475
2017-11-20 04:30:00,-24.147
2017-11-20 04:15:00,-22.632
2017-11-20 04:00:00,-10.493
2017-11-20 03:45:00,-17.063
2017-11-20 03:30:00,-15.17
2017-11-20 03:15:00,-16.625
2017-11-20 03:00:00,-16.374
2017-11-20 02:45:00,-18.532
2017-11-20 02:30:00,-14.035
2017-11-20 02:15:00,-17.775
2017-11-20 02:00:00,-17.532
2017-11-20 01:45:00,-17.027
2017-11-20 01:30:00,-15.441
2017-11-20 01:15:00,-18.63
2017-11-20 01:00:00,-16.759
2017-11-20 00:45:00,-17.885
2017-11-20 00:30:00,-17.744
2017-11-20 00:15:00,-18.302
2017-11-20 00:00:00,-16.112
2017-11-19 23:45:00,-17.863
2017-11-19 23:30:00,-16.434
2017-11-19 23:15:00,-18.448
2017-11-19 23:00:00,-17.349
2017-11-19 22:45:00,-18.306
2017-11-19 22:30:00,-20.213
2017-11-19 22:15:00,-17.461
2017-11-19 22:00:00,-18.532
2017-11-19 21:45:00,-21.718
2017-11-19 21:30:00,-19.715
2017-11-19 21:15:00,-22.341
2017-11-19 21:00:00,-24.571
2017-11-19 20:45:00,-22.914
2017-11-19 20:30:00,-24.414
2017-11-19 20:15:00,-26.166
2017-11-19 20:00:00,-24.474
2017-11-19 19:45:00,-26.294
2017-11-19 19:30:00,-27.384
2017-11-19 19:15:00,-27.327
2017-11-19 19:00:00,-27.528
2017-11-19 18:45:00,-29.178
2017-11-19 18:30:00,-30.078
2017-11-19 18:15:00,-30.385
2017-11-19 18:00:00,-30.351
2017-11-19 17:45:00,-30.657
2017-11-19 17:30:00,-31.04
2017-11-19 17:15:00,-33.601
2017-11-19 17:00:00,-32.423
2017-11-19 16:45:00,-31.72
2017-11-19 16:30:00,-24.612
2017-11-19 16:15:00,-16.943
2017-11-19 16:00:00,-6.409
2017-11-19 15:45:00,-0.927
2017-11-19 15:30:00,-0.924
2017-11-19 15:15:00,-0.923
2017-11-19 15:00:00,-0.925
2017-11-19 14:45:00,-0.926
2017-11-19 14:30:00,-0.922
2017-11-19 14:15:00,-0.926
2017-11-19 14:00:00,-0.926
2017-11-19 13:45:00,-0.925
2017-11-19 13:30:00,-0.926
2017-11-19 13:15:00,-0.925
2017-11-19 13:00:00,-0.922
2017-11-19 12:45:00,-0.928
2017-11-19 12:30:00,-0.928
2017-11-19 12:15:00,-0.926
2017-11-19 12:00:00,-0.919
2017-11-19 11:45:00,1.692
2017-11-19 11:30:00,99.148
2017-11-19 11:15:00,140.346
2017-11-19 11:00:00,163.909
2017-11-19 10:45:00,164.039
2017-11-19 10:30:00,143.536
2017-11-19 10:15:00,136.9
2017-11-19 10:00:00,102.222
2017-11-19 09:45:00,102.419
2017-11-19 09:30:00,92.141
2017-11-19 09:15:00,94.317
2017-11-19 09:00:00,73.171
2017-11-19 08:45:00,79.999
2017-11-19 08:30:00,59.279
2017-11-19 08:15:00,64.943
2017-11-19 08:00:00,36.165
2017-11-19 07:45:00,15.415
2017-11-19 07:30:00,2.642
2017-11-19 07:15:00,-2.493
2017-11-19 07:00:00,-3.313
2017-11-19 06:45:00,-6.946
2017-11-19 06:30:00,-8.694
2017-11-19 06:15:00,-11.032
2017-11-19 06:00:00,-14.117
2017-11-19 05:45:00,-12.785
2017-11-19 05:30:00,-16.433
2017-11-19 05:15:00,-12.276
2017-11-19 05:00:00,-14.395
2017-11-19 04:45:00,-14.146
2017-11-19 04:30:00,-13.855
2017-11-19 04:15:00,-13.91
2017-11-19 04:00:00,-13.039
2017-11-19 03:45:00,-14.782
2017-11-19 03:30:00,-13.466
2017-11-19 03:15:00,-14.28
2017-11-19 03:00:00,-14.049
2017-11-19 02:45:00,-15.717
2017-11-19 02:30:00,-18.583
2017-11-19 02:15:00,-19.234
2017-11-19 02:00:00,-19.668
2017-11-19 01:45:00,-19.355
2017-11-19 01:30:00,-19.086
2017-11-19 01:15:00,-18.954
2017-11-19 01:00:00,-21.746
2017-11-19 00:45:00,-19.332
2017-11-19 00:30:00,-20.794
2017-11-19 00:15:00,-20.279
2017-11-19 00:00:00,-21.521
2017-11-18 23:45:00,-18.71
2017-11-18 23:30:00,-22.531
2017-11-18 23:15:00,-19.881
2017-11-18 23:00:00,-19.616
2017-11-18 22:45:00,-21.536
2017-11-18 22:30:00,-22.161
2017-11-18 22:15:00,-18.203
2017-11-18 22:00:00,-23.212
2017-11-18 21:45:00,-19.833
2017-11-18 21:30:00,-23.35
2017-11-18 21:15:00,-20.483
2017-11-18 21:00:00,-23.152
2017-11-18 20:45:00,-22.537
2017-11-18 20:30:00,-23.093
2017-11-18 20:15:00,-23.645
2017-11-18 20:00:00,-24.773
2017-11-18 19:45:00,-25.861
2017-11-18 19:30:00,-24.813
2017-11-18 19:15:00,-28.247
2017-11-18 19:00:00,-27.752
2017-11-18 18:45:00,-28.166
2017-11-18 18:30:00,-28.854
2017-11-18 18:15:00,-29.444
2017-11-18 18:00:00,-29.733
2017-11-18 17:45:00,-29.524
2017-11-18 17:30:00,-31.809
2017-11-18 17:15:00,-30.843
2017-11-18 17:00:00,-34.438
2017-11-18 16:45:00,-31.846
2017-11-18 16:30:00,-27.601
2017-11-18 16:15:00,-17.693
2017-11-18 16:00:00,-18.262
2017-11-18 15:45:00,-7.065
2017-11-18 15:30:00,-0.418
2017-11-18 15:15:00,-0.924
2017-11-18 15:00:00,-0.92
2017-11-18 14:45:00,-0.927
2017-11-18 14:30:00,-0.924
2017-11-18 14:15:00,-0.927
2017-11-18 14:00:00,-0.927
2017-11-18 13:45:00,-0.929
2017-11-18 13:30:00,0.096
2017-11-18 13:15:00,-0.93
2017-11-18 13:00:00,-0.929
2017-11-18 12:45:00,-0.931
2017-11-18 12:30:00,-0.93
2017-11-18 12:15:00,-0.926
2017-11-18 12:00:00,0.271
2017-11-18 11:45:00,-0.93
2017-11-18 11:30:00,-0.161
2017-11-18 11:15:00,-0.946
2017-11-18 11:00:00,-0.12
2017-11-18 10:45:00,-0.921
2017-11-18 10:30:00,-0.245
2017-11-18 10:15:00,0.026
2017-11-18 10:00:00,-0.019
2017-11-18 09:45:00,-0.921
2017-11-18 09:30:00,0.326
2017-11-18 09:15:00,1.334
2017-11-18 09:00:00,3.078
2017-11-18 08:45:00,3.821
2017-11-18 08:30:00,9.025
2017-11-18 08:15:00,59.302
2017-11-18 08:00:00,93.426
2017-11-18 07:45:00,72.307
2017-11-18 07:30:00,54.495
2017-11-18 07:15:00,27.198
2017-11-18 07:00:00,22.821
2017-11-18 06:45:00,23.192
2017-11-18 06:30:00,19.136
2017-11-18 06:15:00,16.204
2017-11-18 06:00:00,15.72
2017-11-18 05:45:00,15.416
2017-11-18 05:30:00,14.939
2017-11-18 05:15:00,15.482
2017-11-18 05:00:00,16.444
2017-11-18 04:45:00,14.837
2017-11-18 04:30:00,14.737
2017-11-18 04:15:00,15.701
2017-11-18 04:00:00,15.014
2017-11-18 03:45:00,13.739
2017-11-18 03:30:00,14.993
2017-11-18 03:15:00,15.58
2017-11-18 03:00:00,14.375
2017-11-18 02:45:00,14.199
2017-11-18 02:30:00,13.95
2017-11-18 02:15:00,13.919
2017-11-18 02:00:00,10.716
2017-11-18 01:45:00,12.531
2017-11-18 01:30:00,9.653
2017-11-18 01:15:00,11.279
2017-11-18 01:00:00,8.37
2017-11-18 00:45:00,9.323
2017-11-18 00:30:00,9.643
2017-11-18 00:15:00,9.824
2017-11-18 00:00:00,9.679
2017-11-17 23:45:00,10.135
2017-11-17 23:30:00,8.554
2017-11-17 23:15:00,8.455
2017-11-17 23:00:00,7.859
2017-11-17 22:45:00,6.534
2017-11-17 22:30:00,9.063
2017-11-17 22:15:00,6.771
2017-11-17 22:00:00,7.631
2017-11-17 21:45:00,6.68
2017-11-17 21:30:00,6.238
2017-11-17 21:15:00,6.826
2017-11-17 21:00:00,5.948
2017-11-17 20:45:00,4.073
2017-11-17 20:30:00,6.492
2017-11-17 20:15:00,2.955
2017-11-17 20:00:00,-1.12
2017-11-17 19:45:00,-1.168
2017-11-17 19:30:00,-1.177
2017-11-17 19:15:00,-1.176
2017-11-17 19:00:00,-1.347
2017-11-17 18:45:00,-0.941
2017-11-17 18:30:00,-0.939
2017-11-17 18:15:00,-1.117
2017-11-17 18:00:00,-0.94
2017-11-17 17:45:00,-0.938
2017-11-17 17:30:00,-0.936
2017-11-17 17:15:00,-0.94
2017-11-17 17:00:00,-1.419
2017-11-17 16:45:00,-4.493
2017-11-17 16:30:00,-10.442
2017-11-17 16:15:00,-4.264
2017-11-17 16:00:00,-1.702
2017-11-17 15:45:00,-1.822
2017-11-17 15:30:00,-1.978
2017-11-17 15:15:00,5.107
2017-11-17 15:00:00,-0.96
2017-11-17 14:45:00,24.583
2017-11-17 14:30:00,34.763
2017-11-17 14:15:00,89.563
2017-11-17 14:00:00,97.929
2017-11-17 13:45:00,66.131
2017-11-17 13:30:00,29.375
2017-11-17 13:15:00,28.941
2017-11-17 13:00:00,15.828
2017-11-17 12:45:00,55.463
2017-11-17 12:30:00,75.197
2017-11-17 12:15:00,60.397
2017-11-17 12:00:00,51.509
2017-11-17 11:45:00,49.904
2017-11-17 11:30:00,42.261
2017-11-17 11:15:00,43.454
2017-11-17 11:00:00,20.008
2017-11-17 10:45:00,32.426
2017-11-17 10:30:00,31.024
2017-11-17 10:15:00,15.912
2017-11-17 10:00:00,-0.889
2017-11-17 09:45:00,-3.557
2017-11-17 09:30:00,-11.861
2017-11-17 09:15:00,-23.374
2017-11-17 09:00:00,-29.565
2017-11-17 08:45:00,-20.652
2017-11-17 08:30:00,-26.776
2017-11-17 08:15:00,-3.015
2017-11-17 08:00:00,-3.806
2017-11-17 07:45:00,-10.917
2017-11-17 07:30:00,-11.792
2017-11-17 07:15:00,-6.948
2017-11-17 07:00:00,-5.566
2017-11-17 06:45:00,-5.606
2017-11-17 06:30:00,-6.474
2017-11-17 06:15:00,-7.949
2017-11-17 06:00:00,-8.851
2017-11-17 05:45:00,-9.176
2017-11-17 05:30:00,-15.513
2017-11-17 05:15:00,-7.594
2017-11-17 05:00:00,-1.633
2017-11-17 04:45:00,-2.206
2017-11-17 04:30:00,-2.744
2017-11-17 04:15:00,-1.535
2017-11-17 04:00:00,-2.858
2017-11-17 03:45:00,-2.552
2017-11-17 03:30:00,-1.982
2017-11-17 03:15:00,-1.918
2017-11-17 03:00:00,-2.891
2017-11-17 02:45:00,-2.478
2017-11-17 02:30:00,-4.221
2017-11-17 02:15:00,-2.584
2017-11-17 02:00:00,-3.752
2017-11-17 01:45:00,-2.669
2017-11-17 01:30:00,-3.192
2017-11-17 01:15:00,-2.865
2017-11-17 01:00:00,-3.852
2017-11-17 00:45:00,-3.158
2017-11-17 00:30:00,-3.615
2017-11-17 00:15:00,-4.412
2017-11-17 00:00:00,-3.803
2017-11-16 23:45:00,-2.728
2017-11-16 23:30:00,-3.356
2017-11-16 23:15:00,-4.98
2017-11-16 23:00:00,-5.215
2017-11-16 22:45:00,-5.678
2017-11-16 22:30:00,-4.903
2017-11-16 22:15:00,-9.222
2017-11-16 22:00:00,-7.541
2017-11-16 21:45:00,-11.684
2017-11-16 21:30:00,-9.692
2017-11-16 21:15:00,-11.39
2017-11-16 21:00:00,-11.435
2017-11-16 20:45:00,-12.868
2017-11-16 20:30:00,-12.652
2017-11-16 20:15:00,-17.968
2017-11-16 20:00:00,-34.68
2017-11-16 19:45:00,-35.029
2017-11-16 19:30:00,-34.123
2017-11-16 19:15:00,-33.99
2017-11-16 19:00:00,-40.39
2017-11-16 18:45:00,-40.116
2017-11-16 18:30:00,-42.312
2017-11-16 18:15:00,-41.125
2017-11-16 18:00:00,-42.481
2017-11-16 17:45:00,-41.601
2017-11-16 17:30:00,-46.963
2017-11-16 17:15:00,-62.862
2017-11-16 17:00:00,-66.31
2017-11-16 16:45:00,-63.971
2017-11-16 16:30:00,-59.504
2017-11-16 16:15:00,-54.939
2017-11-16 16:00:00,-49.763
2017-11-16 15:45:00,-44.615
2017-11-16 15:30:00,-48.839
2017-11-16 15:15:00,-39.722
2017-11-16 15:00:00,-0.941
2017-11-16 14:45:00,-0.573
2017-11-16 14:30:00,-0.94
2017-11-16 14:15:00,-0.307
2017-11-16 14:00:00,-0.551
2017-11-16 13:45:00,-0.938
2017-11-16 13:30:00,0.103
2017-11-16 13:15:00,-0.927
2017-11-16 13:00:00,-0.152
2017-11-16 12:45:00,-0.103
2017-11-16 12:30:00,-0.259
2017-11-16 12:15:00,-0.024
2017-11-16 12:00:00,2.53
2017-11-16 11:45:00,2.576
2017-11-16 11:30:00,8.82
2017-11-16 11:15:00,77.884
2017-11-16 11:00:00,156.549
2017-11-16 10:45:00,131.149
2017-11-16 10:30:00,30.377
2017-11-16 10:15:00,82.764
2017-11-16 10:00:00,54.603
2017-11-16 09:45:00,34.999
2017-11-16 09:30:00,-9.756
2017-11-16 09:15:00,19.571
2017-11-16 09:00:00,0.898
2017-11-16 08:45:00,38.423
2017-11-16 08:30:00,5.771
2017-11-16 08:15:00,-12.488
2017-11-16 08:00:00,1.566
2017-11-16 07:45:00,-0.563
2017-11-16 07:30:00,-9.599
2017-11-16 07:15:00,-2.225
2017-11-16 07:00:00,-0.931
2017-11-16 06:45:00,-1.419
2017-11-16 06:30:00,-1.448
2017-11-16 06:15:00,-4.614
2017-11-16 06:00:00,-5.473
2017-11-16 05:45:00,-2.467
2017-11-16 05:30:00,-1.91
2017-11-16 05:15:00,4.05
2017-11-16 05:00:00,8.225
2017-11-16 04:45:00,9.583
2017-11-16 04:30:00,9.187
2017-11-16 04:15:00,10.171
2017-11-16 04:00:00,9.033
2017-11-16 03:45:00,9.876
2017-11-16 03:30:00,8.226
2017-11-16 03:15:00,8.297
2017-11-16 03:00:00,10.265
2017-11-16 02:45:00,10.08
2017-11-16 02:30:00,9.444
2017-11-16 02:15:00,8.295
2017-11-16 02:00:00,10.692
2017-11-16 01:45:00,10.168
2017-11-16 01:30:00,9.113
2017-11-16 01:15:00,8.242
2017-11-16 01:00:00,10.229
2017-11-16 00:45:00,9.772
2017-11-16 00:30:00,10.421
2017-11-16 00:15:00,9.373
2017-11-16 00:00:00,9.388
2017-11-15 23:45:00,5.483
2017-11-15 23:30:00,8.669
2017-11-15 23:15:00,9.225
2017-11-15 23:00:00,6.99
2017-11-15 22:45:00,7.491
2017-11-15 22:30:00,7.704
2017-11-15 22:15:00,8.004
2017-11-15 22:00:00,5.711
2017-11-15 21:45:00,5.847
2017-11-15 21:30:00,6.974
2017-11-15 21:15:00,6.52
2017-11-15 21:00:00,7.273
2017-11-15 20:45:00,5.065
2017-11-15 20:30:00,6.491
2017-11-15 20:15:00,4.273
2017-11-15 20:00:00,-2.916
2017-11-15 19:45:00,-2.311
2017-11-15 19:30:00,-3.372
2017-11-15 19:15:00,-3.418
2017-11-15 19:00:00,-3.804
2017-11-15 18:45:00,-3.905
2017-11-15 18:30:00,-2.937
2017-11-15 18:15:00,-9.608
2017-11-15 18:00:00,-9.921
2017-11-15 17:45:00,-17.785
2017-11-15 17:30:00,-29.851
2017-11-15 17:15:00,-30.401
2017-11-15 17:00:00,-11.271
2017-11-15 16:45:00,-27.537
2017-11-15 16:30:00,-19.903
2017-11-15 16:15:00,-17.151
2017-11-15 16:00:00,-3.19
2017-11-15 15:45:00,-0.133
2017-11-15 15:30:00,6.359
2017-11-15 15:15:00,49.284
2017-11-15 15:00:00,69.443
2017-11-15 14:45:00,31.655
2017-11-15 14:30:00,14.2
2017-11-15 14:15:00,23.71
2017-11-15 14:00:00,2.843
2017-11-15 13:45:00,18.667
2017-11-15 13:30:00,10.011
2017-11-15 13:15:00,6.353
2017-11-15 13:00:00,-7.551
2017-11-15 12:45:00,19.32
2017-11-15 12:30:00,43.612
2017-11-15 12:15:00,50.411
2017-11-15 12:00:00,100.208
2017-11-15 11:45:00,58.829
2017-11-15 11:30:00,84.948
2017-11-15 11:15:00,56.87
2017-11-15 11:00:00,38.439
2017-11-15 10:45:00,35.191
2017-11-15 10:30:00,40.088
2017-11-15 10:15:00,103.33
2017-11-15 10:00:00,118.845
2017-11-15 09:45:00,116.801
2017-11-15 09:30:00,7.002
2017-11-15 09:15:00,1.209
2017-11-15 09:00:00,-0.523
2017-11-15 08:45:00,-0.923
2017-11-15 08:30:00,1.135
2017-11-15 08:15:00,0.188
2017-11-15 08:00:00,-0.934
2017-11-15 07:45:00,-1.63
2017-11-15 07:30:00,-15.206
2017-11-15 07:15:00,-15.459
2017-11-15 07:00:00,-16.028
2017-11-15 06:45:00,-2.735
2017-11-15 06:30:00,-4.558
2017-11-15 06:15:00,-5.983
2017-11-15 06:00:00,-4.688
2017-11-15 05:45:00,-1.315
2017-11-15 05:30:00,-1.474
2017-11-15 05:15:00,-1.338
2017-11-15 05:00:00,-1.322
2017-11-15 04:45:00,-1.395
2017-11-15 04:30:00,-3.655
2017-11-15 04:15:00,-5.035
2017-11-15 04:00:00,-1.589
2017-11-15 03:45:00,-4.546
2017-11-15 03:30:00,-3.033
2017-11-15 03:15:00,-3.564
2017-11-15 03:00:00,-2.813
2017-11-15 02:45:00,-3.422
2017-11-15 02:30:00,-3.811
2017-11-15 02:15:00,-3.687
2017-11-15 02:00:00,-3.756
2017-11-15 01:45:00,-6.153
2017-11-15 01:30:00,-4.813
2017-11-15 01:15:00,-6.512
2017-11-15 01:00:00,-6.846
2017-11-15 00:45:00,-9.442
2017-11-15 00:30:00,-8.132
2017-11-15 00:15:00,-7.755
2017-11-15 00:00:00,-9.565
2017-11-14 23:45:00,-10.255
2017-11-14 23:30:00,-9.039
2017-11-14 23:15:00,-10.479
2017-11-14 23:00:00,-12.848
2017-11-14 22:45:00,-12.584
2017-11-14 22:30:00,-12.796
2017-11-14 22:15:00,-12.652
2017-11-14 22:00:00,-15.8
2017-11-14 21:45:00,-13.958
2017-11-14 21:30:00,-18.343
2017-11-14 21:15:00,-16.634
2017-11-14 21:00:00,-20.439
2017-11-14 20:45:00,-18.647
2017-11-14 20:30:00,-20.196
2017-11-14 20:15:00,-27.236
2017-11-14 20:00:00,-41.501
2017-11-14 19:45:00,-41.755
2017-11-14 19:30:00,-44.966
2017-11-14 19:15:00,-46.157
2017-11-14 19:00:00,-51.471
2017-11-14 18:45:00,-50.363
2017-11-14 18:30:00,-53.911
2017-11-14 18:15:00,-54.567
2017-11-14 18:00:00,-56.046
2017-11-14 17:45:00,-57.147
2017-11-14 17:30:00,-58.588
2017-11-14 17:15:00,-58.714
2017-11-14 17:00:00,-52.866
2017-11-14 16:45:00,-56.72
2017-11-14 16:30:00,-54.558
2017-11-14 16:15:00,-47.588
2017-11-14 16:00:00,-53.202
2017-11-14 15:45:00,-66.471
2017-11-14 15:30:00,-34.625
2017-11-14 15:15:00,-9.239
2017-11-14 15:00:00,-0.937
2017-11-14 14:45:00,-0.933
2017-11-14 14:30:00,-0.326
2017-11-14 14:15:00,-0.392
2017-11-14 14:00:00,-0.642
2017-11-14 13:45:00,-0.947
2017-11-14 13:30:00,-0.947
2017-11-14 13:15:00,-0.946
2017-11-14 13:00:00,-0.936
2017-11-14 12:45:00,-0.931
2017-11-14 12:30:00,-0.933
2017-11-14 12:15:00,-0.932
2017-11-14 12:00:00,-0.884
2017-11-14 11:45:00,107.071
2017-11-14 11:30:00,142.981
2017-11-14 11:15:00,127.795
2017-11-14 11:00:00,131.358
2017-11-14 10:45:00,125.76
2017-11-14 10:30:00,115.794
2017-11-14 10:15:00,82.287
2017-11-14 10:00:00,69.186
2017-11-14 09:45:00,102.382
2017-11-14 09:30:00,74.08
2017-11-14 09:15:00,76.519
2017-11-14 09:00:00,83.089
2017-11-14 08:45:00,59.976
2017-11-14 08:30:00,50.152
2017-11-14 08:15:00,54.158
2017-11-14 08:00:00,46.998
2017-11-14 07:45:00,14.504
2017-11-14 07:30:00,-10.764
2017-11-14 07:15:00,-24.124
2017-11-14 07:00:00,-12.86
2017-11-14 06:45:00,-7.226
2017-11-14 06:30:00,-8.204
2017-11-14 06:15:00,-11.557
2017-11-14 06:00:00,-29.714
2017-11-14 05:45:00,-30.777
2017-11-14 05:30:00,-37.533
2017-11-14 05:15:00,-13.398
2017-11-14 05:00:00,-4.587
2017-11-14 04:45:00,-2.263
2017-11-14 04:30:00,-3.086
2017-11-14 04:15:00,-1.983
2017-11-14 04:00:00,-4.46
2017-11-14 03:45:00,-2.42
2017-11-14 03:30:00,-3.095
2017-11-14 03:15:00,-2.574
2017-11-14 03:00:00,-3.499
2017-11-14 02:45:00,-3.647
2017-11-14 02:30:00,-2.914
2017-11-14 02:15:00,-3.2
2017-11-14 02:00:00,-3.486
2017-11-14 01:45:00,-1.837
2017-11-14 01:30:00,-3.184
2017-11-14 01:15:00,-3.386
2017-11-14 01:00:00,-3.443
2017-11-14 00:45:00,-2.43
2017-11-14 00:30:00,-3.642
2017-11-14 00:15:00,-3.725
2017-11-14 00:00:00,-4.543
2017-11-13 23:45:00,-2.203
2017-11-13 23:30:00,-4.742
2017-11-13 23:15:00,-3.773
2017-11-13 23:00:00,-5.127
2017-11-13 22:45:00,-5.136
2017-11-13 22:30:00,-4.821
2017-11-13 22:15:00,-8.371
2017-11-13 22:00:00,-7.102
2017-11-13 21:45:00,-8.592
2017-11-13 21:30:00,-9.884
2017-11-13 21:15:00,-9.242
2017-11-13 21:00:00,-9.303
2017-11-13 20:45:00,-9.608
2017-11-13 20:30:00,-12.333
2017-11-13 20:15:00,-17.189
2017-11-13 20:00:00,-32.46
2017-11-13 19:45:00,-32.608
2017-11-13 19:30:00,-33.221
2017-11-13 19:15:00,-31.159
2017-11-13 19:00:00,-33.856
2017-11-13 18:45:00,-32.412
2017-11-13 18:30:00,-42.437
2017-11-13 18:15:00,-51.207
2017-11-13 18:00:00,-57.921
2017-11-13 17:45:00,-60.19
2017-11-13 17:30:00,-61.346
2017-11-13 17:15:00,-47.302
2017-11-13 17:00:00,-33.357
2017-11-13 16:45:00,-40.788
2017-11-13 16:30:00,-51.462
2017-11-13 16:15:00,-44.502
2017-11-13 16:00:00,-53.492
2017-11-13 15:45:00,-52.12
2017-11-13 15:30:00,-47.729
2017-11-13 15:15:00,-27.666
2017-11-13 15:00:00,-0.924
2017-11-13 14:45:00,27.291
2017-11-13 14:30:00,84.27
2017-11-13 14:15:00,79.302
2017-11-13 14:00:00,99.573
2017-11-13 13:45:00,95.592
2017-11-13 13:30:00,79.817
2017-11-13 13:15:00,54.061
2017-11-13 13:00:00,43.517
2017-11-13 12:45:00,42.393
2017-11-13 12:30:00,45.753
2017-11-13 12:15:00,48.524
2017-11-13 12:00:00,98.596
2017-11-13 11:45:00,121.928
2017-11-13 11:30:00,100.278
2017-11-13 11:15:00,105.109
2017-11-13 11:00:00,55.596
2017-11-13 10:45:00,137.327
2017-11-13 10:30:00,124.987
2017-11-13 10:15:00,1.605
2017-11-13 10:00:00,-1.443
2017-11-13 09:45:00,-0.76
2017-11-13 09:30:00,4.764
2017-11-13 09:15:00,13.272
2017-11-13 09:00:00,9.004
2017-11-13 08:45:00,-0.428
2017-11-13 08:30:00,20.181
2017-11-13 08:15:00,-1.038
2017-11-13 08:00:00,-3.461
2017-11-13 07:45:00,-13.096
2017-11-13 07:30:00,-10.201
2017-11-13 07:15:00,-15.576
2017-11-13 07:00:00,-25.348
2017-11-13 06:45:00,-28.465
2017-11-13 06:30:00,-16.499
2017-11-13 06:15:00,-22.659
2017-11-13 06:00:00,-20.686
2017-11-13 05:45:00,-18.781
2017-11-13 05:30:00,-26.132
2017-11-13 05:15:00,-20.69
2017-11-13 05:00:00,-10.928
2017-11-13 04:45:00,-1.579
2017-11-13 04:30:00,-1.714
2017-11-13 04:15:00,-1.573
2017-11-13 04:00:00,-1.562
2017-11-13 03:45:00,-1.563
2017-11-13 03:30:00,-2.342
2017-11-13 03:15:00,-1.589
2017-11-13 03:00:00,-2.192
2017-11-13 02:45:00,-1.673
2017-11-13 02:30:00,-2.901
2017-11-13 02:15:00,-1.915
2017-11-13 02:00:00,-1.983
2017-11-13 01:45:00,-2.537
2017-11-13 01:30:00,-2.014
2017-11-13 01:15:00,-2.024
2017-11-13 01:00:00,-2.32
2017-11-13 00:45:00,-2.033
2017-11-13 00:30:00,-1.753
2017-11-13 00:15:00,-2.327
2017-11-13 00:00:00,-2.469
2017-11-12 23:45:00,-1.836
2017-11-12 23:30:00,-2.687
2017-11-12 23:15:00,-1.937
2017-11-12 23:00:00,-2.343
2017-11-12 22:45:00,-2.109
2017-11-12 22:30:00,-1.881
2017-11-12 22:15:00,-11.653
2017-11-12 22:00:00,-25.718
2017-11-12 21:45:00,-21.937
2017-11-12 21:30:00,-11.062
2017-11-12 21:15:00,-12.452
2017-11-12 21:00:00,-9.983
2017-11-12 20:45:00,-13.662
2017-11-12 20:30:00,-12.867
2017-11-12 20:15:00,-12.917
2017-11-12 20:00:00,-13.574
2017-11-12 19:45:00,-14.003
2017-11-12 19:30:00,-14.987
2017-11-12 19:15:00,-12.759
2017-11-12 19:00:00,-15.24
2017-11-12 18:45:00,-14.673
2017-11-12 18:30:00,-15.918
2017-11-12 18:15:00,-16.451
2017-11-12 18:00:00,-16.816
2017-11-12 17:45:00,-16.408
2017-11-12 17:30:00,-15.333
2017-11-12 17:15:00,-18.521
2017-11-12 17:00:00,-20.796
2017-11-12 16:45:00,-19.845
2017-11-12 16:30:00,-17.267
2017-11-12 16:15:00,-15.333
2017-11-12 16:00:00,-14.779
2017-11-12 15:45:00,-6.29
2017-11-12 15:30:00,-2.885
2017-11-12 15:15:00,-2.332
2017-11-12 15:00:00,-1.165
2017-11-12 14:45:00,10.044
2017-11-12 14:30:00,13.122
2017-11-12 14:15:00,15.034
2017-11-12 14:00:00,21.341
2017-11-12 13:45:00,6.251
2017-11-12 13:30:00,13.829
2017-11-12 13:15:00,17.788
2017-11-12 13:00:00,35.913
2017-11-12 12:45:00,55.289
2017-11-12 12:30:00,41.149
2017-11-12 12:15:00,142.344
2017-11-12 12:00:00,86.263
2017-11-12 11:45:00,40.142
2017-11-12 11:30:00,50.773
2017-11-12 11:15:00,65.019
2017-11-12 11:00:00,91.252
2017-11-12 10:45:00,55.562
2017-11-12 10:30:00,47.72
2017-11-12 10:15:00,32.656
2017-11-12 10:00:00,31.399
2017-11-12 09:45:00,15.158
2017-11-12 09:30:00,0.668
2017-11-12 09:15:00,7.737
2017-11-12 09:00:00,14.964
2017-11-12 08:45:00,3.296
2017-11-12 08:30:00,0.871
2017-11-12 08:15:00,0.369
2017-11-12 08:00:00,-0.561
2017-11-12 07:45:00,-1.224
2017-11-12 07:30:00,-1.477
2017-11-12 07:15:00,-8.413
2017-11-12 07:00:00,-11.035
2017-11-12 06:45:00,-13.13
2017-11-12 06:30:00,-15.803
2017-11-12 06:15:00,-18.197
2017-11-12 06:00:00,-17.337
2017-11-12 05:45:00,-20.109
2017-11-12 05:30:00,-19.624
2017-11-12 05:15:00,-20.451
2017-11-12 05:00:00,-17.576
2017-11-12 04:45:00,-21.935
2017-11-12 04:30:00,-18.6
2017-11-12 04:15:00,-19.89
2017-11-12 04:00:00,-19.212
2017-11-12 03:45:00,-21.045
2017-11-12 03:30:00,-19.602
2017-11-12 03:15:00,-19.331
2017-11-12 03:00:00,-21.287
2017-11-12 02:45:00,-19.099
2017-11-12 02:30:00,-18.67
2017-11-12 02:15:00,-20.218
2017-11-12 02:00:00,-20.438
2017-11-12 01:45:00,-19.231
2017-11-12 01:30:00,-20.11
2017-11-12 01:15:00,-20.034
2017-11-12 01:00:00,-20.926
2017-11-12 00:45:00,-19.114
2017-11-12 00:30:00,-21.68
2017-11-12 00:15:00,-20.783
2017-11-12 00:00:00,-19.903
2017-11-11 23:45:00,-20.258
2017-11-11 23:30:00,-21.136
2017-11-11 23:15:00,-19.93
2017-11-11 23:00:00,-21.127
2017-11-11 22:45:00,-19.781
2017-11-11 22:30:00,-21.82
2017-11-11 22:15:00,-20.168
2017-11-11 22:00:00,-22.304
2017-11-11 21:45:00,-21.397
2017-11-11 21:30:00,-23.129
2017-11-11 21:15:00,-22.245
2017-11-11 21:00:00,-22.925
2017-11-11 20:45:00,-23.859
2017-11-11 20:30:00,-22.273
2017-11-11 20:15:00,-23.976
2017-11-11 20:00:00,-24.316
2017-11-11 19:45:00,-25.482
2017-11-11 19:30:00,-23.92
2017-11-11 19:15:00,-24.337
2017-11-11 19:00:00,-25.263
2017-11-11 18:45:00,-24.422
2017-11-11 18:30:00,-25.797
2017-11-11 18:15:00,-26.482
2017-11-11 18:00:00,-26.335
2017-11-11 17:45:00,-24.56
2017-11-11 17:30:00,-29.756
2017-11-11 17:15:00,-26.948
2017-11-11 17:00:00,-30.488
2017-11-11 16:45:00,-27.679
2017-11-11 16:30:00,-21.869
2017-11-11 16:15:00,-6.966
2017-11-11 16:00:00,-0.928
2017-11-11 15:45:00,-0.931
2017-11-11 15:30:00,-0.931
2017-11-11 15:15:00,-0.932
2017-11-11 15:00:00,-0.931
2017-11-11 14:45:00,-0.929
2017-11-11 14:30:00,-0.928
2017-11-11 14:15:00,-0.929
2017-11-11 14:00:00,-0.927
2017-11-11 13:45:00,-0.927
2017-11-11 13:30:00,-0.926
2017-11-11 13:15:00,-0.926
2017-11-11 13:00:00,-0.923
2017-11-11 12:45:00,-0.923
2017-11-11 12:30:00,-0.924
2017-11-11 12:15:00,-0.924
2017-11-11 12:00:00,-0.924
2017-11-11 11:45:00,-0.923
2017-11-11 11:30:00,-0.776
2017-11-11 11:15:00,160.613
2017-11-11 11:00:00,168.392
2017-11-11 10:45:00,170.261
2017-11-11 10:30:00,173.821
2017-11-11 10:15:00,175.094
2017-11-11 10:00:00,171.398
2017-11-11 09:45:00,41.978
2017-11-11 09:30:00,40.635
2017-11-11 09:15:00,50.542
2017-11-11 09:00:00,32.681
2017-11-11 08:45:00,91.009
2017-11-11 08:30:00,71.6
2017-11-11 08:15:00,74.502
2017-11-11 08:00:00,74.472
2017-11-11 07:45:00,48.769
2017-11-11 07:30:00,25.515
2017-11-11 07:15:00,3.27
2017-11-11 07:00:00,-1.795
2017-11-11 06:45:00,-2.074
2017-11-11 06:30:00,-2.211
2017-11-11 06:15:00,-5.254
2017-11-11 06:00:00,-7.344
2017-11-11 05:45:00,-8.413
2017-11-11 05:30:00,-9.425
2017-11-11 05:15:00,-11.644
2017-11-11 05:00:00,-10.681
2017-11-11 04:45:00,-12.032
2017-11-11 04:30:00,-11.641
2017-11-11 04:15:00,-12.018
2017-11-11 04:00:00,-13.381
2017-11-11 03:45:00,-13.366
2017-11-11 03:30:00,-17.925
2017-11-11 03:15:00,-17.29
2017-11-11 03:00:00,-19.01
2017-11-11 02:45:00,-17.262
2017-11-11 02:30:00,-18.733
2017-11-11 02:15:00,-18.572
2017-11-11 02:00:00,-18.989
2017-11-11 01:45:00,-19.103
2017-11-11 01:30:00,-21.299
2017-11-11 01:15:00,-18.49
2017-11-11 01:00:00,-20.019
2017-11-11 00:45:00,-19.634
2017-11-11 00:30:00,-21.583
2017-11-11 00:15:00,-17.755
2017-11-11 00:00:00,-20.325
2017-11-10 23:45:00,-19.453
2017-11-10 23:30:00,-20.29
2017-11-10 23:15:00,-18.74
2017-11-10 23:00:00,-20.544
2017-11-10 22:45:00,-21.586
2017-11-10 22:30:00,-20.336
2017-11-10 22:15:00,-19.553
2017-11-10 22:00:00,-22.155
2017-11-10 21:45:00,-20.431
2017-11-10 21:30:00,-19.803
2017-11-10 21:15:00,-20.763
2017-11-10 21:00:00,-23.514
2017-11-10 20:45:00,-20.803
2017-11-10 20:30:00,-23.216
2017-11-10 20:15:00,-25.36
2017-11-10 20:00:00,-28.239
2017-11-10 19:45:00,-27.549
2017-11-10 19:30:00,-30.396
2017-11-10 19:15:00,-29.06
2017-11-10 19:00:00,-28.609
2017-11-10 18:45:00,-29.6
2017-11-10 18:30:00,-31.312
2017-11-10 18:15:00,-31.773
2017-11-10 18:00:00,-32.567
2017-11-10 17:45:00,-33.295
2017-11-10 17:30:00,-33.49
2017-11-10 17:15:00,-32.96
2017-11-10 17:00:00,-29.774
2017-11-10 16:45:00,-28.484
2017-11-10 16:30:00,-24.134
2017-11-10 16:15:00,-11.636
2017-11-10 16:00:00,-11.27
2017-11-10 15:45:00,-11.711
2017-11-10 15:30:00,-11.83
2017-11-10 15:15:00,-14.935
2017-11-10 15:00:00,-0.934
2017-11-10 14:45:00,-0.933
2017-11-10 14:30:00,-0.256
2017-11-10 14:15:00,-0.937
2017-11-10 14:00:00,-0.936
2017-11-10 13:45:00,-0.936
2017-11-10 13:30:00,0.012
2017-11-10 13:15:00,-0.343
2017-11-10 13:00:00,-0.937
2017-11-10 12:45:00,-0.118
2017-11-10 12:30:00,-0.941
2017-11-10 12:15:00,-0.024
2017-11-10 12:00:00,-0.076
2017-11-10 11:45:00,0.479
2017-11-10 11:30:00,2.297
2017-11-10 11:15:00,2.24
2017-11-10 11:00:00,7.123
2017-11-10 10:45:00,71.2
2017-11-10 10:30:00,43.095
2017-11-10 10:15:00,91.002
2017-11-10 10:00:00,83.652
2017-11-10 09:45:00,149.84
2017-11-10 09:30:00,131.286
2017-11-10 09:15:00,127.812
2017-11-10 09:00:00,119.405
2017-11-10 08:45:00,105.866
2017-11-10 08:30:00,97.695
2017-11-10 08:15:00,83.869
2017-11-10 08:00:00,68.524
2017-11-10 07:45:00,44.511
2017-11-10 07:30:00,19.905
2017-11-10 07:15:00,-0.788
2017-11-10 07:00:00,-8.187
2017-11-10 06:45:00,-7.994
2017-11-10 06:30:00,-13.249
2017-11-10 06:15:00,-14.122
2017-11-10 06:00:00,-11.569
2017-11-10 05:45:00,-11.202
2017-11-10 05:30:00,-17.271
2017-11-10 05:15:00,-5.511
2017-11-10 05:00:00,-1.771
2017-11-10 04:45:00,-1.563
2017-11-10 04:30:00,-2.075
2017-11-10 04:15:00,-1.12
2017-11-10 04:00:00,-1.299
2017-11-10 03:45:00,-1.571
2017-11-10 03:30:00,-1.565
2017-11-10 03:15:00,-1.624
2017-11-10 03:00:00,-1.571
2017-11-10 02:45:00,-1.684
2017-11-10 02:30:00,-1.255
2017-11-10 02:15:00,-3.691
2017-11-10 02:00:00,-8.54
2017-11-10 01:45:00,-5.06
2017-11-10 01:30:00,-5.436
2017-11-10 01:15:00,-6.306
2017-11-10 01:00:00,-6.775
2017-11-10 00:45:00,-5.825
2017-11-10 00:30:00,-7.678
2017-11-10 00:15:00,-7.599
2017-11-10 00:00:00,-6.97
2017-11-09 23:45:00,-6.806
2017-11-09 23:30:00,-7.788
2017-11-09 23:15:00,-7.647
2017-11-09 23:00:00,-6.12
2017-11-09 22:45:00,-7.778
2017-11-09 22:30:00,-6.727
2017-11-09 22:15:00,-7.811
2017-11-09 22:00:00,-5.749
2017-11-09 21:45:00,-10.094
2017-11-09 21:30:00,-11.032
2017-11-09 21:15:00,-8.976
2017-11-09 21:00:00,-11.554
2017-11-09 20:45:00,-11.866
2017-11-09 20:30:00,-13.537
2017-11-09 20:15:00,-18.978
2017-11-09 20:00:00,-31.8
2017-11-09 19:45:00,-32.4
2017-11-09 19:30:00,-32.772
2017-11-09 19:15:00,-33.849
2017-11-09 19:00:00,-34.325
2017-11-09 18:45:00,-35.721
2017-11-09 18:30:00,-38.282
2017-11-09 18:15:00,-39.368
2017-11-09 18:00:00,-39.785
2017-11-09 17:45:00,-38.783
2017-11-09 17:30:00,-40.594
2017-11-09 17:15:00,-52.968
2017-11-09 17:00:00,-48.668
2017-11-09 16:45:00,-48.907
2017-11-09 16:30:00,-58.99
2017-11-09 16:15:00,-63.901
2017-11-09 16:00:00,-40.165
2017-11-09 15:45:00,-12.057
2017-11-09 15:30:00,-1.708
2017-11-09 15:15:00,1.711
2017-11-09 15:00:00,-0.941
2017-11-09 14:45:00,0.754
2017-11-09 14:30:00,0.171
2017-11-09 14:15:00,0.147
2017-11-09 14:00:00,2.473
2017-11-09 13:45:00,1.186
2017-11-09 13:30:00,6.121
2017-11-09 13:15:00,26.234
2017-11-09 13:00:00,123.28
2017-11-09 12:45:00,136.718
2017-11-09 12:30:00,141.216
2017-11-09 12:15:00,130.558
2017-11-09 12:00:00,141.571
2017-11-09 11:45:00,147.227
2017-11-09 11:30:00,103.294
2017-11-09 11:15:00,141.776
2017-11-09 11:00:00,169.481
2017-11-09 10:45:00,118.631
2017-11-09 10:30:00,31.196
2017-11-09 10:15:00,26.762
2017-11-09 10:00:00,18.094
2017-11-09 09:45:00,7.238
2017-11-09 09:30:00,7.401
2017-11-09 09:15:00,-1.262
2017-11-09 09:00:00,-1.371
2017-11-09 08:45:00,-2.129
2017-11-09 08:30:00,-0.075
2017-11-09 08:15:00,9.882
2017-11-09 08:00:00,-5.004
2017-11-09 07:45:00,-17.13
2017-11-09 07:30:00,-9.373
2017-11-09 07:15:00,-16.796
2017-11-09 07:00:00,-24.142
2017-11-09 06:45:00,-19.352
2017-11-09 06:30:00,-15.997
2017-11-09 06:15:00,-19.984
2017-11-09 06:00:00,-20.837
2017-11-09 05:45:00,-19.511
2017-11-09 05:30:00,-21.93
2017-11-09 05:15:00,-6.163
2017-11-09 05:00:00,-2.953
2017-11-09 04:45:00,-2.999
2017-11-09 04:30:00,-2.507
2017-11-09 04:15:00,-3.11
2017-11-09 04:00:00,-2.782
2017-11-09 03:45:00,-2.716
2017-11-09 03:30:00,-4.96
2017-11-09 03:15:00,-3.913
2017-11-09 03:00:00,-4.272
2017-11-09 02:45:00,-4.17
2017-11-09 02:30:00,-3.593
2017-11-09 02:15:00,-6.165
2017-11-09 02:00:00,-4.577
2017-11-09 01:45:00,-8.84
2017-11-09 01:30:00,-6.941
2017-11-09 01:15:00,-6.958
2017-11-09 01:00:00,-7.862
2017-11-09 00:45:00,-8.1
2017-11-09 00:30:00,-7.426
2017-11-09 00:15:00,-7.683
2017-11-09 00:00:00,-7.7
2017-11-08 23:45:00,-13.192
2017-11-08 23:30:00,-8.634
2017-11-08 23:15:00,-8.567
2017-11-08 23:00:00,-9.115
2017-11-08 22:45:00,-7.936
2017-11-08 22:30:00,-7.537
2017-11-08 22:15:00,-8.982
2017-11-08 22:00:00,-8.772
2017-11-08 21:45:00,-8.983
2017-11-08 21:30:00,-11.69
2017-11-08 21:15:00,-10.926
2017-11-08 21:00:00,-12.308
2017-11-08 20:45:00,-13.24
2017-11-08 20:30:00,-14.033
2017-11-08 20:15:00,-18.861
2017-11-08 20:00:00,-27.398
2017-11-08 19:45:00,-27.46
2017-11-08 19:30:00,-28.16
2017-11-08 19:15:00,-26.709
2017-11-08 19:00:00,-29.512
2017-11-08 18:45:00,-29.831
2017-11-08 18:30:00,-33.93
2017-11-08 18:15:00,-30.875
2017-11-08 18:00:00,-31.307
2017-11-08 17:45:00,-32.681
2017-11-08 17:30:00,-38.549
2017-11-08 17:15:00,-55.688
2017-11-08 17:00:00,-47.772
2017-11-08 16:45:00,-52.817
2017-11-08 16:30:00,-58.122
2017-11-08 16:15:00,-57.84
2017-11-08 16:00:00,-56.604
2017-11-08 15:45:00,-17.965
2017-11-08 15:30:00,-29.705
2017-11-08 15:15:00,-33.468
2017-11-08 15:00:00,2.006
2017-11-08 14:45:00,5.202
2017-11-08 14:30:00,0.036
2017-11-08 14:15:00,-3.408
2017-11-08 14:00:00,2.446
2017-11-08 13:45:00,-0.518
2017-11-08 13:30:00,2.198
2017-11-08 13:15:00,2.437
2017-11-08 13:00:00,2.804
2017-11-08 12:45:00,16.385
2017-11-08 12:30:00,47.027
2017-11-08 12:15:00,32.169
2017-11-08 12:00:00,42.398
2017-11-08 11:45:00,32.128
2017-11-08 11:30:00,81.149
2017-11-08 11:15:00,97.626
2017-11-08 11:00:00,94.824
2017-11-08 10:45:00,76.672
2017-11-08 10:30:00,58.822
2017-11-08 10:15:00,52.085
2017-11-08 10:00:00,68.549
2017-11-08 09:45:00,62.626
2017-11-08 09:30:00,62.999
2017-11-08 09:15:00,49.034
2017-11-08 09:00:00,35.983
2017-11-08 08:45:00,37.996
2017-11-08 08:30:00,35.428
2017-11-08 08:15:00,27.723
2017-11-08 08:00:00,24.563
2017-11-08 07:45:00,13.354
2017-11-08 07:30:00,-0.153
2017-11-08 07:15:00,-1.053
2017-11-08 07:00:00,-1.665
2017-11-08 06:45:00,-0.922
2017-11-08 06:30:00,-1.505
2017-11-08 06:15:00,-1.642
2017-11-08 06:00:00,-1.606
2017-11-08 05:45:00,-1.631
2017-11-08 05:30:00,-1.743
2017-11-08 05:15:00,9.273
2017-11-08 05:00:00,9.647
2017-11-08 04:45:00,12.027
2017-11-08 04:30:00,11.947
2017-11-08 04:15:00,12.588
2017-11-08 04:00:00,9.953
2017-11-08 03:45:00,13.005
2017-11-08 03:30:00,10.584
2017-11-08 03:15:00,11.854
2017-11-08 03:00:00,11.149
2017-11-08 02:45:00,12.57
2017-11-08 02:30:00,10.805
2017-11-08 02:15:00,10.754
2017-11-08 02:00:00,12.845
2017-11-08 01:45:00,12.221
2017-11-08 01:30:00,10.806
2017-11-08 01:15:00,12.936
2017-11-08 01:00:00,11.043
2017-11-08 00:45:00,12.543
2017-11-08 00:30:00,11.129
2017-11-08 00:15:00,12.959
2017-11-08 00:00:00,10.159
2017-11-07 23:45:00,12.442
2017-11-07 23:30:00,11.28
2017-11-07 23:15:00,12.833
2017-11-07 23:00:00,10.753
2017-11-07 22:45:00,12.858
2017-11-07 22:30:00,10.44
2017-11-07 22:15:00,10.669
2017-11-07 22:00:00,8.939
2017-11-07 21:45:00,11.115
2017-11-07 21:30:00,8.404
2017-11-07 21:15:00,9.485
2017-11-07 21:00:00,9.87
2017-11-07 20:45:00,1.693
2017-11-07 20:30:00,-0.559
2017-11-07 20:15:00,-1.723
2017-11-07 20:00:00,-1.924
2017-11-07 19:45:00,-4.051
2017-11-07 19:30:00,-4.906
2017-11-07 19:15:00,-3.852
2017-11-07 19:00:00,-4.434
2017-11-07 18:45:00,-5.517
2017-11-07 18:30:00,-5.959
2017-11-07 18:15:00,-3.95
2017-11-07 18:00:00,-6.414
2017-11-07 17:45:00,-5.378
2017-11-07 17:30:00,-5.913
2017-11-07 17:15:00,-4.639
2017-11-07 17:00:00,-1.099
2017-11-07 16:45:00,-5.597
2017-11-07 16:30:00,-4.659
2017-11-07 16:15:00,-6.352
2017-11-07 16:00:00,-2.105
2017-11-07 15:45:00,-0.855
2017-11-07 15:30:00,-2.012
2017-11-07 15:15:00,-0.932
2017-11-07 15:00:00,-4.074
2017-11-07 14:45:00,-1.481
2017-11-07 14:30:00,-17.559
2017-11-07 14:15:00,-12.03
2017-11-07 14:00:00,-2.342
2017-11-07 13:45:00,-8.384
2017-11-07 13:30:00,-26.74
2017-11-07 13:15:00,-15.884
2017-11-07 13:00:00,2.303
2017-11-07 12:45:00,9.556
2017-11-07 12:30:00,10.296
2017-11-07 12:15:00,25.678
2017-11-07 12:00:00,119.926
2017-11-07 11:45:00,92.199
2017-11-07 11:30:00,9.119
2017-11-07 11:15:00,3.92
2017-11-07 11:00:00,-0.066
2017-11-07 10:45:00,3.772
2017-11-07 10:30:00,1.94
2017-11-07 10:15:00,-3.858
2017-11-07 10:00:00,0.382
2017-11-07 09:45:00,3.899
2017-11-07 09:30:00,0.448
2017-11-07 09:15:00,0.93
2017-11-07 09:00:00,73.16
2017-11-07 08:45:00,13.782
2017-11-07 08:30:00,-11.821
2017-11-07 08:15:00,-8.444
2017-11-07 08:00:00,-21.099
2017-11-07 07:45:00,-21.061
2017-11-07 07:30:00,-21.093
2017-11-07 07:15:00,-30.085
2017-11-07 07:00:00,-17.069
2017-11-07 06:45:00,-7.52
2017-11-07 06:30:00,-11.16
2017-11-07 06:15:00,-10.501
2017-11-07 06:00:00,-12.372
2017-11-07 05:45:00,-14.404
2017-11-07 05:30:00,-15.425
2017-11-07 05:15:00,-2.431
2017-11-07 05:00:00,-1.538
2017-11-07 04:45:00,-1.538
2017-11-07 04:30:00,-1.537
2017-11-07 04:15:00,-1.532
2017-11-07 04:00:00,-1.525
2017-11-07 03:45:00,-1.522
2017-11-07 03:30:00,-1.527
2017-11-07 03:15:00,-1.518
2017-11-07 03:00:00,-1.604
2017-11-07 02:45:00,-1.593
2017-11-07 02:30:00,-1.531
2017-11-07 02:15:00,-1.539
2017-11-07 02:00:00,-1.757
2017-11-07 01:45:00,-1.784
2017-11-07 01:30:00,-1.651
2017-11-07 01:15:00,-1.73
2017-11-07 01:00:00,-1.357
2017-11-07 00:45:00,-1.275
2017-11-07 00:30:00,-1.581
2017-11-07 00:15:00,-1.401
2017-11-07 00:00:00,-1.286
2017-11-06 23:45:00,-1.769
2017-11-06 23:30:00,-1.747
2017-11-06 23:15:00,-1.367
2017-11-06 23:00:00,-1.328
2017-11-06 22:45:00,-0.931
2017-11-06 22:30:00,-1.554
2017-11-06 22:15:00,-1.774
2017-11-06 22:00:00,-1.651
2017-11-06 21:45:00,-1.174
2017-11-06 21:30:00,-0.929
2017-11-06 21:15:00,-0.928
2017-11-06 21:00:00,-1.411
2017-11-06 20:45:00,-2.307
2017-11-06 20:30:00,-1.607
2017-11-06 20:15:00,-8.815
2017-11-06 20:00:00,-23.736
2017-11-06 19:45:00,-26.872
2017-11-06 19:30:00,-26.899
2017-11-06 19:15:00,-30.727
2017-11-06 19:00:00,-44.514
2017-11-06 18:45:00,-43.716
2017-11-06 18:30:00,-44.608
2017-11-06 18:15:00,-44.695
2017-11-06 18:00:00,-42.219
2017-11-06 17:45:00,-43.62
2017-11-06 17:30:00,-41.831
2017-11-06 17:15:00,-44.145
2017-11-06 17:00:00,-23.364
2017-11-06 16:45:00,-24.508
2017-11-06 16:30:00,-23.57
2017-11-06 16:15:00,-26.853
2017-11-06 16:00:00,-31.121
2017-11-06 15:45:00,-29.378
2017-11-06 15:30:00,-25.414
2017-11-06 15:15:00,-38.324
2017-11-06 15:00:00,-48.595
2017-11-06 14:45:00,-44.337
2017-11-06 14:30:00,-49.876
2017-11-06 14:15:00,-38.648
2017-11-06 14:00:00,-10.446
2017-11-06 13:45:00,32.137
2017-11-06 13:30:00,80.696
2017-11-06 13:15:00,94.727
2017-11-06 13:00:00,61.456
2017-11-06 12:45:00,7.486
2017-11-06 12:30:00,-3.976
2017-11-06 12:15:00,8.004
2017-11-06 12:00:00,23.892
2017-11-06 11:45:00,77.436
2017-11-06 11:30:00,33.313
2017-11-06 11:15:00,105.201
2017-11-06 11:00:00,109.731
2017-11-06 10:45:00,18.291
2017-11-06 10:30:00,-1.908
2017-11-06 10:15:00,-15.97
2017-11-06 10:00:00,66.75
2017-11-06 09:45:00,48.507
2017-11-06 09:30:00,106.546
2017-11-06 09:15:00,98.683
2017-11-06 09:00:00,85.474
2017-11-06 08:45:00,76.468
2017-11-06 08:30:00,63.196
2017-11-06 08:15:00,50.796
2017-11-06 08:00:00,33.61
2017-11-06 07:45:00,20.403
2017-11-06 07:30:00,-0.242
2017-11-06 07:15:00,-2.454
2017-11-06 07:00:00,-7.608
2017-11-06 06:45:00,-16.153
2017-11-06 06:30:00,-18.926
2017-11-06 06:15:00,-23.447
2017-11-06 06:00:00,-24.527
2017-11-06 05:45:00,-25.259
2017-11-06 05:30:00,-28.232
2017-11-06 05:15:00,-18.0
2017-11-06 05:00:00,-7.757
2017-11-06 04:45:00,-12.567
2017-11-06 04:30:00,-11.735
2017-11-06 04:15:00,-8.893
2017-11-06 04:00:00,-11.309
2017-11-06 03:45:00,-10.533
2017-11-06 03:30:00,-12.132
2017-11-06 03:15:00,-9.315
2017-11-06 03:00:00,-12.39
2017-11-06 02:45:00,-13.073
2017-11-06 02:30:00,-11.124
2017-11-06 02:15:00,-11.676
2017-11-06 02:00:00,-12.225
2017-11-06 01:45:00,-10.752
2017-11-06 01:30:00,-12.942
2017-11-06 01:15:00,-10.835
2017-11-06 01:00:00,-13.211
2017-11-06 00:45:00,-10.663
2017-11-06 00:30:00,-13.055
2017-11-06 00:15:00,-13.9
2017-11-06 00:00:00,-13.342
2017-11-05 23:45:00,-12.87
2017-11-05 23:30:00,-14.486
2017-11-05 23:15:00,-14.513
2017-11-05 23:00:00,-33.508
2017-11-05 22:45:00,-37.015
2017-11-05 22:30:00,-23.77
2017-11-05 22:15:00,-26.434
2017-11-05 22:00:00,-24.05
2017-11-05 21:45:00,-25.578
2017-11-05 21:30:00,-25.895
2017-11-05 21:15:00,-25.166
2017-11-05 21:00:00,-25.586
2017-11-05 20:45:00,-25.611
2017-11-05 20:30:00,-27.253
2017-11-05 20:15:00,-25.267
2017-11-05 20:00:00,-27.334
2017-11-05 19:45:00,-27.618
2017-11-05 19:30:00,-28.694
2017-11-05 19:15:00,-26.327
2017-11-05 19:00:00,-30.383
2017-11-05 18:45:00,-28.054
2017-11-05 18:30:00,-30.459
2017-11-05 18:15:00,-28.051
2017-11-05 18:00:00,-27.668
2017-11-05 17:45:00,-26.114
2017-11-05 17:30:00,-25.426
2017-11-05 17:15:00,-26.786
2017-11-05 17:00:00,-28.717
2017-11-05 16:45:00,-25.558
2017-11-05 16:30:00,-20.483
2017-11-05 16:15:00,-4.436
2017-11-05 16:00:00,0.588
2017-11-05 15:45:00,2.605
2017-11-05 15:30:00,-0.438
2017-11-05 15:15:00,1.882
2017-11-05 15:00:00,-1.973
2017-11-05 14:45:00,-0.33
2017-11-05 14:30:00,-0.924
2017-11-05 14:15:00,-0.117
2017-11-05 14:00:00,-0.932
2017-11-05 13:45:00,-0.045
2017-11-05 13:30:00,-0.272
2017-11-05 13:15:00,-0.93
2017-11-05 13:00:00,-0.928
2017-11-05 12:45:00,2.7
2017-11-05 12:30:00,0.0
2017-11-05 12:15:00,2.331
2017-11-05 12:00:00,3.542
2017-11-05 11:45:00,7.411
2017-11-05 11:30:00,39.2
2017-11-05 11:15:00,158.47
2017-11-05 11:00:00,125.644
2017-11-05 10:45:00,163.678
2017-11-05 10:30:00,97.46
2017-11-05 10:15:00,135.75
2017-11-05 10:00:00,102.666
2017-11-05 09:45:00,66.156
2017-11-05 09:30:00,95.729
2017-11-05 09:15:00,93.035
2017-11-05 09:00:00,48.826
2017-11-05 08:45:00,25.095
2017-11-05 08:30:00,10.738
2017-11-05 08:15:00,6.667
2017-11-05 08:00:00,-1.557
2017-11-05 07:45:00,2.963
2017-11-05 07:30:00,-1.11
2017-11-05 07:15:00,-0.093
2017-11-05 07:00:00,-0.537
2017-11-05 06:45:00,-3.302
2017-11-05 06:30:00,-4.922
2017-11-05 06:15:00,-8.729
2017-11-05 06:00:00,-9.668
2017-11-05 05:45:00,-8.026
2017-11-05 05:30:00,-11.84
2017-11-05 05:15:00,-9.43
2017-11-05 05:00:00,-9.14
2017-11-05 04:45:00,-10.228
2017-11-05 04:30:00,-11.391
2017-11-05 04:15:00,-7.489
2017-11-05 04:00:00,-10.87
2017-11-05 03:45:00,-9.035
2017-11-05 03:30:00,-11.669
2017-11-05 03:15:00,-9.601
2017-11-05 03:00:00,-11.496
2017-11-05 02:45:00,-10.719
2017-11-05 02:30:00,-9.134
2017-11-05 02:15:00,-11.859
2017-11-05 02:00:00,-10.096
2017-11-05 01:45:00,-10.68
2017-11-05 01:45:00,-10.641
2017-11-05 01:30:00,-9.782
2017-11-05 01:30:00,-11.46
2017-11-05 01:15:00,-10.712
2017-11-05 01:15:00,-13.759
2017-11-05 01:00:00,-11.158
2017-11-05 01:00:00,-9.991
2017-11-05 00:45:00,-12.355
2017-11-05 00:30:00,-12.191
2017-11-05 00:15:00,-14.463
2017-11-05 00:00:00,-12.201
2017-11-04 23:45:00,-12.57
2017-11-04 23:30:00,-15.425
2017-11-04 23:15:00,-15.524
2017-11-04 23:00:00,-14.618
2017-11-04 22:45:00,-18.265
2017-11-04 22:30:00,-19.148
2017-11-04 22:15:00,-18.667
2017-11-04 22:00:00,-20.059
2017-11-04 21:45:00,-19.619
2017-11-04 21:30:00,-22.447
2017-11-04 21:15:00,-20.033
2017-11-04 21:00:00,-25.645
2017-11-04 20:45:00,-25.035
2017-11-04 20:30:00,-24.208
2017-11-04 20:15:00,-25.175
2017-11-04 20:00:00,-27.147
2017-11-04 19:45:00,-27.826
2017-11-04 19:30:00,-28.394
2017-11-04 19:15:00,-29.375
2017-11-04 19:00:00,-25.528
2017-11-04 18:45:00,-26.521
2017-11-04 18:30:00,-22.744
2017-11-04 18:15:00,-27.563
2017-11-04 18:00:00,-25.947
2017-11-04 17:45:00,-38.218
2017-11-04 17:30:00,-32.371
2017-11-04 17:15:00,-17.909
2017-11-04 17:00:00,-0.924
2017-11-04 16:45:00,-0.924
2017-11-04 16:30:00,-0.926
2017-11-04 16:15:00,-0.614
2017-11-04 16:00:00,-0.077
2017-11-04 15:45:00,-0.152
2017-11-04 15:30:00,-1.327
2017-11-04 15:15:00,1.896
2017-11-04 15:00:00,-0.119
2017-11-04 14:45:00,-0.213
2017-11-04 14:30:00,-0.93
2017-11-04 14:15:00,-0.931
2017-11-04 14:00:00,-0.972
2017-11-04 13:45:00,-0.934
2017-11-04 13:30:00,1.881
2017-11-04 13:15:00,-0.936
2017-11-04 13:00:00,-0.024
2017-11-04 12:45:00,0.665
2017-11-04 12:30:00,0.752
2017-11-04 12:15:00,2.005
2017-11-04 12:00:00,4.325
2017-11-04 11:45:00,8.924
2017-11-04 11:30:00,170.324
2017-11-04 11:15:00,50.071
2017-11-04 11:00:00,171.269
2017-11-04 10:45:00,153.449
2017-11-04 10:30:00,153.035
2017-11-04 10:15:00,136.142
2017-11-04 10:00:00,126.846
2017-11-04 09:45:00,111.373
2017-11-04 09:30:00,87.844
2017-11-04 09:15:00,94.83
2017-11-04 09:00:00,81.18
2017-11-04 08:45:00,65.595
2017-11-04 08:30:00,38.91
2017-11-04 08:15:00,20.444
2017-11-04 08:00:00,0.983
2017-11-04 07:45:00,-1.343
2017-11-04 07:30:00,-1.786
2017-11-04 07:15:00,-3.93
2017-11-04 07:00:00,-3.318
2017-11-04 06:45:00,-6.764
2017-11-04 06:30:00,-6.702
2017-11-04 06:15:00,-5.488
2017-11-04 06:00:00,-8.999
2017-11-04 05:45:00,-6.007
2017-11-04 05:30:00,-5.888
2017-11-04 05:15:00,-5.642
2017-11-04 05:00:00,-6.184
2017-11-04 04:45:00,-7.515
2017-11-04 04:30:00,-5.034
2017-11-04 04:15:00,-8.201
2017-11-04 04:00:00,-6.404
2017-11-04 03:45:00,-9.289
2017-11-04 03:30:00,-6.246
2017-11-04 03:15:00,-7.738
2017-11-04 03:00:00,-6.632
2017-11-04 02:45:00,-8.314
2017-11-04 02:30:00,-5.213
2017-11-04 02:15:00,-9.571
2017-11-04 02:00:00,-7.466
2017-11-04 01:45:00,-6.701
2017-11-04 01:30:00,-8.683
2017-11-04 01:15:00,-8.773
2017-11-04 01:00:00,-8.345
2017-11-04 00:45:00,-6.404
2017-11-04 00:30:00,-9.272
2017-11-04 00:15:00,-7.483
2017-11-04 00:00:00,-8.802
2017-11-03 23:45:00,-8.281
2017-11-03 23:30:00,-8.352
2017-11-03 23:15:00,-9.683
2017-11-03 23:00:00,-9.003
2017-11-03 22:45:00,-9.341
2017-11-03 22:30:00,-10.136
2017-11-03 22:15:00,-9.37
2017-11-03 22:00:00,-10.331
2017-11-03 21:45:00,-9.828
2017-11-03 21:30:00,-11.24
2017-11-03 21:15:00,-21.077
2017-11-03 21:00:00,-26.684
2017-11-03 20:45:00,-29.783
2017-11-03 20:30:00,-29.041
2017-11-03 20:15:00,-43.156
2017-11-03 20:00:00,-49.03
2017-11-03 19:45:00,-49.797
2017-11-03 19:30:00,-49.171
2017-11-03 19:15:00,-51.619
2017-11-03 19:00:00,-47.693
2017-11-03 18:45:00,-48.633
2017-11-03 18:30:00,-47.989
2017-11-03 18:15:00,-50.184
2017-11-03 18:00:00,-49.534
2017-11-03 17:45:00,-47.64
2017-11-03 17:30:00,-51.44
2017-11-03 17:15:00,-48.819
2017-11-03 17:00:00,-36.756
2017-11-03 16:45:00,-31.636
2017-11-03 16:30:00,-29.98
2017-11-03 16:15:00,-36.616
2017-11-03 16:00:00,-43.238
2017-11-03 15:45:00,-26.192
2017-11-03 15:30:00,-6.836
2017-11-03 15:15:00,-0.955
2017-11-03 15:00:00,-0.939
2017-11-03 14:45:00,-0.939
2017-11-03 14:30:00,-0.936
2017-11-03 14:15:00,-0.938
2017-11-03 14:00:00,-0.933
2017-11-03 13:45:00,-0.933
2017-11-03 13:30:00,-0.933
2017-11-03 13:15:00,-0.936
2017-11-03 13:00:00,-0.936
2017-11-03 12:45:00,-0.937
2017-11-03 12:30:00,-0.93
2017-11-03 12:15:00,-0.927
2017-11-03 12:00:00,-0.926
2017-11-03 11:45:00,-0.922
2017-11-03 11:30:00,67.313
2017-11-03 11:15:00,106.286
2017-11-03 11:00:00,114.665
2017-11-03 10:45:00,119.546
2017-11-03 10:30:00,116.68
2017-11-03 10:15:00,105.588
2017-11-03 10:00:00,82.681
2017-11-03 09:45:00,64.078
2017-11-03 09:30:00,74.881
2017-11-03 09:15:00,60.922
2017-11-03 09:00:00,41.484
2017-11-03 08:45:00,19.202
2017-11-03 08:30:00,-5.628
2017-11-03 08:15:00,-3.772
2017-11-03 08:00:00,3.926
2017-11-03 07:45:00,-0.958
2017-11-03 07:30:00,-0.945
2017-11-03 07:15:00,-1.031
2017-11-03 07:00:00,-0.93
2017-11-03 06:45:00,-0.925
2017-11-03 06:30:00,-1.323
2017-11-03 06:15:00,-1.633
2017-11-03 06:00:00,-1.64
2017-11-03 05:45:00,-1.649
2017-11-03 05:30:00,-5.535
2017-11-03 05:15:00,-4.127
2017-11-03 05:00:00,-1.022
2017-11-03 04:45:00,-0.921
2017-11-03 04:30:00,-0.922
2017-11-03 04:15:00,-0.923
2017-11-03 04:00:00,-0.926
2017-11-03 03:45:00,-0.926
2017-11-03 03:30:00,-0.927
2017-11-03 03:15:00,-0.928
2017-11-03 03:00:00,-0.928
2017-11-03 02:45:00,-0.933
2017-11-03 02:30:00,-0.989
2017-11-03 02:15:00,-1.661
2017-11-03 02:00:00,-1.648
2017-11-03 01:45:00,-1.647
2017-11-03 01:30:00,-1.49
2017-11-03 01:15:00,-0.931
2017-11-03 01:00:00,-1.196
2017-11-03 00:45:00,-1.004
2017-11-03 00:30:00,-1.429
2017-11-03 00:15:00,-1.642
2017-11-03 00:00:00,-1.738
2017-11-02 23:45:00,-2.03
2017-11-02 23:30:00,-3.322
2017-11-02 23:15:00,-2.519
2017-11-02 23:00:00,-4.844
2017-11-02 22:45:00,-3.967
2017-11-02 22:30:00,-6.068
2017-11-02 22:15:00,-6.891
2017-11-02 22:00:00,-8.942
2017-11-02 21:45:00,-8.761
2017-11-02 21:30:00,-10.859
2017-11-02 21:15:00,-11.91
2017-11-02 21:00:00,-15.149
2017-11-02 20:45:00,-15.211
2017-11-02 20:30:00,-19.221
2017-11-02 20:15:00,-23.68
2017-11-02 20:00:00,-35.26
2017-11-02 19:45:00,-33.962
2017-11-02 19:30:00,-35.868
2017-11-02 19:15:00,-34.878
2017-11-02 19:00:00,-33.341
2017-11-02 18:45:00,-32.1
2017-11-02 18:30:00,-33.172
2017-11-02 18:15:00,-33.018
2017-11-02 18:00:00,-32.792
2017-11-02 17:45:00,-32.115
2017-11-02 17:30:00,-32.398
2017-11-02 17:15:00,-43.801
2017-11-02 17:00:00,-53.963
2017-11-02 16:45:00,-46.345
2017-11-02 16:30:00,-36.836
2017-11-02 16:15:00,-34.027
2017-11-02 16:00:00,-16.103
2017-11-02 15:45:00,-0.511
2017-11-02 15:30:00,-0.941
2017-11-02 15:15:00,-0.939
2017-11-02 15:00:00,-0.938
2017-11-02 14:45:00,-0.938
2017-11-02 14:30:00,-0.935
2017-11-02 14:15:00,-0.935
2017-11-02 14:00:00,0.244
2017-11-02 13:45:00,2.008
2017-11-02 13:30:00,-0.919
2017-11-02 13:15:00,-0.819
2017-11-02 13:00:00,-0.941
2017-11-02 12:45:00,0.54
2017-11-02 12:30:00,-0.79
2017-11-02 12:15:00,-0.25
2017-11-02 12:00:00,0.433
2017-11-02 11:45:00,-0.936
2017-11-02 11:30:00,-0.014
2017-11-02 11:15:00,-0.088
2017-11-02 11:00:00,1.932
2017-11-02 10:45:00,1.047
2017-11-02 10:30:00,12.247
2017-11-02 10:15:00,30.628
2017-11-02 10:00:00,17.753
2017-11-02 09:45:00,1.292
2017-11-02 09:30:00,-0.029
2017-11-02 09:15:00,1.92
2017-11-02 09:00:00,-1.007
2017-11-02 08:45:00,-3.994
2017-11-02 08:30:00,-11.408
2017-11-02 08:15:00,-13.926
2017-11-02 08:00:00,-0.434
2017-11-02 07:45:00,-1.081
2017-11-02 07:30:00,-0.93
2017-11-02 07:15:00,-4.024
2017-11-02 07:00:00,-1.308
2017-11-02 06:45:00,-1.742
2017-11-02 06:30:00,-2.022
2017-11-02 06:15:00,-1.612
2017-11-02 06:00:00,-1.605
2017-11-02 05:45:00,-1.172
2017-11-02 05:30:00,-2.261
2017-11-02 05:15:00,2.415
2017-11-02 05:00:00,4.304
2017-11-02 04:45:00,8.347
2017-11-02 04:30:00,15.056
2017-11-02 04:15:00,17.381
2017-11-02 04:00:00,18.624
2017-11-02 03:45:00,18.0
2017-11-02 03:30:00,17.303
2017-11-02 03:15:00,16.876
2017-11-02 03:00:00,18.365
2017-11-02 02:45:00,17.708
2017-11-02 02:30:00,17.571
2017-11-02 02:15:00,15.125
2017-11-02 02:00:00,17.84
2017-11-02 01:45:00,16.68
2017-11-02 01:30:00,17.559
2017-11-02 01:15:00,16.26
2017-11-02 01:00:00,16.002
2017-11-02 00:45:00,17.585
2017-11-02 00:30:00,16.15
2017-11-02 00:15:00,17.128
2017-11-02 00:00:00,16.419
2017-11-01 23:45:00,15.772
2017-11-01 23:30:00,16.609
2017-11-01 23:15:00,17.141
2017-11-01 23:00:00,16.73
2017-11-01 22:45:00,16.924
2017-11-01 22:30:00,16.98
2017-11-01 22:15:00,15.391
2017-11-01 22:00:00,16.714
2017-11-01 21:45:00,14.243
2017-11-01 21:30:00,14.551
2017-11-01 21:15:00,15.595
2017-11-01 21:00:00,15.017
2017-11-01 20:45:00,16.163
2017-11-01 20:30:00,14.088
2017-11-01 20:15:00,15.341
2017-11-01 20:00:00,12.519
2017-11-01 19:45:00,13.984
2017-11-01 19:30:00,11.189
2017-11-01 19:15:00,13.107
2017-11-01 19:00:00,15.44
2017-11-01 18:45:00,14.574
2017-11-01 18:30:00,13.399
2017-11-01 18:15:00,-0.559
2017-11-01 18:00:00,7.482
2017-11-01 17:45:00,14.389
2017-11-01 17:30:00,-1.239
2017-11-01 17:15:00,13.726
2017-11-01 17:00:00,2.754
2017-11-01 16:45:00,-0.939
2017-11-01 16:30:00,10.221
2017-11-01 16:15:00,11.565
2017-11-01 16:00:00,12.158
2017-11-01 15:45:00,4.217
2017-11-01 15:30:00,5.317
2017-11-01 15:15:00,10.608
2017-11-01 15:00:00,18.16
2017-11-01 14:45:00,84.638
2017-11-01 14:30:00,120.464
2017-11-01 14:15:00,57.016
2017-11-01 14:00:00,96.509
2017-11-01 13:45:00,101.274
2017-11-01 13:30:00,72.525
2017-11-01 13:15:00,78.892
2017-11-01 13:00:00,32.234
2017-11-01 12:45:00,34.84
2017-11-01 12:30:00,39.036
2017-11-01 12:15:00,12.463
2017-11-01 12:00:00,3.812
2017-11-01 11:45:00,-22.835
2017-11-01 11:30:00,-12.678
2017-11-01 11:15:00,-2.388
2017-11-01 11:00:00,-3.89
2017-11-01 10:45:00,-3.243
2017-11-01 10:30:00,-15.559
2017-11-01 10:15:00,-12.474
2017-11-01 10:00:00,-17.059
2017-11-01 09:45:00,-10.829
2017-11-01 09:30:00,-19.829
2017-11-01 09:15:00,-21.549
2017-11-01 09:00:00,-27.547
2017-11-01 08:45:00,-37.138
2017-11-01 08:30:00,-41.553
2017-11-01 08:15:00,-47.519
2017-11-01 08:00:00,-49.018
2017-11-01 07:45:00,-39.942
2017-11-01 07:30:00,-35.484
2017-11-01 07:15:00,-31.592
2017-11-01 07:00:00,-27.168
2017-11-01 06:45:00,-26.875
2017-11-01 06:30:00,-24.756
2017-11-01 06:15:00,-24.03
2017-11-01 06:00:00,-25.534
2017-11-01 05:45:00,-23.176
2017-11-01 05:30:00,-24.324
2017-11-01 05:15:00,-7.204
2017-11-01 05:00:00,-3.427
2017-11-01 04:45:00,-3.35
2017-11-01 04:30:00,-4.253
2017-11-01 04:15:00,-3.484
2017-11-01 04:00:00,-3.675
2017-11-01 03:45:00,-3.979
2017-11-01 03:30:00,-3.261
2017-11-01 03:15:00,-4.175
2017-11-01 03:00:00,-5.011
2017-11-01 02:45:00,-7.877
2017-11-01 02:30:00,-7.376
2017-11-01 02:15:00,-10.493
2017-11-01 02:00:00,-7.968
2017-11-01 01:45:00,-12.125
2017-11-01 01:30:00,-11.464
2017-11-01 01:15:00,-13.729
2017-11-01 01:00:00,-10.938
2017-11-01 00:45:00,-13.693
2017-11-01 00:30:00,-12.421
2017-11-01 00:15:00,-7.136
2017-11-01 00:00:00,17.995
2017-10-31 23:45:00,17.245
2017-10-31 23:30:00,18.523
2017-10-31 23:15:00,18.347
2017-10-31 23:00:00,17.705
2017-10-31 22:45:00,19.326
2017-10-31 22:30:00,16.947
2017-10-31 22:15:00,18.676
2017-10-31 22:00:00,17.402
2017-10-31 21:45:00,16.798
2017-10-31 21:30:00,18.634
2017-10-31 21:15:00,17.414
2017-10-31 21:00:00,18.52
2017-10-31 20:45:00,17.723
2017-10-31 20:30:00,18.84
2017-10-31 20:15:00,16.847
2017-10-31 20:00:00,17.883
2017-10-31 19:45:00,17.233
2017-10-31 19:30:00,16.369
2017-10-31 19:15:00,12.376
2017-10-31 19:00:00,18.074
2017-10-31 18:45:00,16.088
2017-10-31 18:30:00,18.361
2017-10-31 18:15:00,18.6
2017-10-31 18:00:00,25.658
2017-10-31 17:45:00,23.365
2017-10-31 17:30:00,38.481
2017-10-31 17:15:00,23.837
2017-10-31 17:00:00,25.703
2017-10-31 16:45:00,32.808
2017-10-31 16:30:00,47.281
2017-10-31 16:15:00,44.417
2017-10-31 16:00:00,64.203
2017-10-31 15:45:00,56.376
2017-10-31 15:30:00,28.48
2017-10-31 15:15:00,12.074
2017-10-31 15:00:00,3.505
2017-10-31 14:45:00,2.491
2017-10-31 14:30:00,-1.072
2017-10-31 14:15:00,9.554
2017-10-31 14:00:00,24.059
2017-10-31 13:45:00,9.128
2017-10-31 13:30:00,4.628
2017-10-31 13:15:00,2.735
2017-10-31 13:00:00,5.837
2017-10-31 12:45:00,-0.955
2017-10-31 12:30:00,-4.283
2017-10-31 12:15:00,-5.243
2017-10-31 12:00:00,-3.66
2017-10-31 11:45:00,-5.451
2017-10-31 11:30:00,-23.394
2017-10-31 11:15:00,-27.237
2017-10-31 11:00:00,-15.964
2017-10-31 10:45:00,-8.201
2017-10-31 10:30:00,-12.449
2017-10-31 10:15:00,-19.71
2017-10-31 10:00:00,-13.652
2017-10-31 09:45:00,-15.365
2017-10-31 09:30:00,-2.491
2017-10-31 09:15:00,-4.788
2017-10-31 09:00:00,-2.083
2017-10-31 08:45:00,-17.84
2017-10-31 08:30:00,-17.666
2017-10-31 08:15:00,-14.073
2017-10-31 08:00:00,-20.334
2017-10-31 07:45:00,-22.138
2017-10-31 07:30:00,-12.897
2017-10-31 07:15:00,-0.936
2017-10-31 07:00:00,-0.937
2017-10-31 06:45:00,-0.935
2017-10-31 06:30:00,-0.926
2017-10-31 06:15:00,-0.962
2017-10-31 06:00:00,-1.612
2017-10-31 05:45:00,-1.603
2017-10-31 05:30:00,-1.617
2017-10-31 05:15:00,14.851
2017-10-31 05:00:00,16.438
2017-10-31 04:45:00,17.452
2017-10-31 04:30:00,17.2
2017-10-31 04:15:00,16.439
2017-10-31 04:00:00,16.874
2017-10-31 03:45:00,16.495
2017-10-31 03:30:00,16.991
2017-10-31 03:15:00,17.238
2017-10-31 03:00:00,16.269
2017-10-31 02:45:00,16.309
2017-10-31 02:30:00,17.012
2017-10-31 02:15:00,17.4
2017-10-31 02:00:00,15.903
2017-10-31 01:45:00,16.975
2017-10-31 01:30:00,17.333
2017-10-31 01:15:00,15.831
2017-10-31 01:00:00,16.328
2017-10-31 00:45:00,15.903
2017-10-31 00:30:00,16.701
2017-10-31 00:15:00,17.182
2017-10-31 00:00:00,16.811
2017-10-30 23:45:00,16.182
2017-10-30 23:30:00,17.839
2017-10-30 23:15:00,16.587
2017-10-30 23:00:00,16.568
2017-10-30 22:45:00,16.508
2017-10-30 22:30:00,15.893
2017-10-30 22:15:00,15.281
2017-10-30 22:00:00,14.875
2017-10-30 21:45:00,15.173
2017-10-30 21:30:00,15.55
2017-10-30 21:15:00,14.606
2017-10-30 21:00:00,15.603
2017-10-30 20:45:00,14.618
2017-10-30 20:30:00,15.963
2017-10-30 20:15:00,14.544
2017-10-30 20:00:00,14.13
2017-10-30 19:45:00,13.048
2017-10-30 19:30:00,17.113
2017-10-30 19:15:00,7.431
2017-10-30 19:00:00,15.775
2017-10-30 18:45:00,13.338
2017-10-30 18:30:00,15.985
2017-10-30 18:15:00,-2.054
2017-10-30 18:00:00,-6.128
2017-10-30 17:45:00,-6.949
2017-10-30 17:30:00,-5.412
2017-10-30 17:15:00,-0.969
2017-10-30 17:00:00,11.928
2017-10-30 16:45:00,16.943
2017-10-30 16:30:00,7.623
2017-10-30 16:15:00,-0.942
2017-10-30 16:00:00,-0.938
2017-10-30 15:45:00,-5.202
2017-10-30 15:30:00,-2.832
2017-10-30 15:15:00,1.367
2017-10-30 15:00:00,13.553
2017-10-30 14:45:00,-0.561
2017-10-30 14:30:00,-0.937
2017-10-30 14:15:00,-0.934
2017-10-30 14:00:00,-0.932
2017-10-30 13:45:00,-0.934
2017-10-30 13:30:00,-0.934
2017-10-30 13:15:00,-0.968
2017-10-30 13:00:00,-0.972
2017-10-30 12:45:00,-0.173
2017-10-30 12:30:00,-0.937
2017-10-30 12:15:00,-0.943
2017-10-30 12:00:00,-0.941
2017-10-30 11:45:00,-0.945
2017-10-30 11:30:00,-0.945
2017-10-30 11:15:00,-0.943
2017-10-30 11:00:00,-3.738
2017-10-30 10:45:00,-27.655
2017-10-30 10:30:00,-25.459
2017-10-30 10:15:00,-34.19
2017-10-30 10:00:00,-36.413
2017-10-30 09:45:00,-22.526
2017-10-30 09:30:00,-20.035
2017-10-30 09:15:00,-17.651
2017-10-30 09:00:00,-20.291
2017-10-30 08:45:00,-29.234
2017-10-30 08:30:00,-28.832
2017-10-30 08:15:00,-33.471
2017-10-30 08:00:00,-35.409
2017-10-30 07:45:00,-39.498
2017-10-30 07:30:00,-41.893
2017-10-30 07:15:00,-30.417
2017-10-30 07:00:00,-30.386
2017-10-30 06:45:00,-28.699
2017-10-30 06:30:00,-30.635
2017-10-30 06:15:00,-30.752
2017-10-30 06:00:00,-22.276
2017-10-30 05:45:00,-23.427
2017-10-30 05:30:00,-22.728
2017-10-30 05:15:00,-5.24
2017-10-30 05:00:00,-3.303
2017-10-30 04:45:00,-3.263
2017-10-30 04:30:00,-3.203
2017-10-30 04:15:00,-3.692
2017-10-30 04:00:00,-3.029
2017-10-30 03:45:00,-3.643
2017-10-30 03:30:00,-3.563
2017-10-30 03:15:00,-4.298
2017-10-30 03:00:00,-3.037
2017-10-30 02:45:00,-4.097
2017-10-30 02:30:00,-3.163
2017-10-30 02:15:00,-5.26
2017-10-30 02:00:00,-3.137
2017-10-30 01:45:00,-3.569
2017-10-30 01:30:00,-4.369
2017-10-30 01:15:00,-7.226
2017-10-30 01:00:00,-12.215
2017-10-30 00:45:00,-11.623
2017-10-30 00:30:00,-12.256
2017-10-30 00:15:00,-11.69
2017-10-30 00:00:00,-13.261
2017-10-29 23:45:00,-11.531
2017-10-29 23:30:00,-13.075
2017-10-29 23:15:00,-13.243
2017-10-29 23:00:00,-14.823
2017-10-29 22:45:00,-19.213
2017-10-29 22:30:00,-37.435
2017-10-29 22:15:00,-19.974
2017-10-29 22:00:00,-17.05
2017-10-29 21:45:00,-18.276
2017-10-29 21:30:00,-18.728
2017-10-29 21:15:00,-18.978
2017-10-29 21:00:00,-18.045
2017-10-29 20:45:00,-19.898
2017-10-29 20:30:00,-19.745
2017-10-29 20:15:00,-20.56
2017-10-29 20:00:00,-29.134
2017-10-29 19:45:00,-31.27
2017-10-29 19:30:00,-32.625
2017-10-29 19:15:00,-34.873
2017-10-29 19:00:00,-32.71
2017-10-29 18:45:00,-31.744
2017-10-29 18:30:00,-33.697
2017-10-29 18:15:00,-35.726
2017-10-29 18:00:00,-36.645
2017-10-29 17:45:00,-35.64
2017-10-29 17:30:00,-29.342
2017-10-29 17:15:00,-17.735
2017-10-29 17:00:00,-8.82
2017-10-29 16:45:00,-10.77
2017-10-29 16:30:00,-1.523
2017-10-29 16:15:00,-0.949
2017-10-29 16:00:00,-0.948
2017-10-29 15:45:00,-0.937
2017-10-29 15:30:00,-0.934
2017-10-29 15:15:00,-0.936
2017-10-29 15:00:00,-0.937
2017-10-29 14:45:00,-0.939
2017-10-29 14:30:00,-0.94
2017-10-29 14:15:00,-0.941
2017-10-29 14:00:00,-0.942
2017-10-29 13:45:00,-0.943
2017-10-29 13:30:00,-0.939
2017-10-29 13:15:00,-0.94
2017-10-29 13:00:00,-0.932
2017-10-29 12:45:00,-0.934
2017-10-29 12:30:00,-1.33
2017-10-29 12:15:00,22.65
2017-10-29 12:00:00,154.601
2017-10-29 11:45:00,150.944
2017-10-29 11:30:00,149.001
2017-10-29 11:15:00,140.072
2017-10-29 11:00:00,132.371
2017-10-29 10:45:00,106.182
2017-10-29 10:30:00,97.299
2017-10-29 10:15:00,118.899
2017-10-29 10:00:00,82.654
2017-10-29 09:45:00,54.004
2017-10-29 09:30:00,33.812
2017-10-29 09:15:00,29.436
2017-10-29 09:00:00,10.705
2017-10-29 08:45:00,6.465
2017-10-29 08:30:00,-1.458
2017-10-29 08:15:00,-1.469
2017-10-29 08:00:00,-2.49
2017-10-29 07:45:00,-3.423
2017-10-29 07:30:00,-5.443
2017-10-29 07:15:00,-10.053
2017-10-29 07:00:00,-10.755
2017-10-29 06:45:00,-12.486
2017-10-29 06:30:00,-10.733
2017-10-29 06:15:00,-11.218
2017-10-29 06:00:00,-10.078
2017-10-29 05:45:00,-11.501
2017-10-29 05:30:00,-10.847
2017-10-29 05:15:00,-11.949
2017-10-29 05:00:00,-11.614
2017-10-29 04:45:00,-12.37
2017-10-29 04:30:00,-10.863
2017-10-29 04:15:00,-14.19
2017-10-29 04:00:00,-12.113
2017-10-29 03:45:00,-12.456
2017-10-29 03:30:00,-11.477
2017-10-29 03:15:00,-14.303
2017-10-29 03:00:00,-12.202
2017-10-29 02:45:00,-12.929
2017-10-29 02:30:00,-12.16
2017-10-29 02:15:00,-14.614
2017-10-29 02:00:00,-12.991
2017-10-29 01:45:00,-15.082
2017-10-29 01:30:00,-12.849
2017-10-29 01:15:00,-14.457
2017-10-29 01:00:00,-13.555
2017-10-29 00:45:00,-14.138
2017-10-29 00:30:00,-14.077
2017-10-29 00:15:00,-14.769
2017-10-29 00:00:00,-13.766
2017-10-28 23:45:00,-16.62
2017-10-28 23:30:00,-13.842
2017-10-28 23:15:00,-16.163
2017-10-28 23:00:00,-14.5
2017-10-28 22:45:00,-16.045
2017-10-28 22:30:00,-15.824
2017-10-28 22:15:00,-16.567
2017-10-28 22:00:00,-16.03
2017-10-28 21:45:00,-17.608
2017-10-28 21:30:00,-16.963
2017-10-28 21:15:00,-24.139
2017-10-28 21:00:00,-27.426
2017-10-28 20:45:00,-29.129
2017-10-28 20:30:00,-28.612
2017-10-28 20:15:00,-30.082
2017-10-28 20:00:00,-31.285
2017-10-28 19:45:00,-32.218
2017-10-28 19:30:00,-33.332
2017-10-28 19:15:00,-36.185
2017-10-28 19:00:00,-32.365
2017-10-28 18:45:00,-30.897
2017-10-28 18:30:00,-31.554
2017-10-28 18:15:00,-34.895
2017-10-28 18:00:00,-38.744
2017-10-28 17:45:00,-38.789
2017-10-28 17:30:00,-30.554
2017-10-28 17:15:00,-20.114
2017-10-28 17:00:00,-1.093
2017-10-28 16:45:00,-0.953
2017-10-28 16:30:00,-0.953
2017-10-28 16:15:00,-0.952
2017-10-28 16:00:00,-0.949
2017-10-28 15:45:00,-0.95
2017-10-28 15:30:00,-0.95
2017-10-28 15:15:00,-0.949
2017-10-28 15:00:00,-0.952
2017-10-28 14:45:00,-0.945
2017-10-28 14:30:00,-0.947
2017-10-28 14:15:00,-0.948
2017-10-28 14:00:00,-0.949
2017-10-28 13:45:00,-0.951
2017-10-28 13:30:00,-0.946
2017-10-28 13:15:00,-0.944
2017-10-28 13:00:00,-0.943
2017-10-28 12:45:00,-0.944
2017-10-28 12:30:00,-0.913
2017-10-28 12:15:00,47.721
2017-10-28 12:00:00,137.646
2017-10-28 11:45:00,137.978
2017-10-28 11:30:00,127.401
2017-10-28 11:15:00,131.829
2017-10-28 11:00:00,127.303
2017-10-28 10:45:00,136.082
2017-10-28 10:30:00,128.439
2017-10-28 10:15:00,122.929
2017-10-28 10:00:00,114.67
2017-10-28 09:45:00,109.785
2017-10-28 09:30:00,90.62
2017-10-28 09:15:00,50.777
2017-10-28 09:00:00,27.157
2017-10-28 08:45:00,0.524
2017-10-28 08:30:00,-1.222
2017-10-28 08:15:00,-1.878
2017-10-28 08:00:00,-7.653
2017-10-28 07:45:00,-11.901
2017-10-28 07:30:00,-12.3
2017-10-28 07:15:00,-19.954
2017-10-28 07:00:00,-20.07
2017-10-28 06:45:00,-13.753
2017-10-28 06:30:00,-2.043
2017-10-28 06:15:00,-1.445
2017-10-28 06:00:00,-1.614
2017-10-28 05:45:00,-2.293
2017-10-28 05:30:00,-1.677
2017-10-28 05:15:00,-1.557
2017-10-28 05:00:00,-1.517
2017-10-28 04:45:00,-1.556
2017-10-28 04:30:00,-1.518
2017-10-28 04:15:00,-1.514
2017-10-28 04:00:00,-2.904
2017-10-28 03:45:00,-1.745
2017-10-28 03:30:00,-1.721
2017-10-28 03:15:00,-1.64
2017-10-28 03:00:00,-1.967
2017-10-28 02:45:00,-2.017
2017-10-28 02:30:00,-2.758
2017-10-28 02:15:00,-1.687
2017-10-28 02:00:00,-1.573
2017-10-28 01:45:00,-1.568
2017-10-28 01:30:00,-1.695
2017-10-28 01:15:00,-3.023
2017-10-28 01:00:00,-1.654
2017-10-28 00:45:00,-1.691
2017-10-28 00:30:00,-1.554
2017-10-28 00:15:00,-1.326
2017-10-28 00:00:00,-2.307
2017-10-27 23:45:00,-1.795
2017-10-27 23:30:00,-1.693
2017-10-27 23:15:00,-2.104
2017-10-27 23:00:00,-1.932
2017-10-27 22:45:00,-9.236
2017-10-27 22:30:00,-22.855
2017-10-27 22:15:00,-26.293
2017-10-27 22:00:00,-27.309
2017-10-27 21:45:00,-26.46
2017-10-27 21:30:00,-24.98
2017-10-27 21:15:00,-30.214
2017-10-27 21:00:00,-27.441
2017-10-27 20:45:00,-31.741
2017-10-27 20:30:00,-42.779
2017-10-27 20:15:00,-42.735
2017-10-27 20:00:00,-43.635
2017-10-27 19:45:00,-48.374
2017-10-27 19:30:00,-46.763
2017-10-27 19:15:00,-49.341
2017-10-27 19:00:00,-59.257
2017-10-27 18:45:00,-57.839
2017-10-27 18:30:00,-58.831
2017-10-27 18:15:00,-72.965
2017-10-27 18:00:00,-83.264
2017-10-27 17:45:00,-74.353
2017-10-27 17:30:00,-64.013
2017-10-27 17:15:00,-59.48
2017-10-27 17:00:00,-43.587
2017-10-27 16:45:00,-27.402
2017-10-27 16:30:00,-11.116
2017-10-27 16:15:00,-3.134
2017-10-27 16:00:00,-0.956
2017-10-27 15:45:00,-0.956
2017-10-27 15:30:00,-0.954
2017-10-27 15:15:00,-0.956
2017-10-27 15:00:00,-0.954
2017-10-27 14:45:00,-0.956
2017-10-27 14:30:00,-0.951
2017-10-27 14:15:00,-0.949
2017-10-27 14:00:00,-0.949
2017-10-27 13:45:00,-0.952
2017-10-27 13:30:00,-0.952
2017-10-27 13:15:00,-0.941
2017-10-27 13:00:00,-0.902
2017-10-27 12:45:00,88.997
2017-10-27 12:30:00,131.144
2017-10-27 12:15:00,123.766
2017-10-27 12:00:00,131.19
2017-10-27 11:45:00,126.685
2017-10-27 11:30:00,126.549
2017-10-27 11:15:00,107.506
2017-10-27 11:00:00,105.117
2017-10-27 10:45:00,100.306
2017-10-27 10:30:00,86.056
2017-10-27 10:15:00,75.138
2017-10-27 10:00:00,84.175
2017-10-27 09:45:00,78.76
2017-10-27 09:30:00,68.143
2017-10-27 09:15:00,56.731
2017-10-27 09:00:00,44.709
2017-10-27 08:45:00,32.45
2017-10-27 08:30:00,11.633
2017-10-27 08:15:00,-0.618
2017-10-27 08:00:00,-11.849
2017-10-27 07:45:00,-25.838
2017-10-27 07:30:00,-35.964
2017-10-27 07:15:00,-50.707
2017-10-27 07:00:00,-31.751
2017-10-27 06:45:00,-28.435
2017-10-27 06:30:00,-27.491
2017-10-27 06:15:00,-27.689
2017-10-27 06:00:00,-23.336
2017-10-27 05:45:00,-18.85
2017-10-27 05:30:00,-17.807
2017-10-27 05:15:00,-14.249
2017-10-27 05:00:00,-0.935
2017-10-27 04:45:00,-0.939
2017-10-27 04:30:00,-1.278
2017-10-27 04:15:00,-1.565
2017-10-27 04:00:00,-1.733
2017-10-27 03:45:00,-2.529
2017-10-27 03:30:00,-2.158
2017-10-27 03:15:00,-2.414
2017-10-27 03:00:00,-1.967
2017-10-27 02:45:00,-2.358
2017-10-27 02:30:00,-1.988
2017-10-27 02:15:00,-2.919
2017-10-27 02:00:00,-2.281
2017-10-27 01:45:00,-2.315
2017-10-27 01:30:00,-2.731
2017-10-27 01:15:00,-3.639
2017-10-27 01:00:00,-2.691
2017-10-27 00:45:00,-15.624
2017-10-27 00:30:00,-17.226
2017-10-27 00:15:00,-8.136
2017-10-27 00:00:00,-4.614
2017-10-26 23:45:00,-4.997
2017-10-26 23:30:00,-14.553
2017-10-26 23:15:00,-18.479
2017-10-26 23:00:00,-16.899
2017-10-26 22:45:00,-16.579
2017-10-26 22:30:00,-16.516
2017-10-26 22:15:00,-17.708
2017-10-26 22:00:00,-23.652
2017-10-26 21:45:00,-25.324
2017-10-26 21:30:00,-25.996
2017-10-26 21:15:00,-24.854
2017-10-26 21:00:00,-25.41
2017-10-26 20:45:00,-26.574
2017-10-26 20:30:00,-25.44
2017-10-26 20:15:00,-28.746
2017-10-26 20:00:00,-30.356
2017-10-26 19:45:00,-33.16
2017-10-26 19:30:00,-36.357
2017-10-26 19:15:00,-38.664
2017-10-26 19:00:00,-41.163
2017-10-26 18:45:00,-36.838
2017-10-26 18:30:00,-39.452
2017-10-26 18:15:00,-42.144
2017-10-26 18:00:00,-56.157
2017-10-26 17:45:00,-55.951
2017-10-26 17:30:00,-62.797
2017-10-26 17:15:00,-53.395
2017-10-26 17:00:00,-46.247
2017-10-26 16:45:00,-29.761
2017-10-26 16:30:00,-16.779
2017-10-26 16:15:00,-1.568
2017-10-26 16:00:00,-0.961
2017-10-26 15:45:00,-0.966
2017-10-26 15:30:00,-0.963
2017-10-26 15:15:00,-0.965
2017-10-26 15:00:00,-0.962
2017-10-26 14:45:00,-0.962
2017-10-26 14:30:00,-0.96
2017-10-26 14:15:00,-0.922
2017-10-26 14:00:00,74.203
2017-10-26 13:45:00,98.106
2017-10-26 13:30:00,95.909
2017-10-26 13:15:00,101.9
2017-10-26 13:00:00,90.536
2017-10-26 12:45:00,104.99
2017-10-26 12:30:00,95.915
2017-10-26 12:15:00,93.456
2017-10-26 12:00:00,90.989
2017-10-26 11:45:00,91.6
2017-10-26 11:30:00,82.288
2017-10-26 11:15:00,82.861
2017-10-26 11:00:00,88.544
2017-10-26 10:45:00,88.816
2017-10-26 10:30:00,74.312
2017-10-26 10:15:00,65.081
2017-10-26 10:00:00,57.678
2017-10-26 09:45:00,43.904
2017-10-26 09:30:00,37.775
2017-10-26 09:15:00,32.153
2017-10-26 09:00:00,13.849
2017-10-26 08:45:00,20.877
2017-10-26 08:30:00,9.568
2017-10-26 08:15:00,-9.066
2017-10-26 08:00:00,-19.949
2017-10-26 07:45:00,-29.673
2017-10-26 07:30:00,-23.431
2017-10-26 07:15:00,-13.659
2017-10-26 07:00:00,-17.133
2017-10-26 06:45:00,-21.26
2017-10-26 06:30:00,-20.145
2017-10-26 06:15:00,-25.794
2017-10-26 06:00:00,-22.292
2017-10-26 05:45:00,-16.826
2017-10-26 05:30:00,-16.89
2017-10-26 05:15:00,-4.848
2017-10-26 05:00:00,-1.716
2017-10-26 04:45:00,-0.996
2017-10-26 04:30:00,-1.231
2017-10-26 04:15:00,-1.576
2017-10-26 04:00:00,-0.946
2017-10-26 03:45:00,-0.948
2017-10-26 03:30:00,-1.209
2017-10-26 03:15:00,-1.686
2017-10-26 03:00:00,-1.528
2017-10-26 02:45:00,-1.337
2017-10-26 02:30:00,-0.995
2017-10-26 02:15:00,-2.979
2017-10-26 02:00:00,-1.935
2017-10-26 01:45:00,-1.044
2017-10-26 01:30:00,-1.028
2017-10-26 01:15:00,-15.852
2017-10-26 01:00:00,-17.513
2017-10-26 00:45:00,-19.594
2017-10-26 00:30:00,-21.457
2017-10-26 00:15:00,-20.388
2017-10-26 00:00:00,-19.247
2017-10-25 23:45:00,-19.928
2017-10-25 23:30:00,-20.051
2017-10-25 23:15:00,-18.572
2017-10-25 23:00:00,-25.565
2017-10-25 22:45:00,-22.073
2017-10-25 22:30:00,-23.619
2017-10-25 22:15:00,-23.929
2017-10-25 22:00:00,-24.524
2017-10-25 21:45:00,-35.294
2017-10-25 21:30:00,-27.841
2017-10-25 21:15:00,-24.824
2017-10-25 21:00:00,-27.583
2017-10-25 20:45:00,-26.724
2017-10-25 20:30:00,-33.264
2017-10-25 20:15:00,-28.788
2017-10-25 20:00:00,-33.792
2017-10-25 19:45:00,-34.882
2017-10-25 19:30:00,-40.976
2017-10-25 19:15:00,-37.965
2017-10-25 19:00:00,-40.341
2017-10-25 18:45:00,-38.389
2017-10-25 18:30:00,-45.301
2017-10-25 18:15:00,-44.723
2017-10-25 18:00:00,-62.235
2017-10-25 17:45:00,-56.99
2017-10-25 17:30:00,-56.432
2017-10-25 17:15:00,-54.747
2017-10-25 17:00:00,-32.855
2017-10-25 16:45:00,-24.376
2017-10-25 16:30:00,-18.05
2017-10-25 16:15:00,-19.91
2017-10-25 16:00:00,-1.739
2017-10-25 15:45:00,-0.969
2017-10-25 15:30:00,-0.968
2017-10-25 15:15:00,-0.969
2017-10-25 15:00:00,-0.948
2017-10-25 14:45:00,60.575
2017-10-25 14:30:00,85.793
2017-10-25 14:15:00,75.182
2017-10-25 14:00:00,81.504
2017-10-25 13:45:00,87.66
2017-10-25 13:30:00,85.13
2017-10-25 13:15:00,91.501
2017-10-25 13:00:00,86.201
2017-10-25 12:45:00,92.144
2017-10-25 12:30:00,80.818
2017-10-25 12:15:00,79.809
2017-10-25 12:00:00,78.491
2017-10-25 11:45:00,74.507
2017-10-25 11:30:00,85.289
2017-10-25 11:15:00,75.24
2017-10-25 11:00:00,90.713
2017-10-25 10:45:00,68.513
2017-10-25 10:30:00,72.212
2017-10-25 10:15:00,60.345
2017-10-25 10:00:00,67.69
2017-10-25 09:45:00,55.356
2017-10-25 09:30:00,42.632
2017-10-25 09:15:00,34.67
2017-10-25 09:00:00,26.608
2017-10-25 08:45:00,10.446
2017-10-25 08:30:00,0.53
2017-10-25 08:15:00,-0.942
2017-10-25 08:00:00,-0.947
2017-10-25 07:45:00,-2.792
2017-10-25 07:30:00,-21.906
2017-10-25 07:15:00,-16.973
2017-10-25 07:00:00,-23.175
2017-10-25 06:45:00,-24.28
2017-10-25 06:30:00,-21.669
2017-10-25 06:15:00,-22.711
2017-10-25 06:00:00,-17.878
2017-10-25 05:45:00,-11.729
2017-10-25 05:30:00,-13.799
2017-10-25 05:15:00,-6.701
2017-10-25 05:00:00,-1.415
2017-10-25 04:45:00,-1.232
2017-10-25 04:30:00,-0.943
2017-10-25 04:15:00,-0.946
2017-10-25 04:00:00,-1.0
2017-10-25 03:45:00,-2.488
2017-10-25 03:30:00,-7.892
2017-10-25 03:15:00,-7.678
2017-10-25 03:00:00,-6.519
2017-10-25 02:45:00,-9.555
2017-10-25 02:30:00,-7.311
2017-10-25 02:15:00,-11.315
2017-10-25 02:00:00,-9.71
2017-10-25 01:45:00,-11.792
2017-10-25 01:30:00,-16.697
2017-10-25 01:15:00,-14.169
2017-10-25 01:00:00,-12.937
2017-10-25 00:45:00,-16.018
2017-10-25 00:30:00,-15.591
2017-10-25 00:15:00,-20.225
2017-10-25 00:00:00,-19.676
2017-10-24 23:45:00,-21.15
2017-10-24 23:30:00,-19.434
2017-10-24 23:15:00,-21.399
2017-10-24 23:00:00,-27.707
2017-10-24 22:45:00,-24.66
2017-10-24 22:30:00,-24.078
2017-10-24 22:15:00,-26.245
2017-10-24 22:00:00,-24.697
2017-10-24 21:45:00,-24.705
2017-10-24 21:30:00,-29.83
2017-10-24 21:15:00,-25.917
2017-10-24 21:00:00,-23.82
2017-10-24 20:45:00,-26.893
2017-10-24 20:30:00,-28.414
2017-10-24 20:15:00,-26.3
2017-10-24 20:00:00,-31.144
2017-10-24 19:45:00,-31.537
2017-10-24 19:30:00,-37.393
2017-10-24 19:15:00,-37.312
2017-10-24 19:00:00,-28.488
2017-10-24 18:45:00,-30.917
2017-10-24 18:30:00,-34.16
2017-10-24 18:15:00,-56.519
2017-10-24 18:00:00,-84.31
2017-10-24 17:45:00,-91.146
2017-10-24 17:30:00,-67.882
2017-10-24 17:15:00,-67.834
2017-10-24 17:00:00,-49.563
2017-10-24 16:45:00,-43.81
2017-10-24 16:30:00,-25.288
2017-10-24 16:15:00,-10.044
2017-10-24 16:00:00,-2.48
2017-10-24 15:45:00,-0.971
2017-10-24 15:30:00,-0.971
2017-10-24 15:15:00,-0.974
2017-10-24 15:00:00,-0.97
2017-10-24 14:45:00,-0.964
2017-10-24 14:30:00,-0.965
2017-10-24 14:15:00,-0.966
2017-10-24 14:00:00,-0.962
2017-10-24 13:45:00,14.32
2017-10-24 13:30:00,92.952
2017-10-24 13:15:00,99.384
2017-10-24 13:00:00,99.903
2017-10-24 12:45:00,91.894
2017-10-24 12:30:00,94.829
2017-10-24 12:15:00,94.264
2017-10-24 12:00:00,87.569
2017-10-24 11:45:00,94.627
2017-10-24 11:30:00,89.801
2017-10-24 11:15:00,83.407
2017-10-24 11:00:00,88.249
2017-10-24 10:45:00,83.751
2017-10-24 10:30:00,74.297
2017-10-24 10:15:00,71.708
2017-10-24 10:00:00,54.813
2017-10-24 09:45:00,51.999
2017-10-24 09:30:00,41.165
2017-10-24 09:15:00,28.182
2017-10-24 09:00:00,32.068
2017-10-24 08:45:00,25.54
2017-10-24 08:30:00,23.977
2017-10-24 08:15:00,24.047
2017-10-24 08:00:00,4.807
2017-10-24 07:45:00,-5.142
2017-10-24 07:30:00,-11.431
2017-10-24 07:15:00,-21.49
2017-10-24 07:00:00,-19.619
2017-10-24 06:45:00,-23.562
2017-10-24 06:30:00,-21.482
2017-10-24 06:15:00,-31.234
2017-10-24 06:00:00,-26.83
2017-10-24 05:45:00,-28.616
2017-10-24 05:30:00,-28.257
2017-10-24 05:15:00,-12.181
2017-10-24 05:00:00,-5.261
2017-10-24 04:45:00,-1.403
2017-10-24 04:30:00,-0.939
2017-10-24 04:15:00,-1.808
2017-10-24 04:00:00,-1.478
2017-10-24 03:45:00,-1.378
2017-10-24 03:30:00,-1.892
2017-10-24 03:15:00,-2.325
2017-10-24 03:00:00,-2.248
2017-10-24 02:45:00,-2.102
2017-10-24 02:30:00,-1.863
2017-10-24 02:15:00,-1.473
2017-10-24 02:00:00,-2.31
2017-10-24 01:45:00,-2.231
2017-10-24 01:30:00,-1.746
2017-10-24 01:15:00,-2.686
2017-10-24 01:00:00,-4.679
2017-10-24 00:45:00,-1.866
2017-10-24 00:30:00,-3.835
2017-10-24 00:15:00,-3.033
2017-10-24 00:00:00,-18.244
2017-10-23 23:45:00,-20.5
2017-10-23 23:30:00,-18.878
2017-10-23 23:15:00,-23.791
2017-10-23 23:00:00,-22.464
2017-10-23 22:45:00,-23.435
2017-10-23 22:30:00,-23.257
2017-10-23 22:15:00,-26.284
2017-10-23 22:00:00,-24.955
2017-10-23 21:45:00,-27.68
2017-10-23 21:30:00,-26.04
2017-10-23 21:15:00,-28.62
2017-10-23 21:00:00,-27.244
2017-10-23 20:45:00,-31.179
2017-10-23 20:30:00,-28.133
2017-10-23 20:15:00,-35.502
2017-10-23 20:00:00,-34.683
2017-10-23 19:45:00,-41.018
2017-10-23 19:30:00,-37.308
2017-10-23 19:15:00,-40.394
2017-10-23 19:00:00,-41.492
2017-10-23 18:45:00,-39.895
2017-10-23 18:30:00,-43.128
2017-10-23 18:15:00,-49.741
2017-10-23 18:00:00,-61.917
2017-10-23 17:45:00,-60.413
2017-10-23 17:30:00,-70.195
2017-10-23 17:15:00,-42.599
2017-10-23 17:00:00,-21.855
2017-10-23 16:45:00,-10.711
2017-10-23 16:30:00,-7.425
2017-10-23 16:15:00,-7.939
2017-10-23 16:00:00,-1.091
2017-10-23 15:45:00,-0.956
2017-10-23 15:30:00,-0.955
2017-10-23 15:15:00,-0.958
2017-10-23 15:00:00,-0.957
2017-10-23 14:45:00,-0.777
2017-10-23 14:30:00,33.023
2017-10-23 14:15:00,42.227
2017-10-23 14:00:00,45.03
2017-10-23 13:45:00,52.246
2017-10-23 13:30:00,56.064
2017-10-23 13:15:00,45.647
2017-10-23 13:00:00,59.569
2017-10-23 12:45:00,58.028
2017-10-23 12:30:00,63.512
2017-10-23 12:15:00,58.221
2017-10-23 12:00:00,65.532
2017-10-23 11:45:00,62.976
2017-10-23 11:30:00,60.069
2017-10-23 11:15:00,49.202
2017-10-23 11:00:00,69.41
2017-10-23 10:45:00,69.672
2017-10-23 10:30:00,66.221
2017-10-23 10:15:00,57.003
2017-10-23 10:00:00,50.363
2017-10-23 09:45:00,56.682
2017-10-23 09:30:00,41.652
2017-10-23 09:15:00,26.133
2017-10-23 09:00:00,19.022
2017-10-23 08:45:00,1.265
2017-10-23 08:30:00,-4.608
2017-10-23 08:15:00,-4.758
2017-10-23 08:00:00,-5.944
2017-10-23 07:45:00,-22.022
2017-10-23 07:30:00,-26.854
2017-10-23 07:15:00,-29.173
2017-10-23 07:00:00,-30.052
2017-10-23 06:45:00,-29.303
2017-10-23 06:30:00,-27.567
2017-10-23 06:15:00,-25.427
2017-10-23 06:00:00,-24.17
2017-10-23 05:45:00,-25.876
2017-10-23 05:30:00,-24.45
2017-10-23 05:15:00,-8.45
2017-10-23 05:00:00,-3.838
2017-10-23 04:45:00,-6.012
2017-10-23 04:30:00,-4.644
2017-10-23 04:15:00,-4.578
2017-10-23 04:00:00,-7.886
2017-10-23 03:45:00,-3.654
2017-10-23 03:30:00,-5.001
2017-10-23 03:15:00,-6.101
2017-10-23 03:00:00,-5.979
2017-10-23 02:45:00,-6.182
2017-10-23 02:30:00,-5.912
2017-10-23 02:15:00,-6.453
2017-10-23 02:00:00,-5.828
2017-10-23 01:45:00,-6.437
2017-10-23 01:30:00,-7.012
2017-10-23 01:15:00,-6.047
2017-10-23 01:00:00,-6.37
2017-10-23 00:45:00,-7.065
2017-10-23 00:30:00,-6.464
2017-10-23 00:15:00,-6.685
2017-10-23 00:00:00,-9.708
2017-10-22 23:45:00,-8.084
2017-10-22 23:30:00,-12.108
2017-10-22 23:15:00,-9.416
2017-10-22 23:00:00,-12.085
2017-10-22 22:45:00,-21.378
2017-10-22 22:30:00,-27.977
2017-10-22 22:15:00,-10.617
2017-10-22 22:00:00,-12.794
2017-10-22 21:45:00,-11.199
2017-10-22 21:30:00,-14.824
2017-10-22 21:15:00,-12.629
2017-10-22 21:00:00,-19.42
2017-10-22 20:45:00,-14.073
2017-10-22 20:30:00,-19.338
2017-10-22 20:15:00,-14.649
2017-10-22 20:00:00,-28.4
2017-10-22 19:45:00,-33.222
2017-10-22 19:30:00,-38.311
2017-10-22 19:15:00,-34.914
2017-10-22 19:00:00,-35.865
2017-10-22 18:45:00,-32.75
2017-10-22 18:30:00,-37.34
2017-10-22 18:15:00,-36.284
2017-10-22 18:00:00,-44.436
2017-10-22 17:45:00,-37.335
2017-10-22 17:30:00,-29.809
2017-10-22 17:15:00,-8.273
2017-10-22 17:00:00,-3.911
2017-10-22 16:45:00,-0.954
2017-10-22 16:30:00,-0.952
2017-10-22 16:15:00,-0.95
2017-10-22 16:00:00,-0.946
2017-10-22 15:45:00,-0.948
2017-10-22 15:30:00,-0.949
2017-10-22 15:15:00,-0.949
2017-10-22 15:00:00,-0.95
2017-10-22 14:45:00,-0.951
2017-10-22 14:30:00,-0.947
2017-10-22 14:15:00,-0.947
2017-10-22 14:00:00,-0.944
2017-10-22 13:45:00,-0.94
2017-10-22 13:30:00,-0.938
2017-10-22 13:15:00,-0.935
2017-10-22 13:00:00,-0.939
2017-10-22 12:45:00,-0.942
2017-10-22 12:30:00,-0.94
2017-10-22 12:15:00,-0.94
2017-10-22 12:00:00,-0.934
2017-10-22 11:45:00,-0.927
2017-10-22 11:30:00,-1.301
2017-10-22 11:15:00,141.679
2017-10-22 11:00:00,154.681
2017-10-22 10:45:00,151.563
2017-10-22 10:30:00,147.558
2017-10-22 10:15:00,134.708
2017-10-22 10:00:00,131.297
2017-10-22 09:45:00,121.467
2017-10-22 09:30:00,111.003
2017-10-22 09:15:00,98.136
2017-10-22 09:00:00,85.819
2017-10-22 08:45:00,71.778
2017-10-22 08:30:00,56.166
2017-10-22 08:15:00,39.518
2017-10-22 08:00:00,17.582
2017-10-22 07:45:00,-2.561
2017-10-22 07:30:00,-21.86
2017-10-22 07:15:00,-28.381
2017-10-22 07:00:00,-28.88
2017-10-22 06:45:00,-25.804
2017-10-22 06:30:00,-11.926
2017-10-22 06:15:00,-10.763
2017-10-22 06:00:00,-10.027
2017-10-22 05:45:00,-10.63
2017-10-22 05:30:00,-9.55
2017-10-22 05:15:00,-12.171
2017-10-22 05:00:00,-10.862
2017-10-22 04:45:00,-13.049
2017-10-22 04:30:00,-10.885
2017-10-22 04:15:00,-13.8
2017-10-22 04:00:00,-12.92
2017-10-22 03:45:00,-12.188
2017-10-22 03:30:00,-12.487
2017-10-22 03:15:00,-13.167
2017-10-22 03:00:00,-12.137
2017-10-22 02:45:00,-16.068
2017-10-22 02:30:00,-15.873
2017-10-22 02:15:00,-15.794
2017-10-22 02:00:00,-17.626
2017-10-22 01:45:00,-18.128
2017-10-22 01:30:00,-17.212
2017-10-22 01:15:00,-18.698
2017-10-22 01:00:00,-17.333
2017-10-22 00:45:00,-18.559
2017-10-22 00:30:00,-19.284
2017-10-22 00:15:00,-18.899
2017-10-22 00:00:00,-19.291
2017-10-21 23:45:00,-18.534
2017-10-21 23:30:00,-20.42
2017-10-21 23:15:00,-20.111
2017-10-21 23:00:00,-20.281
2017-10-21 22:45:00,-21.653
2017-10-21 22:30:00,-25.088
2017-10-21 22:15:00,-24.662
2017-10-21 22:00:00,-25.151
2017-10-21 21:45:00,-25.596
2017-10-21 21:30:00,-27.452
2017-10-21 21:15:00,-27.225
2017-10-21 21:00:00,-28.043
2017-10-21 20:45:00,-27.396
2017-10-21 20:30:00,-28.724
2017-10-21 20:15:00,-27.705
2017-10-21 20:00:00,-29.312
2017-10-21 19:45:00,-29.398
2017-10-21 19:30:00,-30.482
2017-10-21 19:15:00,-29.9
2017-10-21 19:00:00,-28.016
2017-10-21 18:45:00,-26.833
2017-10-21 18:30:00,-28.233
2017-10-21 18:15:00,-27.013
2017-10-21 18:00:00,-26.644
2017-10-21 17:45:00,-20.352
2017-10-21 17:30:00,-14.304
2017-10-21 17:15:00,-5.567
2017-10-21 17:00:00,-1.596
2017-10-21 16:45:00,-0.935
2017-10-21 16:30:00,-0.934
2017-10-21 16:15:00,-0.934
2017-10-21 16:00:00,-0.932
2017-10-21 15:45:00,-0.934
2017-10-21 15:30:00,-0.934
2017-10-21 15:15:00,-0.935
2017-10-21 15:00:00,-0.936
2017-10-21 14:45:00,-0.936
2017-10-21 14:30:00,-0.936
2017-10-21 14:15:00,-0.938
2017-10-21 14:00:00,-0.938
2017-10-21 13:45:00,-0.941
2017-10-21 13:30:00,-0.941
2017-10-21 13:15:00,-0.941
2017-10-21 13:00:00,-0.94
2017-10-21 12:45:00,-0.941
2017-10-21 12:30:00,-0.943
2017-10-21 12:15:00,-0.944
2017-10-21 12:00:00,-0.884
2017-10-21 11:45:00,75.427
2017-10-21 11:30:00,183.311
2017-10-21 11:15:00,180.279
2017-10-21 11:00:00,172.305
2017-10-21 10:45:00,165.072
2017-10-21 10:30:00,160.458
2017-10-21 10:15:00,149.938
2017-10-21 10:00:00,131.963
2017-10-21 09:45:00,112.306
2017-10-21 09:30:00,102.619
2017-10-21 09:15:00,87.185
2017-10-21 09:00:00,76.65
2017-10-21 08:45:00,58.946
2017-10-21 08:30:00,44.858
2017-10-21 08:15:00,26.935
2017-10-21 08:00:00,11.543
2017-10-21 07:45:00,2.519
2017-10-21 07:30:00,-0.546
2017-10-21 07:15:00,-0.931
2017-10-21 07:00:00,-0.93
2017-10-21 06:45:00,-0.926
2017-10-21 06:30:00,-0.925
2017-10-21 06:15:00,-0.928
2017-10-21 06:00:00,-0.923
2017-10-21 05:45:00,-0.92
2017-10-21 05:30:00,-0.92
2017-10-21 05:15:00,-0.92
2017-10-21 05:00:00,-0.922
2017-10-21 04:45:00,-0.923
2017-10-21 04:30:00,-0.924
2017-10-21 04:15:00,-0.924
2017-10-21 04:00:00,-0.928
2017-10-21 03:45:00,-0.929
2017-10-21 03:30:00,-0.929
2017-10-21 03:15:00,-0.929
2017-10-21 03:00:00,-0.929
2017-10-21 02:45:00,-0.928
2017-10-21 02:30:00,-0.928
2017-10-21 02:15:00,-0.93
2017-10-21 02:00:00,-0.935
2017-10-21 01:45:00,-0.932
2017-10-21 01:30:00,-0.931
2017-10-21 01:15:00,-0.928
2017-10-21 01:00:00,-0.928
2017-10-21 00:45:00,-0.926
2017-10-21 00:30:00,-0.931
2017-10-21 00:15:00,-0.937
2017-10-21 00:00:00,-0.936
2017-10-20 23:45:00,-0.935
2017-10-20 23:30:00,-0.937
2017-10-20 23:15:00,-0.937
2017-10-20 23:00:00,-0.933
2017-10-20 22:45:00,-0.932
2017-10-20 22:30:00,-0.93
2017-10-20 22:15:00,-0.932
2017-10-20 22:00:00,-0.943
2017-10-20 21:45:00,-0.941
2017-10-20 21:30:00,-0.938
2017-10-20 21:15:00,-0.938
2017-10-20 21:00:00,-0.934
2017-10-20 20:45:00,-0.937
2017-10-20 20:30:00,-0.942
2017-10-20 20:15:00,-0.94
2017-10-20 20:00:00,-0.939
2017-10-20 19:45:00,-0.94
2017-10-20 19:30:00,-0.943
2017-10-20 19:15:00,-0.944
2017-10-20 19:00:00,-0.941
2017-10-20 18:45:00,-0.94
2017-10-20 18:30:00,-0.94
2017-10-20 18:15:00,-0.943
2017-10-20 18:00:00,-0.939
2017-10-20 17:45:00,-0.937
2017-10-20 17:30:00,-0.947
2017-10-20 17:15:00,-0.918
2017-10-20 17:00:00,1.732
2017-10-20 16:45:00,-0.161
2017-10-20 16:30:00,1.933
2017-10-20 16:15:00,-0.477
2017-10-20 16:00:00,-0.946
2017-10-20 15:45:00,-18.057
2017-10-20 15:30:00,21.332
2017-10-20 15:15:00,-4.83
2017-10-20 15:00:00,-11.942
2017-10-20 14:45:00,22.005
2017-10-20 14:30:00,5.709
2017-10-20 14:15:00,-0.51
2017-10-20 14:00:00,-0.941
2017-10-20 13:45:00,-0.98
2017-10-20 13:30:00,-1.006
2017-10-20 13:15:00,-0.147
2017-10-20 13:00:00,0.185
2017-10-20 12:45:00,-15.811
2017-10-20 12:30:00,-52.869
2017-10-20 12:15:00,-37.537
2017-10-20 12:00:00,-43.65
2017-10-20 11:45:00,-1.237
2017-10-20 11:30:00,15.69
2017-10-20 11:15:00,-0.565
2017-10-20 11:00:00,30.342
2017-10-20 10:45:00,20.259
2017-10-20 10:30:00,-24.709
2017-10-20 10:15:00,-4.69
2017-10-20 10:00:00,76.794
2017-10-20 09:45:00,29.242
2017-10-20 09:30:00,7.95
2017-10-20 09:15:00,-0.945
2017-10-20 09:00:00,-0.94
2017-10-20 08:45:00,-0.935
2017-10-20 08:30:00,-0.829
2017-10-20 08:15:00,-0.934
2017-10-20 08:00:00,-0.939
2017-10-20 07:45:00,-0.936
2017-10-20 07:30:00,-0.938
2017-10-20 07:15:00,-0.932
2017-10-20 07:00:00,-0.935
2017-10-20 06:45:00,-0.93
2017-10-20 06:30:00,-0.933
2017-10-20 06:15:00,-0.935
2017-10-20 06:00:00,-0.936
2017-10-20 05:45:00,-0.931
2017-10-20 05:30:00,-0.933
2017-10-20 05:15:00,-0.93
2017-10-20 05:00:00,-0.927
2017-10-20 04:45:00,-0.929
2017-10-20 04:30:00,-0.93
2017-10-20 04:15:00,-0.929
2017-10-20 04:00:00,-0.932
2017-10-20 03:45:00,-0.933
2017-10-20 03:30:00,-0.932
2017-10-20 03:15:00,-0.934
2017-10-20 03:00:00,-0.935
2017-10-20 02:45:00,-0.934
2017-10-20 02:30:00,-0.933
2017-10-20 02:15:00,-0.934
2017-10-20 02:00:00,-0.933
2017-10-20 01:45:00,-0.931
2017-10-20 01:30:00,-0.937
2017-10-20 01:15:00,-0.939
2017-10-20 01:00:00,-0.938
2017-10-20 00:45:00,-0.938
2017-10-20 00:30:00,-0.937
2017-10-20 00:15:00,-0.935
2017-10-20 00:00:00,-0.937
2017-10-19 23:45:00,-0.94
2017-10-19 23:30:00,-0.936
2017-10-19 23:15:00,-0.935
2017-10-19 23:00:00,-0.939
2017-10-19 22:45:00,-0.938
2017-10-19 22:30:00,-0.948
2017-10-19 22:15:00,-0.949
2017-10-19 22:00:00,-0.944
2017-10-19 21:45:00,-0.942
2017-10-19 21:30:00,-0.943
2017-10-19 21:15:00,-0.941
2017-10-19 21:00:00,-0.946
2017-10-19 20:45:00,-0.948
2017-10-19 20:30:00,-0.947
2017-10-19 20:15:00,-0.945
2017-10-19 20:00:00,-0.946
2017-10-19 19:45:00,-0.945
2017-10-19 19:30:00,-0.968
2017-10-19 19:15:00,-26.526
2017-10-19 19:00:00,-25.33
2017-10-19 18:45:00,-13.324
2017-10-19 18:30:00,-13.4
2017-10-19 18:15:00,-19.309
2017-10-19 18:00:00,-32.039
2017-10-19 17:45:00,-40.918
2017-10-19 17:30:00,-36.208
2017-10-19 17:15:00,-33.835
2017-10-19 17:00:00,-37.18
2017-10-19 16:45:00,-44.658
2017-10-19 16:30:00,-37.503
2017-10-19 16:15:00,-34.214
2017-10-19 16:00:00,-14.379
2017-10-19 15:45:00,-5.59
2017-10-19 15:30:00,-2.238
2017-10-19 15:15:00,46.956
2017-10-19 15:00:00,47.688
2017-10-19 14:45:00,8.934
2017-10-19 14:30:00,-2.495
2017-10-19 14:15:00,9.812
2017-10-19 14:00:00,16.508
2017-10-19 13:45:00,7.637
2017-10-19 13:30:00,19.627
2017-10-19 13:15:00,35.871
2017-10-19 13:00:00,7.714
2017-10-19 12:45:00,12.698
2017-10-19 12:30:00,-4.075
2017-10-19 12:15:00,50.093
2017-10-19 12:00:00,37.91
2017-10-19 11:45:00,24.969
2017-10-19 11:30:00,28.811
2017-10-19 11:15:00,0.125
2017-10-19 11:00:00,26.063
2017-10-19 10:45:00,27.921
2017-10-19 10:30:00,16.641
2017-10-19 10:15:00,7.858
2017-10-19 10:00:00,1.652
2017-10-19 09:45:00,18.059
2017-10-19 09:30:00,-7.93
2017-10-19 09:15:00,-2.131
2017-10-19 09:00:00,-3.351
2017-10-19 08:45:00,-22.244
2017-10-19 08:30:00,-24.212
2017-10-19 08:15:00,-42.515
2017-10-19 08:00:00,-37.021
2017-10-19 07:45:00,-37.511
2017-10-19 07:30:00,-40.241
2017-10-19 07:15:00,-38.968
2017-10-19 07:00:00,-37.469
2017-10-19 06:45:00,-26.799
2017-10-19 06:30:00,-29.08
2017-10-19 06:15:00,-24.796
2017-10-19 06:00:00,-24.657
2017-10-19 05:45:00,-26.382
2017-10-19 05:30:00,-25.726
2017-10-19 05:15:00,-10.562
2017-10-19 05:00:00,-4.12
2017-10-19 04:45:00,-3.727
2017-10-19 04:30:00,-4.66
2017-10-19 04:15:00,-3.295
2017-10-19 04:00:00,-5.439
2017-10-19 03:45:00,-3.722
2017-10-19 03:30:00,-5.398
2017-10-19 03:15:00,-3.599
2017-10-19 03:00:00,-4.619
2017-10-19 02:45:00,-3.993
2017-10-19 02:30:00,-5.662
2017-10-19 02:15:00,-4.568
2017-10-19 02:00:00,-4.308
2017-10-19 01:45:00,-7.08
2017-10-19 01:30:00,-20.399
2017-10-19 01:15:00,-21.469
2017-10-19 01:00:00,-13.073
2017-10-19 00:45:00,-4.789
2017-10-19 00:30:00,-6.111
2017-10-19 00:15:00,-5.035
2017-10-19 00:00:00,-5.182
2017-10-18 23:45:00,-5.036
2017-10-18 23:30:00,-6.384
2017-10-18 23:15:00,-5.495
2017-10-18 23:00:00,-6.369
2017-10-18 22:45:00,-6.029
2017-10-18 22:30:00,-5.854
2017-10-18 22:15:00,-7.517
2017-10-18 22:00:00,-7.0
2017-10-18 21:45:00,-21.477
2017-10-18 21:30:00,-23.274
2017-10-18 21:15:00,-27.514
2017-10-18 21:00:00,-24.613
2017-10-18 20:45:00,-25.191
2017-10-18 20:30:00,-25.361
2017-10-18 20:15:00,-28.39
2017-10-18 20:00:00,-33.477
2017-10-18 19:45:00,-33.401
2017-10-18 19:30:00,-34.154
2017-10-18 19:15:00,-36.646
2017-10-18 19:00:00,-36.372
2017-10-18 18:45:00,-37.303
2017-10-18 18:30:00,-38.309
2017-10-18 18:15:00,-46.551
2017-10-18 18:00:00,-58.168
2017-10-18 17:45:00,-67.327
2017-10-18 17:30:00,-59.1
2017-10-18 17:15:00,-50.414
2017-10-18 17:00:00,-25.947
2017-10-18 16:45:00,-6.523
2017-10-18 16:30:00,-8.271
2017-10-18 16:15:00,-0.958
2017-10-18 16:00:00,-0.956
2017-10-18 15:45:00,-0.956
2017-10-18 15:30:00,-0.955
2017-10-18 15:15:00,-0.955
2017-10-18 15:00:00,-0.952
2017-10-18 14:45:00,-0.957
2017-10-18 14:30:00,-0.96
2017-10-18 14:15:00,-0.956
2017-10-18 14:00:00,-0.958
2017-10-18 13:45:00,-0.951
2017-10-18 13:30:00,-0.947
2017-10-18 13:15:00,-0.755
2017-10-18 13:00:00,131.65
2017-10-18 12:45:00,139.542
2017-10-18 12:30:00,139.512
2017-10-18 12:15:00,124.046
2017-10-18 12:00:00,117.154
2017-10-18 11:45:00,119.34
2017-10-18 11:30:00,112.631
2017-10-18 11:15:00,108.909
2017-10-18 11:00:00,101.472
2017-10-18 10:45:00,93.959
2017-10-18 10:30:00,89.691
2017-10-18 10:15:00,75.576
2017-10-18 10:00:00,73.395
2017-10-18 09:45:00,61.29
2017-10-18 09:30:00,51.862
2017-10-18 09:15:00,39.278
2017-10-18 09:00:00,21.949
2017-10-18 08:45:00,11.567
2017-10-18 08:30:00,4.797
2017-10-18 08:15:00,2.135
2017-10-18 08:00:00,-14.431
2017-10-18 07:45:00,-31.111
2017-10-18 07:30:00,-39.572
2017-10-18 07:15:00,-31.731
2017-10-18 07:00:00,-53.079
2017-10-18 06:45:00,-37.269
2017-10-18 06:30:00,-34.066
2017-10-18 06:15:00,-37.014
2017-10-18 06:00:00,-23.993
2017-10-18 05:45:00,-22.701
2017-10-18 05:30:00,-22.542
2017-10-18 05:15:00,-8.328
2017-10-18 05:00:00,-3.462
2017-10-18 04:45:00,-2.816
2017-10-18 04:30:00,-3.435
2017-10-18 04:15:00,-2.974
2017-10-18 04:00:00,-4.097
2017-10-18 03:45:00,-2.913
2017-10-18 03:30:00,-4.45
2017-10-18 03:15:00,-3.267
2017-10-18 03:00:00,-4.784
2017-10-18 02:45:00,-2.886
2017-10-18 02:30:00,-3.976
2017-10-18 02:15:00,-2.866
2017-10-18 02:00:00,-3.876
2017-10-18 01:45:00,-3.744
2017-10-18 01:30:00,-5.167
2017-10-18 01:15:00,-4.678
2017-10-18 01:00:00,-5.935
2017-10-18 00:45:00,-4.026
2017-10-18 00:30:00,-5.391
2017-10-18 00:15:00,-4.892
2017-10-18 00:00:00,-6.091
2017-10-17 23:45:00,-5.216
2017-10-17 23:30:00,-14.327
2017-10-17 23:15:00,-23.454
2017-10-17 23:00:00,-25.507
2017-10-17 22:45:00,-23.383
2017-10-17 22:30:00,-26.207
2017-10-17 22:15:00,-24.246
2017-10-17 22:00:00,-27.084
2017-10-17 21:45:00,-25.212
2017-10-17 21:30:00,-32.388
2017-10-17 21:15:00,-27.83
2017-10-17 21:00:00,-31.567
2017-10-17 20:45:00,-29.151
2017-10-17 20:30:00,-31.782
2017-10-17 20:15:00,-32.818
2017-10-17 20:00:00,-39.656
2017-10-17 19:45:00,-39.631
2017-10-17 19:30:00,-40.529
2017-10-17 19:15:00,-42.483
2017-10-17 19:00:00,-43.988
2017-10-17 18:45:00,-46.002
2017-10-17 18:30:00,-49.158
2017-10-17 18:15:00,-47.775
2017-10-17 18:00:00,-56.229
2017-10-17 17:45:00,-49.565
2017-10-17 17:30:00,-36.772
2017-10-17 17:15:00,-25.251
2017-10-17 17:00:00,-14.646
2017-10-17 16:45:00,-5.06
2017-10-17 16:30:00,-7.144
2017-10-17 16:15:00,-5.2
2017-10-17 16:00:00,-1.366
2017-10-17 15:45:00,-0.965
2017-10-17 15:30:00,-0.964
2017-10-17 15:15:00,-2.503
2017-10-17 15:00:00,-0.964
2017-10-17 14:45:00,-0.962
2017-10-17 14:30:00,-0.96
2017-10-17 14:15:00,-0.954
2017-10-17 14:00:00,41.335
2017-10-17 13:45:00,71.448
2017-10-17 13:30:00,65.1
2017-10-17 13:15:00,54.163
2017-10-17 13:00:00,81.852
2017-10-17 12:45:00,83.481
2017-10-17 12:30:00,87.655
2017-10-17 12:15:00,79.434
2017-10-17 12:00:00,91.411
2017-10-17 11:45:00,89.752
2017-10-17 11:30:00,89.702
2017-10-17 11:15:00,76.568
2017-10-17 11:00:00,91.288
2017-10-17 10:45:00,90.262
2017-10-17 10:30:00,78.208
2017-10-17 10:15:00,74.837
2017-10-17 10:00:00,61.015
2017-10-17 09:45:00,49.511
2017-10-17 09:30:00,43.027
2017-10-17 09:15:00,30.386
2017-10-17 09:00:00,28.503
2017-10-17 08:45:00,28.78
2017-10-17 08:30:00,16.984
2017-10-17 08:15:00,11.793
2017-10-17 08:00:00,0.146
2017-10-17 07:45:00,-5.129
2017-10-17 07:30:00,-7.426
2017-10-17 07:15:00,-23.314
2017-10-17 07:00:00,-26.151
2017-10-17 06:45:00,-21.099
2017-10-17 06:30:00,-13.679
2017-10-17 06:15:00,-18.852
2017-10-17 06:00:00,-17.473
2017-10-17 05:45:00,-16.857
2017-10-17 05:30:00,-18.441
2017-10-17 05:15:00,-6.477
2017-10-17 05:00:00,-1.737
2017-10-17 04:45:00,-1.17
2017-10-17 04:30:00,-1.425
2017-10-17 04:15:00,-2.166
2017-10-17 04:00:00,-1.156
2017-10-17 03:45:00,-1.994
2017-10-17 03:30:00,-1.616
2017-10-17 03:15:00,-1.862
2017-10-17 03:00:00,-1.54
2017-10-17 02:45:00,-1.572
2017-10-17 02:30:00,-1.548
2017-10-17 02:15:00,-1.302
2017-10-17 02:00:00,-1.084
2017-10-17 01:45:00,-1.437
2017-10-17 01:30:00,-1.12
2017-10-17 01:15:00,-1.909
2017-10-17 01:00:00,-1.134
2017-10-17 00:45:00,-2.73
2017-10-17 00:30:00,-1.839
2017-10-17 00:15:00,-3.178
2017-10-17 00:00:00,-2.51
2017-10-16 23:45:00,-3.646
2017-10-16 23:30:00,-3.003
2017-10-16 23:15:00,-6.232
2017-10-16 23:00:00,-20.587
2017-10-16 22:45:00,-24.217
2017-10-16 22:30:00,-22.672
2017-10-16 22:15:00,-24.602
2017-10-16 22:00:00,-23.117
2017-10-16 21:45:00,-25.597
2017-10-16 21:30:00,-28.524
2017-10-16 21:15:00,-27.83
2017-10-16 21:00:00,-29.646
2017-10-16 20:45:00,-29.824
2017-10-16 20:30:00,-28.918
2017-10-16 20:15:00,-30.376
2017-10-16 20:00:00,-31.427
2017-10-16 19:45:00,-31.571
2017-10-16 19:30:00,-34.201
2017-10-16 19:15:00,-32.179
2017-10-16 19:00:00,-31.38
2017-10-16 18:45:00,-29.117
2017-10-16 18:30:00,-35.021
2017-10-16 18:15:00,-59.555
2017-10-16 18:00:00,-79.056
2017-10-16 17:45:00,-76.332
2017-10-16 17:30:00,-62.941
2017-10-16 17:15:00,-55.632
2017-10-16 17:00:00,-30.608
2017-10-16 16:45:00,-19.353
2017-10-16 16:30:00,-13.852
2017-10-16 16:15:00,-4.863
2017-10-16 16:00:00,-0.989
2017-10-16 15:45:00,8.548
2017-10-16 15:30:00,17.384
2017-10-16 15:15:00,32.283
2017-10-16 15:00:00,38.545
2017-10-16 14:45:00,38.278
2017-10-16 14:30:00,38.673
2017-10-16 14:15:00,44.94
2017-10-16 14:00:00,52.88
2017-10-16 13:45:00,49.423
2017-10-16 13:30:00,58.947
2017-10-16 13:15:00,53.051
2017-10-16 13:00:00,64.361
2017-10-16 12:45:00,59.088
2017-10-16 12:30:00,56.171
2017-10-16 12:15:00,60.859
2017-10-16 12:00:00,60.727
2017-10-16 11:45:00,59.307
2017-10-16 11:30:00,59.268
2017-10-16 11:15:00,47.939
2017-10-16 11:00:00,63.833
2017-10-16 10:45:00,56.893
2017-10-16 10:30:00,52.739
2017-10-16 10:15:00,52.282
2017-10-16 10:00:00,46.022
2017-10-16 09:45:00,40.385
2017-10-16 09:30:00,35.345
2017-10-16 09:15:00,38.273
2017-10-16 09:00:00,21.543
2017-10-16 08:45:00,8.229
2017-10-16 08:30:00,0.359
2017-10-16 08:15:00,-7.467
2017-10-16 08:00:00,-20.923
2017-10-16 07:45:00,-34.878
2017-10-16 07:30:00,-32.065
2017-10-16 07:15:00,-37.065
2017-10-16 07:00:00,-39.695
2017-10-16 06:45:00,-37.858
2017-10-16 06:30:00,-37.239
2017-10-16 06:15:00,-36.124
2017-10-16 06:00:00,-32.311
2017-10-16 05:45:00,-25.83
2017-10-16 05:30:00,-26.836
2017-10-16 05:15:00,-12.014
2017-10-16 05:00:00,-6.816
2017-10-16 04:45:00,-5.027
2017-10-16 04:30:00,-6.745
2017-10-16 04:15:00,-5.867
2017-10-16 04:00:00,-6.585
2017-10-16 03:45:00,-6.052
2017-10-16 03:30:00,-7.255
2017-10-16 03:15:00,-5.455
2017-10-16 03:00:00,-6.814
2017-10-16 02:45:00,-6.367
2017-10-16 02:30:00,-7.476
2017-10-16 02:15:00,-5.781
2017-10-16 02:00:00,-7.946
2017-10-16 01:45:00,-5.932
2017-10-16 01:30:00,-8.112
2017-10-16 01:15:00,-5.872
2017-10-16 01:00:00,-7.855
2017-10-16 00:45:00,-6.823
2017-10-16 00:30:00,-10.494
2017-10-16 00:15:00,-8.595
2017-10-16 00:00:00,-9.856
2017-10-15 23:45:00,-7.889
2017-10-15 23:30:00,-9.439
2017-10-15 23:15:00,-9.127
2017-10-15 23:00:00,-10.217
2017-10-15 22:45:00,-9.392
2017-10-15 22:30:00,-10.233
2017-10-15 22:15:00,-11.455
2017-10-15 22:00:00,-13.178
2017-10-15 21:45:00,-32.66
2017-10-15 21:30:00,-19.759
2017-10-15 21:15:00,-15.516
2017-10-15 21:00:00,-31.045
2017-10-15 20:45:00,-29.033
2017-10-15 20:30:00,-32.014
2017-10-15 20:15:00,-31.507
2017-10-15 20:00:00,-34.58
2017-10-15 19:45:00,-34.954
2017-10-15 19:30:00,-37.301
2017-10-15 19:15:00,-38.606
2017-10-15 19:00:00,-38.059
2017-10-15 18:45:00,-37.112
2017-10-15 18:30:00,-38.786
2017-10-15 18:15:00,-39.081
2017-10-15 18:00:00,-41.218
2017-10-15 17:45:00,-32.763
2017-10-15 17:30:00,-19.358
2017-10-15 17:15:00,-7.355
2017-10-15 17:00:00,-1.33
2017-10-15 16:45:00,-0.955
2017-10-15 16:30:00,-0.958
2017-10-15 16:15:00,-0.958
2017-10-15 16:00:00,-0.958
2017-10-15 15:45:00,-0.951
2017-10-15 15:30:00,-0.944
2017-10-15 15:15:00,-0.946
2017-10-15 15:00:00,-0.946
2017-10-15 14:45:00,-0.943
2017-10-15 14:30:00,-0.944
2017-10-15 14:15:00,-0.949
2017-10-15 14:00:00,-0.946
2017-10-15 13:45:00,-0.944
2017-10-15 13:30:00,-0.936
2017-10-15 13:15:00,-0.935
2017-10-15 13:00:00,-0.938
2017-10-15 12:45:00,-0.934
2017-10-15 12:30:00,-0.931
2017-10-15 12:15:00,-0.935
2017-10-15 12:00:00,-0.936
2017-10-15 11:45:00,-0.938
2017-10-15 11:30:00,-0.889
2017-10-15 11:15:00,87.945
2017-10-15 11:00:00,151.69
2017-10-15 10:45:00,147.342
2017-10-15 10:30:00,141.103
2017-10-15 10:15:00,135.79
2017-10-15 10:00:00,126.334
2017-10-15 09:45:00,118.957
2017-10-15 09:30:00,107.817
2017-10-15 09:15:00,98.107
2017-10-15 09:00:00,85.024
2017-10-15 08:45:00,69.134
2017-10-15 08:30:00,55.33
2017-10-15 08:15:00,41.17
2017-10-15 08:00:00,22.612
2017-10-15 07:45:00,3.752
2017-10-15 07:30:00,-3.017
2017-10-15 07:15:00,-11.56
2017-10-15 07:00:00,-15.362
2017-10-15 06:45:00,-15.048
2017-10-15 06:30:00,-15.149
2017-10-15 06:15:00,-14.047
2017-10-15 06:00:00,-15.636
2017-10-15 05:45:00,-13.853
2017-10-15 05:30:00,-15.69
2017-10-15 05:15:00,-15.137
2017-10-15 05:00:00,-16.697
2017-10-15 04:45:00,-14.971
2017-10-15 04:30:00,-17.373
2017-10-15 04:15:00,-14.313
2017-10-15 04:00:00,-16.566
2017-10-15 03:45:00,-15.99
2017-10-15 03:30:00,-17.079
2017-10-15 03:15:00,-16.747
2017-10-15 03:00:00,-17.579
2017-10-15 02:45:00,-15.801
2017-10-15 02:30:00,-16.743
2017-10-15 02:15:00,-17.466
2017-10-15 02:00:00,-18.641
2017-10-15 01:45:00,-17.457
2017-10-15 01:30:00,-19.161
2017-10-15 01:15:00,-17.103
2017-10-15 01:00:00,-18.453
2017-10-15 00:45:00,-19.271
2017-10-15 00:30:00,-20.146
2017-10-15 00:15:00,-18.132
2017-10-15 00:00:00,-20.014
2017-10-14 23:45:00,-18.798
2017-10-14 23:30:00,-19.806
2017-10-14 23:15:00,-19.873
2017-10-14 23:00:00,-21.215
2017-10-14 22:45:00,-20.658
2017-10-14 22:30:00,-22.094
2017-10-14 22:15:00,-22.395
2017-10-14 22:00:00,-20.508
2017-10-14 21:45:00,-21.587
2017-10-14 21:30:00,-21.71
2017-10-14 21:15:00,-22.905
2017-10-14 21:00:00,-22.089
2017-10-14 20:45:00,-23.16
2017-10-14 20:30:00,-23.137
2017-10-14 20:15:00,-23.409
2017-10-14 20:00:00,-24.777
2017-10-14 19:45:00,-25.087
2017-10-14 19:30:00,-24.217
2017-10-14 19:15:00,-25.753
2017-10-14 19:00:00,-21.356
2017-10-14 18:45:00,-29.487
2017-10-14 18:30:00,-35.997
2017-10-14 18:15:00,-38.069
2017-10-14 18:00:00,-36.481
2017-10-14 17:45:00,-29.743
2017-10-14 17:30:00,-17.403
2017-10-14 17:15:00,-5.741
2017-10-14 17:00:00,-0.947
2017-10-14 16:45:00,-0.947
2017-10-14 16:30:00,-0.948
2017-10-14 16:15:00,-0.945
2017-10-14 16:00:00,-0.939
2017-10-14 15:45:00,-0.933
2017-10-14 15:30:00,-0.934
2017-10-14 15:15:00,-0.934
2017-10-14 15:00:00,-0.935
2017-10-14 14:45:00,-0.937
2017-10-14 14:30:00,-0.94
2017-10-14 14:15:00,-0.942
2017-10-14 14:00:00,-0.942
2017-10-14 13:45:00,-0.945
2017-10-14 13:30:00,-0.945
2017-10-14 13:15:00,-0.944
2017-10-14 13:00:00,-0.944
2017-10-14 12:45:00,-0.945
2017-10-14 12:30:00,-0.947
2017-10-14 12:15:00,-0.948
2017-10-14 12:00:00,-0.932
2017-10-14 11:45:00,2.186
2017-10-14 11:30:00,178.962
2017-10-14 11:15:00,176.025
2017-10-14 11:00:00,171.34
2017-10-14 10:45:00,163.63
2017-10-14 10:30:00,157.027
2017-10-14 10:15:00,149.612
2017-10-14 10:00:00,140.113
2017-10-14 09:45:00,129.936
2017-10-14 09:30:00,118.961
2017-10-14 09:15:00,86.316
2017-10-14 09:00:00,34.626
2017-10-14 08:45:00,26.446
2017-10-14 08:30:00,22.74
2017-10-14 08:15:00,14.788
2017-10-14 08:00:00,10.13
2017-10-14 07:45:00,0.742
2017-10-14 07:30:00,-1.426
2017-10-14 07:15:00,-3.217
2017-10-14 07:00:00,-5.29
2017-10-14 06:45:00,-11.393
2017-10-14 06:30:00,-10.502
2017-10-14 06:15:00,-13.922
2017-10-14 06:00:00,-14.242
2017-10-14 05:45:00,-17.524
2017-10-14 05:30:00,-17.326
2017-10-14 05:15:00,-16.608
2017-10-14 05:00:00,-16.584
2017-10-14 04:45:00,-17.304
2017-10-14 04:30:00,-16.863
2017-10-14 04:15:00,-17.301
2017-10-14 04:00:00,-17.82
2017-10-14 03:45:00,-17.462
2017-10-14 03:30:00,-18.379
2017-10-14 03:15:00,-18.022
2017-10-14 03:00:00,-17.981
2017-10-14 02:45:00,-18.191
2017-10-14 02:30:00,-17.55
2017-10-14 02:15:00,-17.445
2017-10-14 02:00:00,-18.487
2017-10-14 01:45:00,-17.881
2017-10-14 01:30:00,-20.952
2017-10-14 01:15:00,-19.556
2017-10-14 01:00:00,-21.303
2017-10-14 00:45:00,-21.209
2017-10-14 00:30:00,-20.699
2017-10-14 00:15:00,-20.366
2017-10-14 00:00:00,-21.76
2017-10-13 23:45:00,-20.465
2017-10-13 23:30:00,-21.256
2017-10-13 23:15:00,-21.562
2017-10-13 23:00:00,-22.269
2017-10-13 22:45:00,-21.094
2017-10-13 22:30:00,-27.129
2017-10-13 22:15:00,-25.99
2017-10-13 22:00:00,-25.842
2017-10-13 21:45:00,-22.304
2017-10-13 21:30:00,-23.983
2017-10-13 21:15:00,-23.608
2017-10-13 21:00:00,-24.785
2017-10-13 20:45:00,-28.51
2017-10-13 20:30:00,-39.738
2017-10-13 20:15:00,-36.102
2017-10-13 20:00:00,-27.317
2017-10-13 19:45:00,-26.962
2017-10-13 19:30:00,-28.014
2017-10-13 19:15:00,-27.636
2017-10-13 19:00:00,-24.732
2017-10-13 18:45:00,-41.78
2017-10-13 18:30:00,-45.266
2017-10-13 18:15:00,-48.057
2017-10-13 18:00:00,-52.538
2017-10-13 17:45:00,-42.671
2017-10-13 17:30:00,-32.449
2017-10-13 17:15:00,-22.398
2017-10-13 17:00:00,-22.978
2017-10-13 16:45:00,-12.292
2017-10-13 16:30:00,-0.95
2017-10-13 16:15:00,-0.947
2017-10-13 16:00:00,-0.946
2017-10-13 15:45:00,-0.96
2017-10-13 15:30:00,-0.96
2017-10-13 15:15:00,-0.959
2017-10-13 15:00:00,-0.957
2017-10-13 14:45:00,-0.959
2017-10-13 14:30:00,-0.959
2017-10-13 14:15:00,-0.952
2017-10-13 14:00:00,-0.953
2017-10-13 13:45:00,-0.954
2017-10-13 13:30:00,-0.815
2017-10-13 13:15:00,105.589
2017-10-13 13:00:00,145.815
2017-10-13 12:45:00,150.895
2017-10-13 12:30:00,149.797
2017-10-13 12:15:00,146.056
2017-10-13 12:00:00,145.732
2017-10-13 11:45:00,143.394
2017-10-13 11:30:00,142.3
2017-10-13 11:15:00,129.347
2017-10-13 11:00:00,120.367
2017-10-13 10:45:00,120.555
2017-10-13 10:30:00,115.731
2017-10-13 10:15:00,44.834
2017-10-13 10:00:00,11.014
2017-10-13 09:45:00,-0.53
2017-10-13 09:30:00,-1.158
2017-10-13 09:15:00,-1.088
2017-10-13 09:00:00,-2.077
2017-10-13 08:45:00,-9.322
2017-10-13 08:30:00,-6.621
2017-10-13 08:15:00,-20.421
2017-10-13 08:00:00,-29.183
2017-10-13 07:45:00,-32.376
2017-10-13 07:30:00,-33.598
2017-10-13 07:15:00,-33.698
2017-10-13 07:00:00,-29.996
2017-10-13 06:45:00,-34.682
2017-10-13 06:30:00,-36.516
2017-10-13 06:15:00,-37.049
2017-10-13 06:00:00,-30.009
2017-10-13 05:45:00,-30.879
2017-10-13 05:30:00,-28.79
2017-10-13 05:15:00,-25.372
2017-10-13 05:00:00,-9.313
2017-10-13 04:45:00,-10.176
2017-10-13 04:30:00,-9.575
2017-10-13 04:15:00,-10.413
2017-10-13 04:00:00,-9.678
2017-10-13 03:45:00,-13.245
2017-10-13 03:30:00,-10.326
2017-10-13 03:15:00,-13.224
2017-10-13 03:00:00,-11.141
2017-10-13 02:45:00,-10.789
2017-10-13 02:30:00,-10.698
2017-10-13 02:15:00,-11.756
2017-10-13 02:00:00,-9.985
2017-10-13 01:45:00,-10.371
2017-10-13 01:30:00,-10.808
2017-10-13 01:15:00,-11.89
2017-10-13 01:00:00,-10.514
2017-10-13 00:45:00,-14.349
2017-10-13 00:30:00,-12.248
2017-10-13 00:15:00,-13.314
2017-10-13 00:00:00,-12.022
2017-10-12 23:45:00,-12.466
2017-10-12 23:30:00,-12.033
2017-10-12 23:15:00,-15.409
2017-10-12 23:00:00,-13.843
2017-10-12 22:45:00,-15.997
2017-10-12 22:30:00,-14.3
2017-10-12 22:15:00,-16.892
2017-10-12 22:00:00,-15.423
2017-10-12 21:45:00,-15.541
2017-10-12 21:30:00,-15.536
2017-10-12 21:15:00,-30.5
2017-10-12 21:00:00,-35.589
2017-10-12 20:45:00,-33.007
2017-10-12 20:30:00,-24.344
2017-10-12 20:15:00,-26.479
2017-10-12 20:00:00,-25.115
2017-10-12 19:45:00,-34.136
2017-10-12 19:30:00,-40.397
2017-10-12 19:15:00,-44.06
2017-10-12 19:00:00,-44.686
2017-10-12 18:45:00,-46.684
2017-10-12 18:30:00,-47.108
2017-10-12 18:15:00,-48.914
2017-10-12 18:00:00,-49.189
2017-10-12 17:45:00,-40.358
2017-10-12 17:30:00,-32.286
2017-10-12 17:15:00,-14.457
2017-10-12 17:00:00,-2.235
2017-10-12 16:45:00,-3.479
2017-10-12 16:30:00,-1.053
2017-10-12 16:15:00,-0.955
2017-10-12 16:00:00,-0.952
2017-10-12 15:45:00,-0.953
2017-10-12 15:30:00,-0.95
2017-10-12 15:15:00,-0.951
2017-10-12 15:00:00,-0.949
2017-10-12 14:45:00,-0.95
2017-10-12 14:30:00,-0.95
2017-10-12 14:15:00,-0.95
2017-10-12 14:00:00,-0.948
2017-10-12 13:45:00,-0.946
2017-10-12 13:30:00,-0.944
2017-10-12 13:15:00,-0.945
2017-10-12 13:00:00,-0.945
2017-10-12 12:45:00,10.959
2017-10-12 12:30:00,95.942
2017-10-12 12:15:00,99.139
2017-10-12 12:00:00,94.694
2017-10-12 11:45:00,92.273
2017-10-12 11:30:00,82.25
2017-10-12 11:15:00,92.33
2017-10-12 11:00:00,104.62
2017-10-12 10:45:00,107.513
2017-10-12 10:30:00,102.749
2017-10-12 10:15:00,95.612
2017-10-12 10:00:00,95.59
2017-10-12 09:45:00,90.743
2017-10-12 09:30:00,80.126
2017-10-12 09:15:00,65.607
2017-10-12 09:00:00,49.685
2017-10-12 08:45:00,39.246
2017-10-12 08:30:00,3.099
2017-10-12 08:15:00,-10.745
2017-10-12 08:00:00,-20.387
2017-10-12 07:45:00,-24.735
2017-10-12 07:30:00,-24.966
2017-10-12 07:15:00,-28.991
2017-10-12 07:00:00,-30.526
2017-10-12 06:45:00,-29.176
2017-10-12 06:30:00,-28.769
2017-10-12 06:15:00,-28.668
2017-10-12 06:00:00,-27.592
2017-10-12 05:45:00,-23.719
2017-10-12 05:30:00,-23.895
2017-10-12 05:15:00,-4.359
2017-10-12 05:00:00,-4.023
2017-10-12 04:45:00,-3.68
2017-10-12 04:30:00,-3.829
2017-10-12 04:15:00,-3.262
2017-10-12 04:00:00,-3.91
2017-10-12 03:45:00,-3.812
2017-10-12 03:30:00,-3.688
2017-10-12 03:15:00,-3.421
2017-10-12 03:00:00,-3.83
2017-10-12 02:45:00,-3.963
2017-10-12 02:30:00,-5.339
2017-10-12 02:15:00,-4.353
2017-10-12 02:00:00,-4.39
2017-10-12 01:45:00,-5.795
2017-10-12 01:30:00,-6.36
2017-10-12 01:15:00,-6.888
2017-10-12 01:00:00,-6.692
2017-10-12 00:45:00,-7.003
2017-10-12 00:30:00,-6.678
2017-10-12 00:15:00,-7.832
2017-10-12 00:00:00,-8.153
2017-10-11 23:45:00,-9.229
2017-10-11 23:30:00,-8.139
2017-10-11 23:15:00,-8.284
2017-10-11 23:00:00,-6.947
2017-10-11 22:45:00,-8.339
2017-10-11 22:30:00,-7.474
2017-10-11 22:15:00,-9.304
2017-10-11 22:00:00,-8.638
2017-10-11 21:45:00,-8.723
2017-10-11 21:30:00,-9.844
2017-10-11 21:15:00,-8.419
2017-10-11 21:00:00,-9.773
2017-10-11 20:45:00,-25.198
2017-10-11 20:30:00,-29.192
2017-10-11 20:15:00,-30.143
2017-10-11 20:00:00,-24.79
2017-10-11 19:45:00,-24.379
2017-10-11 19:30:00,-25.277
2017-10-11 19:15:00,-34.587
2017-10-11 19:00:00,-39.629
2017-10-11 18:45:00,-38.806
2017-10-11 18:30:00,-40.61
2017-10-11 18:15:00,-42.643
2017-10-11 18:00:00,-54.342
2017-10-11 17:45:00,-62.672
2017-10-11 17:30:00,-43.549
2017-10-11 17:15:00,-13.757
2017-10-11 17:00:00,-6.178
2017-10-11 16:45:00,2.532
2017-10-11 16:30:00,-3.968
2017-10-11 16:15:00,-0.951
2017-10-11 16:00:00,-0.946
2017-10-11 15:45:00,-0.946
2017-10-11 15:30:00,-0.959
2017-10-11 15:15:00,-0.958
2017-10-11 15:00:00,-0.953
2017-10-11 14:45:00,-0.957
2017-10-11 14:30:00,-0.953
2017-10-11 14:15:00,-0.953
2017-10-11 14:00:00,-0.957
2017-10-11 13:45:00,-0.944
2017-10-11 13:30:00,-1.458
2017-10-11 13:15:00,-0.944
2017-10-11 13:00:00,-0.943
2017-10-11 12:45:00,-0.971
2017-10-11 12:30:00,89.488
2017-10-11 12:15:00,122.537
2017-10-11 12:00:00,104.659
2017-10-11 11:45:00,100.193
2017-10-11 11:30:00,98.93
2017-10-11 11:15:00,97.314
2017-10-11 11:00:00,123.28
2017-10-11 10:45:00,120.949
2017-10-11 10:30:00,105.347
2017-10-11 10:15:00,104.089
2017-10-11 10:00:00,86.606
2017-10-11 09:45:00,84.493
2017-10-11 09:30:00,49.384
2017-10-11 09:15:00,5.743
2017-10-11 09:00:00,53.171
2017-10-11 08:45:00,42.849
2017-10-11 08:30:00,26.655
2017-10-11 08:15:00,20.015
2017-10-11 08:00:00,13.915
2017-10-11 07:45:00,-0.894
2017-10-11 07:30:00,-7.61
2017-10-11 07:15:00,-15.69
2017-10-11 07:00:00,-21.273
2017-10-11 06:45:00,-24.652
2017-10-11 06:30:00,-28.287
2017-10-11 06:15:00,-28.255
2017-10-11 06:00:00,-23.737
2017-10-11 05:45:00,-24.219
2017-10-11 05:30:00,-31.372
2017-10-11 05:15:00,-13.736
2017-10-11 05:00:00,-13.768
2017-10-11 04:45:00,-12.722
2017-10-11 04:30:00,-14.304
2017-10-11 04:15:00,-13.272
2017-10-11 04:00:00,-14.324
2017-10-11 03:45:00,-12.658
2017-10-11 03:30:00,-14.709
2017-10-11 03:15:00,-12.672
2017-10-11 03:00:00,-14.705
2017-10-11 02:45:00,-12.874
2017-10-11 02:30:00,-15.383
2017-10-11 02:15:00,-14.551
2017-10-11 02:00:00,-16.992
2017-10-11 01:45:00,-13.897
2017-10-11 01:30:00,-16.023
2017-10-11 01:15:00,-13.265
2017-10-11 01:00:00,-16.314
2017-10-11 00:45:00,-15.638
2017-10-11 00:30:00,-16.139
2017-10-11 00:15:00,-16.077
2017-10-11 00:00:00,-16.238
2017-10-10 23:45:00,-15.13
2017-10-10 23:30:00,-17.419
2017-10-10 23:15:00,-16.642
2017-10-10 23:00:00,-18.076
2017-10-10 22:45:00,-16.735
2017-10-10 22:30:00,-17.082
2017-10-10 22:15:00,-17.52
2017-10-10 22:00:00,-17.96
2017-10-10 21:45:00,-18.725
2017-10-10 21:30:00,-18.825
2017-10-10 21:15:00,-20.186
2017-10-10 21:00:00,-21.424
2017-10-10 20:45:00,-20.188
2017-10-10 20:30:00,-22.11
2017-10-10 20:15:00,-22.116
2017-10-10 20:00:00,-24.399
2017-10-10 19:45:00,-22.855
2017-10-10 19:30:00,-40.551
2017-10-10 19:15:00,-39.102
2017-10-10 19:00:00,-37.811
2017-10-10 18:45:00,-35.46
2017-10-10 18:30:00,-39.159
2017-10-10 18:15:00,-38.428
2017-10-10 18:00:00,-47.867
2017-10-10 17:45:00,-32.541
2017-10-10 17:30:00,-30.361
2017-10-10 17:15:00,-7.911
2017-10-10 17:00:00,-4.647
2017-10-10 16:45:00,-5.626
2017-10-10 16:30:00,-2.944
2017-10-10 16:15:00,-1.065
2017-10-10 16:00:00,-0.953
2017-10-10 15:45:00,-0.95
2017-10-10 15:30:00,-0.952
2017-10-10 15:15:00,-0.951
2017-10-10 15:00:00,-0.951
2017-10-10 14:45:00,-0.951
2017-10-10 14:30:00,-0.952
2017-10-10 14:15:00,-0.943
2017-10-10 14:00:00,-0.948
2017-10-10 13:45:00,-0.948
2017-10-10 13:30:00,-0.948
2017-10-10 13:15:00,-0.952
2017-10-10 13:00:00,-0.951
2017-10-10 12:45:00,-0.941
2017-10-10 12:30:00,-0.944
2017-10-10 12:15:00,-0.944
2017-10-10 12:00:00,-0.936
2017-10-10 11:45:00,-0.934
2017-10-10 11:30:00,48.842
2017-10-10 11:15:00,92.545
2017-10-10 11:00:00,108.144
2017-10-10 10:45:00,111.486
2017-10-10 10:30:00,108.173
2017-10-10 10:15:00,100.031
2017-10-10 10:00:00,97.432
2017-10-10 09:45:00,81.381
2017-10-10 09:30:00,67.241
2017-10-10 09:15:00,57.229
2017-10-10 09:00:00,44.595
2017-10-10 08:45:00,32.316
2017-10-10 08:30:00,18.857
2017-10-10 08:15:00,11.313
2017-10-10 08:00:00,-0.91
2017-10-10 07:45:00,-2.582
2017-10-10 07:30:00,-4.525
2017-10-10 07:15:00,-19.281
2017-10-10 07:00:00,-22.393
2017-10-10 06:45:00,-23.862
2017-10-10 06:30:00,-15.591
2017-10-10 06:15:00,-16.881
2017-10-10 06:00:00,-12.469
2017-10-10 05:45:00,-12.211
2017-10-10 05:30:00,-15.339
2017-10-10 05:15:00,-8.553
2017-10-10 05:00:00,-1.719
2017-10-10 04:45:00,-1.737
2017-10-10 04:30:00,-1.743
2017-10-10 04:15:00,-1.748
2017-10-10 04:00:00,-1.758
2017-10-10 03:45:00,-1.111
2017-10-10 03:30:00,-1.639
2017-10-10 03:15:00,-1.178
2017-10-10 03:00:00,-0.931
2017-10-10 02:45:00,-1.341
2017-10-10 02:30:00,-1.746
2017-10-10 02:15:00,-1.74
2017-10-10 02:00:00,-1.89
2017-10-10 01:45:00,-2.096
2017-10-10 01:30:00,-1.838
2017-10-10 01:15:00,-1.743
2017-10-10 01:00:00,-1.884
2017-10-10 00:45:00,-2.023
2017-10-10 00:30:00,-2.616
2017-10-10 00:15:00,-1.763
2017-10-10 00:00:00,-2.29
2017-10-09 23:45:00,-2.382
2017-10-09 23:30:00,-2.36
2017-10-09 23:15:00,-2.116
2017-10-09 23:00:00,-3.53
2017-10-09 22:45:00,-2.696
2017-10-09 22:30:00,-4.074
2017-10-09 22:15:00,-3.964
2017-10-09 22:00:00,-4.375
2017-10-09 21:45:00,-6.182
2017-10-09 21:30:00,-6.767
2017-10-09 21:15:00,-6.08
2017-10-09 21:00:00,-17.018
2017-10-09 20:45:00,-22.721
2017-10-09 20:30:00,-24.44
2017-10-09 20:15:00,-23.909
2017-10-09 20:00:00,-29.683
2017-10-09 19:45:00,-31.733
2017-10-09 19:30:00,-32.559
2017-10-09 19:15:00,-36.141
2017-10-09 19:00:00,-56.078
2017-10-09 18:45:00,-56.609
2017-10-09 18:30:00,-59.253
2017-10-09 18:15:00,-72.598
2017-10-09 18:00:00,-55.382
2017-10-09 17:45:00,-45.198
2017-10-09 17:30:00,-33.073
2017-10-09 17:15:00,-20.547
2017-10-09 17:00:00,-2.343
2017-10-09 16:45:00,-8.069
2017-10-09 16:30:00,-2.638
2017-10-09 16:15:00,-0.952
2017-10-09 16:00:00,-0.956
2017-10-09 15:45:00,-0.954
2017-10-09 15:30:00,-0.952
2017-10-09 15:15:00,-0.955
2017-10-09 15:00:00,-0.952
2017-10-09 14:45:00,-0.952
2017-10-09 14:30:00,-0.952
2017-10-09 14:15:00,-0.95
2017-10-09 14:00:00,-0.949
2017-10-09 13:45:00,-0.905
2017-10-09 13:30:00,84.413
2017-10-09 13:15:00,106.775
2017-10-09 13:00:00,101.481
2017-10-09 12:45:00,105.954
2017-10-09 12:30:00,102.501
2017-10-09 12:15:00,100.052
2017-10-09 12:00:00,100.345
2017-10-09 11:45:00,96.89
2017-10-09 11:30:00,90.737
2017-10-09 11:15:00,86.011
2017-10-09 11:00:00,101.49
2017-10-09 10:45:00,96.207
2017-10-09 10:30:00,88.797
2017-10-09 10:15:00,78.552
2017-10-09 10:00:00,70.541
2017-10-09 09:45:00,73.442
2017-10-09 09:30:00,64.65
2017-10-09 09:15:00,39.984
2017-10-09 09:00:00,18.706
2017-10-09 08:45:00,11.111
2017-10-09 08:30:00,1.792
2017-10-09 08:15:00,-1.116
2017-10-09 08:00:00,-1.601
2017-10-09 07:45:00,-18.415
2017-10-09 07:30:00,-18.653
2017-10-09 07:15:00,-7.936
2017-10-09 07:00:00,-13.627
2017-10-09 06:45:00,-20.693
2017-10-09 06:30:00,-19.301
2017-10-09 06:15:00,-22.168
2017-10-09 06:00:00,-21.893
2017-10-09 05:45:00,-25.145
2017-10-09 05:30:00,-27.049
2017-10-09 05:15:00,-27.676
2017-10-09 05:00:00,-16.838
2017-10-09 04:45:00,-21.55
2017-10-09 04:30:00,-17.858
2017-10-09 04:15:00,-21.063
2017-10-09 04:00:00,-18.323
2017-10-09 03:45:00,-21.055
2017-10-09 03:30:00,-19.966
2017-10-09 03:15:00,-20.099
2017-10-09 03:00:00,-19.206
2017-10-09 02:45:00,-20.849
2017-10-09 02:30:00,-19.774
2017-10-09 02:15:00,-21.242
2017-10-09 02:00:00,-20.319
2017-10-09 01:45:00,-21.208
2017-10-09 01:30:00,-20.89
2017-10-09 01:15:00,-20.873
2017-10-09 01:00:00,-20.945
2017-10-09 00:45:00,-21.477
2017-10-09 00:30:00,-20.762
2017-10-09 00:15:00,-21.173
2017-10-09 00:00:00,-20.972
2017-10-08 23:45:00,-21.826
2017-10-08 23:30:00,-21.517
2017-10-08 23:15:00,-24.08
2017-10-08 23:00:00,-22.548
2017-10-08 22:45:00,-23.86
2017-10-08 22:30:00,-21.088
2017-10-08 22:15:00,-23.712
2017-10-08 22:00:00,-22.235
2017-10-08 21:45:00,-25.039
2017-10-08 21:30:00,-22.0
2017-10-08 21:15:00,-24.795
2017-10-08 21:00:00,-23.152
2017-10-08 20:45:00,-25.772
2017-10-08 20:30:00,-24.02
2017-10-08 20:15:00,-26.45
2017-10-08 20:00:00,-39.353
2017-10-08 19:45:00,-42.958
2017-10-08 19:30:00,-34.102
2017-10-08 19:15:00,-28.967
2017-10-08 19:00:00,-23.894
2017-10-08 18:45:00,-24.019
2017-10-08 18:30:00,-24.777
2017-10-08 18:15:00,-24.004
2017-10-08 18:00:00,-29.509
2017-10-08 17:45:00,-21.699
2017-10-08 17:30:00,-11.62
2017-10-08 17:15:00,-5.118
2017-10-08 17:00:00,-2.172
2017-10-08 16:45:00,-7.341
2017-10-08 16:30:00,-1.783
2017-10-08 16:15:00,-0.953
2017-10-08 16:00:00,-0.953
2017-10-08 15:45:00,-0.953
2017-10-08 15:30:00,-0.954
2017-10-08 15:15:00,-0.955
2017-10-08 15:00:00,-0.954
2017-10-08 14:45:00,-0.954
2017-10-08 14:30:00,-0.939
2017-10-08 14:15:00,-0.938
2017-10-08 14:00:00,-0.94
2017-10-08 13:45:00,-0.941
2017-10-08 13:30:00,-0.942
2017-10-08 13:15:00,-0.943
2017-10-08 13:00:00,-0.945
2017-10-08 12:45:00,-0.946
2017-10-08 12:30:00,-0.943
2017-10-08 12:15:00,-0.937
2017-10-08 12:00:00,-0.937
2017-10-08 11:45:00,-0.937
2017-10-08 11:30:00,-0.938
2017-10-08 11:15:00,-0.937
2017-10-08 11:00:00,-0.912
2017-10-08 10:45:00,43.649
2017-10-08 10:30:00,155.864
2017-10-08 10:15:00,148.217
2017-10-08 10:00:00,140.458
2017-10-08 09:45:00,129.777
2017-10-08 09:30:00,121.115
2017-10-08 09:15:00,107.434
2017-10-08 09:00:00,91.387
2017-10-08 08:45:00,79.488
2017-10-08 08:30:00,41.272
2017-10-08 08:15:00,26.844
2017-10-08 08:00:00,6.934
2017-10-08 07:45:00,-1.57
2017-10-08 07:30:00,-2.542
2017-10-08 07:15:00,-6.553
2017-10-08 07:00:00,-8.749
2017-10-08 06:45:00,-10.727
2017-10-08 06:30:00,-8.702
2017-10-08 06:15:00,-9.607
2017-10-08 06:00:00,-8.66
2017-10-08 05:45:00,-9.547
2017-10-08 05:30:00,-8.778
2017-10-08 05:15:00,-9.032
2017-10-08 05:00:00,-8.111
2017-10-08 04:45:00,-8.608
2017-10-08 04:30:00,-9.54
2017-10-08 04:15:00,-9.543
2017-10-08 04:00:00,-9.914
2017-10-08 03:45:00,-9.114
2017-10-08 03:30:00,-8.403
2017-10-08 03:15:00,-9.476
2017-10-08 03:00:00,-10.059
2017-10-08 02:45:00,-10.086
2017-10-08 02:30:00,-9.044
2017-10-08 02:15:00,-8.858
2017-10-08 02:00:00,-12.441
2017-10-08 01:45:00,-11.241
2017-10-08 01:30:00,-9.6
2017-10-08 01:15:00,-11.883
2017-10-08 01:00:00,-9.22
2017-10-08 00:45:00,-10.1
2017-10-08 00:30:00,-9.172
2017-10-08 00:15:00,-10.458
2017-10-08 00:00:00,-9.336
2017-10-07 23:45:00,-11.06
2017-10-07 23:30:00,-10.799
2017-10-07 23:15:00,-11.818
2017-10-07 23:00:00,-11.292
2017-10-07 22:45:00,-11.74
2017-10-07 22:30:00,-13.214
2017-10-07 22:15:00,-12.001
2017-10-07 22:00:00,-13.59
2017-10-07 21:45:00,-12.14
2017-10-07 21:30:00,-15.018
2017-10-07 21:15:00,-15.603
2017-10-07 21:00:00,-31.138
2017-10-07 20:45:00,-31.347
2017-10-07 20:30:00,-33.107
2017-10-07 20:15:00,-33.087
2017-10-07 20:00:00,-36.569
2017-10-07 19:45:00,-34.747
2017-10-07 19:30:00,-39.297
2017-10-07 19:15:00,-38.965
2017-10-07 19:00:00,-37.151
2017-10-07 18:45:00,-36.924
2017-10-07 18:30:00,-37.383
2017-10-07 18:15:00,-40.471
2017-10-07 18:00:00,-34.831
2017-10-07 17:45:00,-24.375
2017-10-07 17:30:00,-15.082
2017-10-07 17:15:00,-0.95
2017-10-07 17:00:00,-0.946
2017-10-07 16:45:00,-0.944
2017-10-07 16:30:00,-0.953
2017-10-07 16:15:00,-0.953
2017-10-07 16:00:00,-0.952
2017-10-07 15:45:00,-0.952
2017-10-07 15:30:00,-0.948
2017-10-07 15:15:00,-0.949
2017-10-07 15:00:00,-0.948
2017-10-07 14:45:00,-0.949
2017-10-07 14:30:00,-0.945
2017-10-07 14:15:00,-0.948
2017-10-07 14:00:00,-0.951
2017-10-07 13:45:00,-0.944
2017-10-07 13:30:00,-0.948
2017-10-07 13:15:00,-0.943
2017-10-07 13:00:00,-0.94
2017-10-07 12:45:00,-0.939
2017-10-07 12:30:00,-0.94
2017-10-07 12:15:00,-0.939
2017-10-07 12:00:00,-0.942
2017-10-07 11:45:00,-0.945
2017-10-07 11:30:00,-0.938
2017-10-07 11:15:00,32.865
2017-10-07 11:00:00,157.011
2017-10-07 10:45:00,153.842
2017-10-07 10:30:00,149.67
2017-10-07 10:15:00,142.93
2017-10-07 10:00:00,136.27
2017-10-07 09:45:00,128.062
2017-10-07 09:30:00,115.444
2017-10-07 09:15:00,109.125
2017-10-07 09:00:00,96.594
2017-10-07 08:45:00,84.868
2017-10-07 08:30:00,70.077
2017-10-07 08:15:00,53.602
2017-10-07 08:00:00,37.013
2017-10-07 07:45:00,19.646
2017-10-07 07:30:00,2.845
2017-10-07 07:15:00,-2.899
2017-10-07 07:00:00,-7.603
2017-10-07 06:45:00,-5.322
2017-10-07 06:30:00,-6.911
2017-10-07 06:15:00,-7.288
2017-10-07 06:00:00,-7.944
2017-10-07 05:45:00,-8.055
2017-10-07 05:30:00,-9.577
2017-10-07 05:15:00,-8.334
2017-10-07 05:00:00,-12.158
2017-10-07 04:45:00,-10.318
2017-10-07 04:30:00,-11.923
2017-10-07 04:15:00,-12.087
2017-10-07 04:00:00,-10.887
2017-10-07 03:45:00,-10.768
2017-10-07 03:30:00,-12.298
2017-10-07 03:15:00,-12.113
2017-10-07 03:00:00,-13.9
2017-10-07 02:45:00,-10.825
2017-10-07 02:30:00,-11.963
2017-10-07 02:15:00,-14.291
2017-10-07 02:00:00,-16.977
2017-10-07 01:45:00,-12.947
2017-10-07 01:30:00,-14.094
2017-10-07 01:15:00,-14.355
2017-10-07 01:00:00,-14.813
2017-10-07 00:45:00,-14.519
2017-10-07 00:30:00,-17.16
2017-10-07 00:15:00,-15.7
2017-10-07 00:00:00,-15.977
2017-10-06 23:45:00,-15.789
2017-10-06 23:30:00,-17.641
2017-10-06 23:15:00,-15.375
2017-10-06 23:00:00,-18.007
2017-10-06 22:45:00,-17.514
2017-10-06 22:30:00,-17.649
2017-10-06 22:15:00,-18.309
2017-10-06 22:00:00,-18.754
2017-10-06 21:45:00,-18.863
2017-10-06 21:30:00,-20.026
2017-10-06 21:15:00,-18.778
2017-10-06 21:00:00,-21.433
2017-10-06 20:45:00,-35.302
2017-10-06 20:30:00,-34.883
2017-10-06 20:15:00,-39.442
2017-10-06 20:00:00,-39.138
2017-10-06 19:45:00,-42.525
2017-10-06 19:30:00,-43.01
2017-10-06 19:15:00,-48.814
2017-10-06 19:00:00,-46.239
2017-10-06 18:45:00,-48.952
2017-10-06 18:30:00,-47.263
2017-10-06 18:15:00,-56.571
2017-10-06 18:00:00,-59.313
2017-10-06 17:45:00,-48.593
2017-10-06 17:30:00,-37.572
2017-10-06 17:15:00,-22.567
2017-10-06 17:00:00,-17.183
2017-10-06 16:45:00,-6.807
2017-10-06 16:30:00,-1.321
2017-10-06 16:15:00,-0.956
2017-10-06 16:00:00,-0.959
2017-10-06 15:45:00,-0.956
2017-10-06 15:30:00,-0.957
2017-10-06 15:15:00,-0.955
2017-10-06 15:00:00,-0.959
2017-10-06 14:45:00,-0.956
2017-10-06 14:30:00,-0.961
2017-10-06 14:15:00,-0.956
2017-10-06 14:00:00,-0.942
2017-10-06 13:45:00,-0.941
2017-10-06 13:30:00,-0.94
2017-10-06 13:15:00,-0.937
2017-10-06 13:00:00,11.301
2017-10-06 12:45:00,97.884
2017-10-06 12:30:00,101.968
2017-10-06 12:15:00,96.782
2017-10-06 12:00:00,99.652
2017-10-06 11:45:00,95.396
2017-10-06 11:30:00,93.734
2017-10-06 11:15:00,90.344
2017-10-06 11:00:00,101.275
2017-10-06 10:45:00,112.639
2017-10-06 10:30:00,107.941
2017-10-06 10:15:00,98.994
2017-10-06 10:00:00,94.109
2017-10-06 09:45:00,85.967
2017-10-06 09:30:00,75.678
2017-10-06 09:15:00,62.557
2017-10-06 09:00:00,46.122
2017-10-06 08:45:00,33.005
2017-10-06 08:30:00,17.906
2017-10-06 08:15:00,5.748
2017-10-06 08:00:00,-1.217
2017-10-06 07:45:00,-5.686
2017-10-06 07:30:00,-2.87
2017-10-06 07:15:00,-11.945
2017-10-06 07:00:00,-25.428
2017-10-06 06:45:00,-27.157
2017-10-06 06:30:00,-27.584
2017-10-06 06:15:00,-25.162
2017-10-06 06:00:00,-26.036
2017-10-06 05:45:00,-27.387
2017-10-06 05:30:00,-27.649
2017-10-06 05:15:00,-10.071
2017-10-06 05:00:00,-9.926
2017-10-06 04:45:00,-9.372
2017-10-06 04:30:00,-10.806
2017-10-06 04:15:00,-11.08
2017-10-06 04:00:00,-10.914
2017-10-06 03:45:00,-12.437
2017-10-06 03:30:00,-10.51
2017-10-06 03:15:00,-12.566
2017-10-06 03:00:00,-11.022
2017-10-06 02:45:00,-11.756
2017-10-06 02:30:00,-12.075
2017-10-06 02:15:00,-13.288
2017-10-06 02:00:00,-13.676
2017-10-06 01:45:00,-14.224
2017-10-06 01:30:00,-14.882
2017-10-06 01:15:00,-15.388
2017-10-06 01:00:00,-14.993
2017-10-06 00:45:00,-16.205
2017-10-06 00:30:00,-17.363
2017-10-06 00:15:00,-16.03
2017-10-06 00:00:00,-14.823
2017-10-05 23:45:00,-16.918
2017-10-05 23:30:00,-19.679
2017-10-05 23:15:00,-19.335
2017-10-05 23:00:00,-19.716
2017-10-05 22:45:00,-19.809
2017-10-05 22:30:00,-20.343
2017-10-05 22:15:00,-22.056
2017-10-05 22:00:00,-22.176
2017-10-05 21:45:00,-21.559
2017-10-05 21:30:00,-21.514
2017-10-05 21:15:00,-22.793
2017-10-05 21:00:00,-24.184
2017-10-05 20:45:00,-23.628
2017-10-05 20:30:00,-24.742
2017-10-05 20:15:00,-25.395
2017-10-05 20:00:00,-24.482
2017-10-05 19:45:00,-31.317
2017-10-05 19:30:00,-40.882
2017-10-05 19:15:00,-42.112
2017-10-05 19:00:00,-45.544
2017-10-05 18:45:00,-47.885
2017-10-05 18:30:00,-50.335
2017-10-05 18:15:00,-50.994
2017-10-05 18:00:00,-51.427
2017-10-05 17:45:00,-38.987
2017-10-05 17:30:00,-29.966
2017-10-05 17:15:00,-9.366
2017-10-05 17:00:00,-0.945
2017-10-05 16:45:00,-6.081
2017-10-05 16:30:00,-0.949
2017-10-05 16:15:00,-0.946
2017-10-05 16:00:00,-0.941
2017-10-05 15:45:00,-0.942
2017-10-05 15:30:00,-0.941
2017-10-05 15:15:00,-0.945
2017-10-05 15:00:00,-0.952
2017-10-05 14:45:00,-0.951
2017-10-05 14:30:00,-0.95
2017-10-05 14:15:00,-0.948
2017-10-05 14:00:00,-0.946
2017-10-05 13:45:00,-0.947
2017-10-05 13:30:00,-0.939
2017-10-05 13:15:00,-0.935
2017-10-05 13:00:00,-0.934
2017-10-05 12:45:00,51.757
2017-10-05 12:30:00,106.445
2017-10-05 12:15:00,98.371
2017-10-05 12:00:00,91.496
2017-10-05 11:45:00,96.351
2017-10-05 11:30:00,88.994
2017-10-05 11:15:00,97.696
2017-10-05 11:00:00,108.839
2017-10-05 10:45:00,103.509
2017-10-05 10:30:00,97.33
2017-10-05 10:15:00,104.46
2017-10-05 10:00:00,100.833
2017-10-05 09:45:00,90.287
2017-10-05 09:30:00,78.125
2017-10-05 09:15:00,69.395
2017-10-05 09:00:00,48.504
2017-10-05 08:45:00,34.174
2017-10-05 08:30:00,27.228
2017-10-05 08:15:00,16.47
2017-10-05 08:00:00,-1.123
2017-10-05 07:45:00,-1.07
2017-10-05 07:30:00,-7.889
2017-10-05 07:15:00,-32.118
2017-10-05 07:00:00,-30.928
2017-10-05 06:45:00,-31.431
2017-10-05 06:30:00,-30.541
2017-10-05 06:15:00,-29.479
2017-10-05 06:00:00,-28.399
2017-10-05 05:45:00,-29.572
2017-10-05 05:30:00,-27.75
2017-10-05 05:15:00,-20.219
2017-10-05 05:00:00,-8.217
2017-10-05 04:45:00,-9.577
2017-10-05 04:30:00,-8.195
2017-10-05 04:15:00,-10.53
2017-10-05 04:00:00,-7.629
2017-10-05 03:45:00,-10.878
2017-10-05 03:30:00,-7.303
2017-10-05 03:15:00,-9.561
2017-10-05 03:00:00,-9.588
2017-10-05 02:45:00,-8.763
2017-10-05 02:30:00,-8.137
2017-10-05 02:15:00,-11.18
2017-10-05 02:00:00,-11.557
2017-10-05 01:45:00,-11.998
2017-10-05 01:30:00,-9.888
2017-10-05 01:15:00,-13.163
2017-10-05 01:00:00,-10.122
2017-10-05 00:45:00,-14.289
2017-10-05 00:30:00,-12.853
2017-10-05 00:15:00,-13.547
2017-10-05 00:00:00,-12.254
2017-10-04 23:45:00,-14.204
2017-10-04 23:30:00,-14.503
2017-10-04 23:15:00,-16.818
2017-10-04 23:00:00,-16.586
2017-10-04 22:45:00,-18.995
2017-10-04 22:30:00,-19.728
2017-10-04 22:15:00,-19.864
2017-10-04 22:00:00,-18.923
2017-10-04 21:45:00,-19.429
2017-10-04 21:30:00,-20.262
2017-10-04 21:15:00,-21.134
2017-10-04 21:00:00,-23.103
2017-10-04 20:45:00,-37.843
2017-10-04 20:30:00,-39.088
2017-10-04 20:15:00,-27.861
2017-10-04 20:00:00,-29.159
2017-10-04 19:45:00,-28.088
2017-10-04 19:30:00,-28.578
2017-10-04 19:15:00,-32.806
2017-10-04 19:00:00,-39.092
2017-10-04 18:45:00,-40.134
2017-10-04 18:30:00,-41.224
2017-10-04 18:15:00,-41.055
2017-10-04 18:00:00,-39.527
2017-10-04 17:45:00,-40.154
2017-10-04 17:30:00,-37.651
2017-10-04 17:15:00,-26.118
2017-10-04 17:00:00,-8.121
2017-10-04 16:45:00,-0.956
2017-10-04 16:30:00,-0.962
2017-10-04 16:15:00,-0.962
2017-10-04 16:00:00,-0.959
2017-10-04 15:45:00,-0.958
2017-10-04 15:30:00,-0.956
2017-10-04 15:15:00,-0.956
2017-10-04 15:00:00,-0.955
2017-10-04 14:45:00,-0.958
2017-10-04 14:30:00,-0.952
2017-10-04 14:15:00,-0.946
2017-10-04 14:00:00,-0.945
2017-10-04 13:45:00,-0.943
2017-10-04 13:30:00,-0.94
2017-10-04 13:15:00,47.53
2017-10-04 13:00:00,99.798
2017-10-04 12:45:00,103.217
2017-10-04 12:30:00,104.415
2017-10-04 12:15:00,105.24
2017-10-04 12:00:00,102.214
2017-10-04 11:45:00,96.419
2017-10-04 11:30:00,93.513
2017-10-04 11:15:00,88.84
2017-10-04 11:00:00,113.96
2017-10-04 10:45:00,111.097
2017-10-04 10:30:00,91.929
2017-10-04 10:15:00,81.068
2017-10-04 10:00:00,82.695
2017-10-04 09:45:00,48.157
2017-10-04 09:30:00,-10.309
2017-10-04 09:15:00,14.851
2017-10-04 09:00:00,38.154
2017-10-04 08:45:00,26.801
2017-10-04 08:30:00,13.446
2017-10-04 08:15:00,-0.424
2017-10-04 08:00:00,-2.816
2017-10-04 07:45:00,-17.653
2017-10-04 07:30:00,-21.645
2017-10-04 07:15:00,-25.788
2017-10-04 07:00:00,-28.123
2017-10-04 06:45:00,-29.311
2017-10-04 06:30:00,-21.69
2017-10-04 06:15:00,-21.359
2017-10-04 06:00:00,-21.117
2017-10-04 05:45:00,-19.676
2017-10-04 05:30:00,-20.362
2017-10-04 05:15:00,-13.003
2017-10-04 05:00:00,-2.657
2017-10-04 04:45:00,-3.014
2017-10-04 04:30:00,-2.499
2017-10-04 04:15:00,-3.298
2017-10-04 04:00:00,-3.541
2017-10-04 03:45:00,-4.249
2017-10-04 03:30:00,-3.907
2017-10-04 03:15:00,-5.099
2017-10-04 03:00:00,-4.531
2017-10-04 02:45:00,-7.59
2017-10-04 02:30:00,-6.33
2017-10-04 02:15:00,-7.016
2017-10-04 02:00:00,-8.206
2017-10-04 01:45:00,-7.628
2017-10-04 01:30:00,-10.044
2017-10-04 01:15:00,-10.843
2017-10-04 01:00:00,-13.043
2017-10-04 00:45:00,-13.719
2017-10-04 00:30:00,-16.028
2017-10-04 00:15:00,-17.19
2017-10-04 00:00:00,-17.389
2017-10-03 23:45:00,-18.227
2017-10-03 23:30:00,-19.207
2017-10-03 23:15:00,-19.892
2017-10-03 23:00:00,-20.389
2017-10-03 22:45:00,-20.985
2017-10-03 22:30:00,-20.64
2017-10-03 22:15:00,-20.801
2017-10-03 22:00:00,-22.55
2017-10-03 21:45:00,-23.411
2017-10-03 21:30:00,-22.803
2017-10-03 21:15:00,-21.938
2017-10-03 21:00:00,-22.752
2017-10-03 20:45:00,-22.755
2017-10-03 20:30:00,-22.805
2017-10-03 20:15:00,-26.514
2017-10-03 20:00:00,-39.763
2017-10-03 19:45:00,-42.858
2017-10-03 19:30:00,-37.386
2017-10-03 19:15:00,-37.742
2017-10-03 19:00:00,-33.818
2017-10-03 18:45:00,-33.587
2017-10-03 18:30:00,-42.665
2017-10-03 18:15:00,-46.105
2017-10-03 18:00:00,-44.13
2017-10-03 17:45:00,-33.421
2017-10-03 17:30:00,-22.326
2017-10-03 17:15:00,1.42
2017-10-03 17:00:00,-2.739
2017-10-03 16:45:00,-1.037
2017-10-03 16:30:00,-0.948
2017-10-03 16:15:00,0.293
2017-10-03 16:00:00,-0.525
2017-10-03 15:45:00,0.739
2017-10-03 15:30:00,-0.332
2017-10-03 15:15:00,0.686
2017-10-03 15:00:00,-0.437
2017-10-03 14:45:00,0.487
2017-10-03 14:30:00,1.143
2017-10-03 14:15:00,3.052
2017-10-03 14:00:00,4.569
2017-10-03 13:45:00,78.868
2017-10-03 13:30:00,103.668
2017-10-03 13:15:00,147.177
2017-10-03 13:00:00,148.422
2017-10-03 12:45:00,58.59
2017-10-03 12:30:00,136.231
2017-10-03 12:15:00,157.613
2017-10-03 12:00:00,87.108
2017-10-03 11:45:00,43.895
2017-10-03 11:30:00,21.752
2017-10-03 11:15:00,24.736
2017-10-03 11:00:00,88.187
2017-10-03 10:45:00,19.491
2017-10-03 10:30:00,-1.35
2017-10-03 10:15:00,-3.368
2017-10-03 10:00:00,-8.817
2017-10-03 09:45:00,2.187
2017-10-03 09:30:00,8.358
2017-10-03 09:15:00,1.901
2017-10-03 09:00:00,-9.475
2017-10-03 08:45:00,-11.044
2017-10-03 08:30:00,-9.021
2017-10-03 08:15:00,-8.739
2017-10-03 08:00:00,7.847
2017-10-03 07:45:00,-7.978
2017-10-03 07:30:00,-11.959
2017-10-03 07:15:00,-7.66
2017-10-03 07:00:00,-3.625
2017-10-03 06:45:00,-2.738
2017-10-03 06:30:00,-3.255
2017-10-03 06:15:00,-6.017
2017-10-03 06:00:00,-10.955
2017-10-03 05:45:00,-6.536
2017-10-03 05:30:00,-8.987
2017-10-03 05:15:00,-8.569
2017-10-03 05:00:00,-1.829
2017-10-03 04:45:00,-1.645
2017-10-03 04:30:00,-1.129
2017-10-03 04:15:00,-0.93
2017-10-03 04:00:00,-1.477
2017-10-03 03:45:00,-1.649
2017-10-03 03:30:00,-1.781
2017-10-03 03:15:00,-1.219
2017-10-03 03:00:00,-1.254
2017-10-03 02:45:00,-2.115
2017-10-03 02:30:00,-1.969
2017-10-03 02:15:00,-1.822
2017-10-03 02:00:00,-2.381
2017-10-03 01:45:00,-2.32
2017-10-03 01:30:00,-3.014
2017-10-03 01:15:00,-2.911
2017-10-03 01:00:00,-3.191
2017-10-03 00:45:00,-3.596
2017-10-03 00:30:00,-4.174
2017-10-03 00:15:00,-5.434
2017-10-03 00:00:00,-6.007
2017-10-02 23:45:00,-7.306
2017-10-02 23:30:00,-9.348
2017-10-02 23:15:00,-9.468
2017-10-02 23:00:00,-11.005
2017-10-02 22:45:00,-11.538
2017-10-02 22:30:00,-14.294
2017-10-02 22:15:00,-11.885
2017-10-02 22:00:00,-15.423
2017-10-02 21:45:00,-12.869
2017-10-02 21:30:00,-14.471
2017-10-02 21:15:00,-14.731
2017-10-02 21:00:00,-15.858
2017-10-02 20:45:00,-13.879
2017-10-02 20:30:00,-16.967
2017-10-02 20:15:00,-18.744
2017-10-02 20:00:00,-35.518
2017-10-02 19:45:00,-30.177
2017-10-02 19:30:00,-23.964
2017-10-02 19:15:00,-22.986
2017-10-02 19:00:00,-21.173
2017-10-02 18:45:00,-19.991
2017-10-02 18:30:00,-34.622
2017-10-02 18:15:00,-41.892
2017-10-02 18:00:00,-34.566
2017-10-02 17:45:00,-40.54
2017-10-02 17:30:00,-17.635
2017-10-02 17:15:00,-13.672
2017-10-02 17:00:00,-1.313
2017-10-02 16:45:00,-13.59
2017-10-02 16:30:00,-25.41
2017-10-02 16:15:00,-40.736
2017-10-02 16:00:00,-44.478
2017-10-02 15:45:00,-41.538
2017-10-02 15:30:00,-36.502
2017-10-02 15:15:00,-17.446
2017-10-02 15:00:00,3.562
2017-10-02 14:45:00,93.709
2017-10-02 14:30:00,109.81
2017-10-02 14:15:00,136.888
2017-10-02 14:00:00,114.686
2017-10-02 13:45:00,94.735
2017-10-02 13:30:00,84.459
2017-10-02 13:15:00,88.654
2017-10-02 13:00:00,75.482
2017-10-02 12:45:00,53.86
2017-10-02 12:30:00,53.899
2017-10-02 12:15:00,25.336
2017-10-02 12:00:00,28.793
2017-10-02 11:45:00,15.598
2017-10-02 11:30:00,-1.138
2017-10-02 11:15:00,-7.973
2017-10-02 11:00:00,51.675
2017-10-02 10:45:00,136.452
2017-10-02 10:30:00,22.757
2017-10-02 10:15:00,80.152
2017-10-02 10:00:00,40.208
2017-10-02 09:45:00,-4.687
2017-10-02 09:30:00,-2.687
2017-10-02 09:15:00,12.187
2017-10-02 09:00:00,-6.847
2017-10-02 08:45:00,-15.891
2017-10-02 08:30:00,-11.278
2017-10-02 08:15:00,-6.258
2017-10-02 08:00:00,-8.689
2017-10-02 07:45:00,-9.774
2017-10-02 07:30:00,-2.817
2017-10-02 07:15:00,-7.071
2017-10-02 07:00:00,-19.652
2017-10-02 06:45:00,-16.68
2017-10-02 06:30:00,-17.682
2017-10-02 06:15:00,-15.466
2017-10-02 06:00:00,-17.845
2017-10-02 05:45:00,-19.629
2017-10-02 05:30:00,-23.877
2017-10-02 05:15:00,-20.004
2017-10-02 05:00:00,-5.81
2017-10-02 04:45:00,-7.588
2017-10-02 04:30:00,-6.326
2017-10-02 04:15:00,-8.017
2017-10-02 04:00:00,-6.931
2017-10-02 03:45:00,-6.41
2017-10-02 03:30:00,-6.057
2017-10-02 03:15:00,-9.037
2017-10-02 03:00:00,-7.533
2017-10-02 02:45:00,-9.009
2017-10-02 02:30:00,-9.027
2017-10-02 02:15:00,-8.307
2017-10-02 02:00:00,-12.288
2017-10-02 01:45:00,-12.015
2017-10-02 01:30:00,-12.844
2017-10-02 01:15:00,-12.625
2017-10-02 01:00:00,-34.314
2017-10-02 00:45:00,-28.192
2017-10-02 00:30:00,-22.924
2017-10-02 00:15:00,-20.879
2017-10-02 00:00:00,-21.725
2017-10-01 23:45:00,-21.638
2017-10-01 23:30:00,-22.025
2017-10-01 23:15:00,-22.022
2017-10-01 23:00:00,-22.711
2017-10-01 22:45:00,-22.95
2017-10-01 22:30:00,-22.678
2017-10-01 22:15:00,-23.283
2017-10-01 22:00:00,-25.259
2017-10-01 21:45:00,-24.234
2017-10-01 21:30:00,-23.406
2017-10-01 21:15:00,-24.25
2017-10-01 21:00:00,-23.508
2017-10-01 20:45:00,-24.405
2017-10-01 20:30:00,-37.649
2017-10-01 20:15:00,-39.933
2017-10-01 20:00:00,-31.918
2017-10-01 19:45:00,-26.2
2017-10-01 19:30:00,-26.483
2017-10-01 19:15:00,-25.103
2017-10-01 19:00:00,-21.985
2017-10-01 18:45:00,-22.973
2017-10-01 18:30:00,-20.302
2017-10-01 18:15:00,-17.874
2017-10-01 18:00:00,-32.792
2017-10-01 17:45:00,-19.663
2017-10-01 17:30:00,-8.536
2017-10-01 17:15:00,-0.946
2017-10-01 17:00:00,-0.942
2017-10-01 16:45:00,-0.941
2017-10-01 16:30:00,-0.94
2017-10-01 16:15:00,-0.937
2017-10-01 16:00:00,-0.939
2017-10-01 15:45:00,-0.94
2017-10-01 15:30:00,-0.942
2017-10-01 15:15:00,-0.944
2017-10-01 15:00:00,-0.945
2017-10-01 14:45:00,-0.94
2017-10-01 14:30:00,-0.941
2017-10-01 14:15:00,-0.942
2017-10-01 14:00:00,-0.944
2017-10-01 13:45:00,-0.944
2017-10-01 13:30:00,-0.946
2017-10-01 13:15:00,-0.943
2017-10-01 13:00:00,-0.943
2017-10-01 12:45:00,-0.936
2017-10-01 12:30:00,-0.936
2017-10-01 12:15:00,-0.926
2017-10-01 12:00:00,-0.013
2017-10-01 11:45:00,154.139
2017-10-01 11:30:00,163.086
2017-10-01 11:15:00,156.251
2017-10-01 11:00:00,168.593
2017-10-01 10:45:00,158.646
2017-10-01 10:30:00,152.441
2017-10-01 10:15:00,169.441
2017-10-01 10:00:00,137.455
2017-10-01 09:45:00,95.886
2017-10-01 09:30:00,41.177
2017-10-01 09:15:00,22.797
2017-10-01 09:00:00,18.91
2017-10-01 08:45:00,14.666
2017-10-01 08:30:00,5.042
2017-10-01 08:15:00,-0.249
2017-10-01 08:00:00,-1.605
2017-10-01 07:45:00,-1.653
2017-10-01 07:30:00,-7.792
2017-10-01 07:15:00,-14.002
2017-10-01 07:00:00,-16.615
2017-10-01 06:45:00,-16.114
2017-10-01 06:30:00,-15.375
2017-10-01 06:15:00,-18.254
2017-10-01 06:00:00,-15.441
2017-10-01 05:45:00,-17.524
2017-10-01 05:30:00,-15.853
2017-10-01 05:15:00,-18.132
2017-10-01 05:00:00,-14.23
2017-10-01 04:45:00,-17.626
2017-10-01 04:30:00,-15.842
2017-10-01 04:15:00,-16.52
2017-10-01 04:00:00,-15.144
2017-10-01 03:45:00,-17.634
2017-10-01 03:30:00,-17.021
2017-10-01 03:15:00,-17.686
2017-10-01 03:00:00,-18.542
2017-10-01 02:45:00,-19.647
2017-10-01 02:30:00,-17.228
2017-10-01 02:15:00,-17.869
2017-10-01 02:00:00,-19.314
2017-10-01 01:45:00,-20.362
2017-10-01 01:30:00,-20.435
2017-10-01 01:15:00,-21.359
2017-10-01 01:00:00,-21.117
2017-10-01 00:45:00,-22.07
2017-10-01 00:30:00,-21.698
2017-10-01 00:15:00,-19.484
2017-10-01 00:00:00,-25.099
2017-09-30 23:45:00,-28.963
2017-09-30 23:30:00,-12.958
2017-09-30 23:15:00,-14.834
2017-09-30 23:00:00,-13.169
2017-09-30 22:45:00,-15.055
2017-09-30 22:30:00,-13.631
2017-09-30 22:15:00,-17.261
2017-09-30 22:00:00,-13.353
2017-09-30 21:45:00,-15.651
2017-09-30 21:30:00,-28.998
2017-09-30 21:15:00,-28.734
2017-09-30 21:00:00,-14.686
2017-09-30 20:45:00,-18.723
2017-09-30 20:30:00,-17.905
2017-09-30 20:15:00,-18.495
2017-09-30 20:00:00,-20.701
2017-09-30 19:45:00,-34.168
2017-09-30 19:30:00,-34.468
2017-09-30 19:15:00,-38.562
2017-09-30 19:00:00,-34.47
2017-09-30 18:45:00,-35.063
2017-09-30 18:30:00,-34.619
2017-09-30 18:15:00,-34.914
2017-09-30 18:00:00,-29.64
2017-09-30 17:45:00,-18.898
2017-09-30 17:30:00,-4.341
2017-09-30 17:15:00,-0.962
2017-09-30 17:00:00,-0.955
2017-09-30 16:45:00,-0.954
2017-09-30 16:30:00,-0.956
2017-09-30 16:15:00,-0.955
2017-09-30 16:00:00,-0.955
2017-09-30 15:45:00,-0.956
2017-09-30 15:30:00,-0.957
2017-09-30 15:15:00,-0.957
2017-09-30 15:00:00,-0.957
2017-09-30 14:45:00,-0.956
2017-09-30 14:30:00,-0.957
2017-09-30 14:15:00,-0.963
2017-09-30 14:00:00,-0.963
2017-09-30 13:45:00,-0.963
2017-09-30 13:30:00,-0.964
2017-09-30 13:15:00,-0.965
2017-09-30 13:00:00,-0.964
2017-09-30 12:45:00,-0.958
2017-09-30 12:30:00,-0.959
2017-09-30 12:15:00,-0.959
2017-09-30 12:00:00,-0.961
2017-09-30 11:45:00,-0.96
2017-09-30 11:30:00,-0.958
2017-09-30 11:15:00,-0.962
2017-09-30 11:00:00,-0.928
2017-09-30 10:45:00,87.026
2017-09-30 10:30:00,143.985
2017-09-30 10:15:00,145.911
2017-09-30 10:00:00,145.01
2017-09-30 09:45:00,134.758
2017-09-30 09:30:00,116.133
2017-09-30 09:15:00,98.402
2017-09-30 09:00:00,88.239
2017-09-30 08:45:00,77.317
2017-09-30 08:30:00,22.396
2017-09-30 08:15:00,13.766
2017-09-30 08:00:00,8.404
2017-09-30 07:45:00,2.599
2017-09-30 07:30:00,-0.418
2017-09-30 07:15:00,-2.014
2017-09-30 07:00:00,-2.148
2017-09-30 06:45:00,-1.89
2017-09-30 06:30:00,-1.786
2017-09-30 06:15:00,-3.394
2017-09-30 06:00:00,-2.142
2017-09-30 05:45:00,-2.334
2017-09-30 05:30:00,-2.112
2017-09-30 05:15:00,-2.95
2017-09-30 05:00:00,-2.525
2017-09-30 04:45:00,-1.789
2017-09-30 04:30:00,-2.119
2017-09-30 04:15:00,-2.292
2017-09-30 04:00:00,-2.079
2017-09-30 03:45:00,-2.004
2017-09-30 03:30:00,-2.414
2017-09-30 03:15:00,-1.914
2017-09-30 03:00:00,-2.303
2017-09-30 02:45:00,-2.035
2017-09-30 02:30:00,-4.21
2017-09-30 02:15:00,-3.487
2017-09-30 02:00:00,-4.766
2017-09-30 01:45:00,-3.534
2017-09-30 01:30:00,-4.556
2017-09-30 01:15:00,-4.623
2017-09-30 01:00:00,-4.708
2017-09-30 00:45:00,-5.673
2017-09-30 00:30:00,-4.483
2017-09-30 00:15:00,-6.115
2017-09-30 00:00:00,-5.838
2017-09-29 23:45:00,-12.067
2017-09-29 23:30:00,-20.494
2017-09-29 23:15:00,-11.301
2017-09-29 23:00:00,-7.03
2017-09-29 22:45:00,-10.484
2017-09-29 22:30:00,-23.426
2017-09-29 22:15:00,-28.039
2017-09-29 22:00:00,-28.369
2017-09-29 21:45:00,-29.014
2017-09-29 21:30:00,-28.525
2017-09-29 21:15:00,-30.206
2017-09-29 21:00:00,-30.48
2017-09-29 20:45:00,-30.211
2017-09-29 20:30:00,-32.369
2017-09-29 20:15:00,-31.814
2017-09-29 20:00:00,-37.794
2017-09-29 19:45:00,-46.667
2017-09-29 19:30:00,-45.64
2017-09-29 19:15:00,-50.541
2017-09-29 19:00:00,-51.531
2017-09-29 18:45:00,-49.984
2017-09-29 18:30:00,-44.035
2017-09-29 18:15:00,-46.386
2017-09-29 18:00:00,-44.45
2017-09-29 17:45:00,-34.343
2017-09-29 17:30:00,-21.959
2017-09-29 17:15:00,-14.742
2017-09-29 17:00:00,-5.281
2017-09-29 16:45:00,-3.548
2017-09-29 16:30:00,-0.959
2017-09-29 16:15:00,-0.957
2017-09-29 16:00:00,-0.954
2017-09-29 15:45:00,-0.953
2017-09-29 15:30:00,-0.955
2017-09-29 15:15:00,-0.955
2017-09-29 15:00:00,14.234
2017-09-29 14:45:00,75.575
2017-09-29 14:30:00,88.052
2017-09-29 14:15:00,80.98
2017-09-29 14:00:00,84.196
2017-09-29 13:45:00,83.459
2017-09-29 13:30:00,96.853
2017-09-29 13:15:00,100.853
2017-09-29 13:00:00,109.059
2017-09-29 12:45:00,65.277
2017-09-29 12:30:00,95.648
2017-09-29 12:15:00,93.387
2017-09-29 12:00:00,61.711
2017-09-29 11:45:00,69.305
2017-09-29 11:30:00,83.049
2017-09-29 11:15:00,74.61
2017-09-29 11:00:00,73.553
2017-09-29 10:45:00,70.31
2017-09-29 10:30:00,64.104
2017-09-29 10:15:00,59.838
2017-09-29 10:00:00,58.118
2017-09-29 09:45:00,42.238
2017-09-29 09:30:00,41.444
2017-09-29 09:15:00,36.455
2017-09-29 09:00:00,25.581
2017-09-29 08:45:00,1.699
2017-09-29 08:30:00,-0.939
2017-09-29 08:15:00,-0.944
2017-09-29 08:00:00,-0.936
2017-09-29 07:45:00,-0.934
2017-09-29 07:30:00,-0.931
2017-09-29 07:15:00,-0.936
2017-09-29 07:00:00,-0.938
2017-09-29 06:45:00,-0.94
2017-09-29 06:30:00,-0.943
2017-09-29 06:15:00,-0.938
2017-09-29 06:00:00,-0.933
2017-09-29 05:45:00,-0.934
2017-09-29 05:30:00,-0.937
2017-09-29 05:15:00,-0.937
2017-09-29 05:00:00,-0.929
2017-09-29 04:45:00,-0.931
2017-09-29 04:30:00,-0.932
2017-09-29 04:15:00,-0.934
2017-09-29 04:00:00,-0.937
2017-09-29 03:45:00,-0.938
2017-09-29 03:30:00,-0.953
2017-09-29 03:15:00,-1.032
2017-09-29 03:00:00,-22.943
2017-09-29 02:45:00,-27.771
2017-09-29 02:30:00,-28.555
2017-09-29 02:15:00,-28.501
2017-09-29 02:00:00,-29.363
2017-09-29 01:45:00,-29.322
2017-09-29 01:30:00,-28.352
2017-09-29 01:15:00,-30.126
2017-09-29 01:00:00,-30.032
2017-09-29 00:45:00,-31.11
2017-09-29 00:30:00,-30.827
2017-09-29 00:15:00,-31.981
2017-09-29 00:00:00,-30.54
2017-09-28 23:45:00,-31.306
2017-09-28 23:30:00,-40.958
2017-09-28 23:15:00,-43.352
2017-09-28 23:00:00,-32.151
2017-09-28 22:45:00,-31.784
2017-09-28 22:30:00,-34.177
2017-09-28 22:15:00,-32.421
2017-09-28 22:00:00,-46.579
2017-09-28 21:45:00,-48.994
2017-09-28 21:30:00,-48.851
2017-09-28 21:15:00,-47.891
2017-09-28 21:00:00,-49.055
2017-09-28 20:45:00,-49.48
2017-09-28 20:30:00,-51.671
2017-09-28 20:15:00,-51.577
2017-09-28 20:00:00,-54.146
2017-09-28 19:45:00,-53.092
2017-09-28 19:30:00,-53.435
2017-09-28 19:15:00,-54.156
2017-09-28 19:00:00,-52.171
2017-09-28 18:45:00,-53.422
2017-09-28 18:30:00,-52.852
2017-09-28 18:15:00,-51.234
2017-09-28 18:00:00,-47.891
2017-09-28 17:45:00,-33.754
2017-09-28 17:30:00,-24.784
2017-09-28 17:15:00,-4.739
2017-09-28 17:00:00,-0.963
2017-09-28 16:45:00,-0.961
2017-09-28 16:30:00,-0.958
2017-09-28 16:15:00,-0.956
2017-09-28 16:00:00,-0.954
2017-09-28 15:45:00,-0.954
2017-09-28 15:30:00,-0.954
2017-09-28 15:15:00,-0.955
2017-09-28 15:00:00,-0.954
2017-09-28 14:45:00,-0.96
2017-09-28 14:30:00,-0.959
2017-09-28 14:15:00,-0.957
2017-09-28 14:00:00,-0.957
2017-09-28 13:45:00,-0.958
2017-09-28 13:30:00,-0.944
2017-09-28 13:15:00,18.254
2017-09-28 13:00:00,101.939
2017-09-28 12:45:00,98.564
2017-09-28 12:30:00,100.549
2017-09-28 12:15:00,92.981
2017-09-28 12:00:00,95.079
2017-09-28 11:45:00,91.35
2017-09-28 11:30:00,88.848
2017-09-28 11:15:00,77.945
2017-09-28 11:00:00,95.82
2017-09-28 10:45:00,95.351
2017-09-28 10:30:00,82.802
2017-09-28 10:15:00,90.15
2017-09-28 10:00:00,74.063
2017-09-28 09:45:00,60.072
2017-09-28 09:30:00,48.737
2017-09-28 09:15:00,34.155
2017-09-28 09:00:00,41.205
2017-09-28 08:45:00,24.434
2017-09-28 08:30:00,6.454
2017-09-28 08:15:00,-3.35
2017-09-28 08:00:00,-11.285
2017-09-28 07:45:00,-10.973
2017-09-28 07:30:00,-16.749
2017-09-28 07:15:00,-23.054
2017-09-28 07:00:00,-23.872
2017-09-28 06:45:00,-26.543
2017-09-28 06:30:00,-22.583
2017-09-28 06:15:00,-21.316
2017-09-28 06:00:00,-20.726
2017-09-28 05:45:00,-20.344
2017-09-28 05:30:00,-20.84
2017-09-28 05:15:00,-17.368
2017-09-28 05:00:00,-3.231
2017-09-28 04:45:00,-2.649
2017-09-28 04:30:00,-3.772
2017-09-28 04:15:00,-3.299
2017-09-28 04:00:00,-3.672
2017-09-28 03:45:00,-3.076
2017-09-28 03:30:00,-5.104
2017-09-28 03:15:00,-3.984
2017-09-28 03:00:00,-4.871
2017-09-28 02:45:00,-5.047
2017-09-28 02:30:00,-4.904
2017-09-28 02:15:00,-4.354
2017-09-28 02:00:00,-5.076
2017-09-28 01:45:00,-6.293
2017-09-28 01:30:00,-5.529
2017-09-28 01:15:00,-5.066
2017-09-28 01:00:00,-4.996
2017-09-28 00:45:00,-6.126
2017-09-28 00:30:00,-5.968
2017-09-28 00:15:00,-5.707
2017-09-28 00:00:00,-6.27
2017-09-27 23:45:00,-5.588
2017-09-27 23:30:00,-6.617
2017-09-27 23:15:00,-7.298
2017-09-27 23:00:00,-7.928
2017-09-27 22:45:00,-7.611
2017-09-27 22:30:00,-9.12
2017-09-27 22:15:00,-7.818
2017-09-27 22:00:00,-25.127
2017-09-27 21:45:00,-25.097
2017-09-27 21:30:00,-27.153
2017-09-27 21:15:00,-26.452
2017-09-27 21:00:00,-32.332
2017-09-27 20:45:00,-29.037
2017-09-27 20:30:00,-32.887
2017-09-27 20:15:00,-32.346
2017-09-27 20:00:00,-36.98
2017-09-27 19:45:00,-39.629
2017-09-27 19:30:00,-39.903
2017-09-27 19:15:00,-38.145
2017-09-27 19:00:00,-40.621
2017-09-27 18:45:00,-42.118
2017-09-27 18:30:00,-42.485
2017-09-27 18:15:00,-43.253
2017-09-27 18:00:00,-44.968
2017-09-27 17:45:00,-48.179
2017-09-27 17:30:00,-40.085
2017-09-27 17:15:00,-24.628
2017-09-27 17:00:00,-9.01
2017-09-27 16:45:00,-1.295
2017-09-27 16:30:00,-0.953
2017-09-27 16:15:00,-0.954
2017-09-27 16:00:00,-0.955
2017-09-27 15:45:00,-0.955
2017-09-27 15:30:00,-0.956
2017-09-27 15:15:00,-0.955
2017-09-27 15:00:00,-0.955
2017-09-27 14:45:00,-0.956
2017-09-27 14:30:00,-0.955
2017-09-27 14:15:00,-0.955
2017-09-27 14:00:00,-0.953
2017-09-27 13:45:00,-0.954
2017-09-27 13:30:00,-0.952
2017-09-27 13:15:00,-0.949
2017-09-27 13:00:00,-0.948
2017-09-27 12:45:00,-0.944
2017-09-27 12:30:00,-0.947
2017-09-27 12:15:00,-0.95
2017-09-27 12:00:00,-0.952
2017-09-27 11:45:00,-0.949
2017-09-27 11:30:00,-0.936
2017-09-27 11:15:00,32.842
2017-09-27 11:00:00,109.409
2017-09-27 10:45:00,107.113
2017-09-27 10:30:00,107.78
2017-09-27 10:15:00,105.943
2017-09-27 10:00:00,93.49
2017-09-27 09:45:00,74.677
2017-09-27 09:30:00,62.289
2017-09-27 09:15:00,60.778
2017-09-27 09:00:00,50.025
2017-09-27 08:45:00,41.093
2017-09-27 08:30:00,23.539
2017-09-27 08:15:00,7.119
2017-09-27 08:00:00,-1.336
2017-09-27 07:45:00,-6.921
2017-09-27 07:30:00,-20.772
2017-09-27 07:15:00,-20.466
2017-09-27 07:00:00,-17.381
2017-09-27 06:45:00,-21.431
2017-09-27 06:30:00,-17.727
2017-09-27 06:15:00,-20.024
2017-09-27 06:00:00,-17.502
2017-09-27 05:45:00,-17.38
2017-09-27 05:30:00,-20.197
2017-09-27 05:15:00,-9.832
2017-09-27 05:00:00,-2.09
2017-09-27 04:45:00,-1.894
2017-09-27 04:30:00,-2.252
2017-09-27 04:15:00,-1.891
2017-09-27 04:00:00,-2.17
2017-09-27 03:45:00,-1.907
2017-09-27 03:30:00,-2.287
2017-09-27 03:15:00,-2.15
2017-09-27 03:00:00,-2.128
2017-09-27 02:45:00,-2.624
2017-09-27 02:30:00,-2.003
2017-09-27 02:15:00,-2.015
2017-09-27 02:00:00,-2.006
2017-09-27 01:45:00,-2.07
2017-09-27 01:30:00,-1.923
2017-09-27 01:15:00,-1.934
2017-09-27 01:00:00,-1.913
2017-09-27 00:45:00,-1.771
2017-09-27 00:30:00,-1.962
2017-09-27 00:15:00,-2.61
2017-09-27 00:00:00,-2.113
2017-09-26 23:45:00,-2.511
2017-09-26 23:30:00,-2.131
2017-09-26 23:15:00,-3.906
2017-09-26 23:00:00,-2.508
2017-09-26 22:45:00,-2.646
2017-09-26 22:30:00,-2.631
2017-09-26 22:15:00,-3.555
2017-09-26 22:00:00,-3.257
2017-09-26 21:45:00,-4.809
2017-09-26 21:30:00,-4.443
2017-09-26 21:15:00,-4.345
2017-09-26 21:00:00,-6.562
2017-09-26 20:45:00,-6.392
2017-09-26 20:30:00,-7.509
2017-09-26 20:15:00,-25.303
2017-09-26 20:00:00,-31.082
2017-09-26 19:45:00,-42.567
2017-09-26 19:30:00,-41.269
2017-09-26 19:15:00,-50.61
2017-09-26 19:00:00,-49.05
2017-09-26 18:45:00,-43.823
2017-09-26 18:30:00,-45.993
2017-09-26 18:15:00,-45.655
2017-09-26 18:00:00,-44.803
2017-09-26 17:45:00,-33.389
2017-09-26 17:30:00,-19.658
2017-09-26 17:15:00,-2.628
2017-09-26 17:00:00,-0.956
2017-09-26 16:45:00,-0.955
2017-09-26 16:30:00,-0.956
2017-09-26 16:15:00,-0.956
2017-09-26 16:00:00,-0.953
2017-09-26 15:45:00,-0.951
2017-09-26 15:30:00,-0.956
2017-09-26 15:15:00,-0.957
2017-09-26 15:00:00,-0.953
2017-09-26 14:45:00,-0.951
2017-09-26 14:30:00,-0.951
2017-09-26 14:15:00,-0.952
2017-09-26 14:00:00,-0.952
2017-09-26 13:45:00,-0.949
2017-09-26 13:30:00,-0.94
2017-09-26 13:15:00,5.467
2017-09-26 13:00:00,83.685
2017-09-26 12:45:00,87.359
2017-09-26 12:30:00,80.156
2017-09-26 12:15:00,86.602
2017-09-26 12:00:00,86.923
2017-09-26 11:45:00,81.81
2017-09-26 11:30:00,84.492
2017-09-26 11:15:00,76.019
2017-09-26 11:00:00,87.978
2017-09-26 10:45:00,86.956
2017-09-26 10:30:00,93.833
2017-09-26 10:15:00,86.257
2017-09-26 10:00:00,84.187
2017-09-26 09:45:00,71.529
2017-09-26 09:30:00,56.612
2017-09-26 09:15:00,45.593
2017-09-26 09:00:00,31.522
2017-09-26 08:45:00,20.159
2017-09-26 08:30:00,2.1
2017-09-26 08:15:00,-0.996
2017-09-26 08:00:00,-3.659
2017-09-26 07:45:00,-1.125
2017-09-26 07:30:00,-15.382
2017-09-26 07:15:00,-26.449
2017-09-26 07:00:00,-28.559
2017-09-26 06:45:00,-28.598
2017-09-26 06:30:00,-26.973
2017-09-26 06:15:00,-26.099
2017-09-26 06:00:00,-26.044
2017-09-26 05:45:00,-24.919
2017-09-26 05:30:00,-27.095
2017-09-26 05:15:00,-4.184
2017-09-26 05:00:00,-7.829
2017-09-26 04:45:00,-3.659
2017-09-26 04:30:00,-7.639
2017-09-26 04:15:00,-5.561
2017-09-26 04:00:00,-5.824
2017-09-26 03:45:00,-4.416
2017-09-26 03:30:00,-6.946
2017-09-26 03:15:00,-6.074
2017-09-26 03:00:00,-5.198
2017-09-26 02:45:00,-6.583
2017-09-26 02:30:00,-6.694
2017-09-26 02:15:00,-7.317
2017-09-26 02:00:00,-6.744
2017-09-26 01:45:00,-6.963
2017-09-26 01:30:00,-6.181
2017-09-26 01:15:00,-9.549
2017-09-26 01:00:00,-7.728
2017-09-26 00:45:00,-9.096
2017-09-26 00:30:00,-11.569
2017-09-26 00:15:00,-12.235
2017-09-26 00:00:00,-12.454
2017-09-25 23:45:00,-11.62
2017-09-25 23:30:00,-12.584
2017-09-25 23:15:00,-11.277
2017-09-25 23:00:00,-13.343
2017-09-25 22:45:00,-11.541
2017-09-25 22:30:00,-14.017
2017-09-25 22:15:00,-14.524
2017-09-25 22:00:00,-14.617
2017-09-25 21:45:00,-14.317
2017-09-25 21:30:00,-15.957
2017-09-25 21:15:00,-16.519
2017-09-25 21:00:00,-14.915
2017-09-25 20:45:00,-17.434
2017-09-25 20:30:00,-31.686
2017-09-25 20:15:00,-34.841
2017-09-25 20:00:00,-37.439
2017-09-25 19:45:00,-38.542
2017-09-25 19:30:00,-40.799
2017-09-25 19:15:00,-41.601
2017-09-25 19:00:00,-38.808
2017-09-25 18:45:00,-42.084
2017-09-25 18:30:00,-38.774
2017-09-25 18:15:00,-43.8
2017-09-25 18:00:00,-39.846
2017-09-25 17:45:00,-41.108
2017-09-25 17:30:00,-26.656
2017-09-25 17:15:00,-20.083
2017-09-25 17:00:00,-7.985
2017-09-25 16:45:00,-2.939
2017-09-25 16:30:00,-0.947
2017-09-25 16:15:00,-0.945
2017-09-25 16:00:00,-0.947
2017-09-25 15:45:00,-0.951
2017-09-25 15:30:00,-0.941
2017-09-25 15:15:00,-0.942
2017-09-25 15:00:00,-0.943
2017-09-25 14:45:00,-0.941
2017-09-25 14:30:00,-0.94
2017-09-25 14:15:00,-0.937
2017-09-25 14:00:00,-3.362
2017-09-25 13:45:00,-1.681
2017-09-25 13:30:00,-1.6
2017-09-25 13:15:00,4.506
2017-09-25 13:00:00,70.474
2017-09-25 12:45:00,80.505
2017-09-25 12:30:00,81.336
2017-09-25 12:15:00,88.016
2017-09-25 12:00:00,91.514
2017-09-25 11:45:00,85.507
2017-09-25 11:30:00,87.987
2017-09-25 11:15:00,85.29
2017-09-25 11:00:00,102.294
2017-09-25 10:45:00,103.304
2017-09-25 10:30:00,96.69
2017-09-25 10:15:00,87.831
2017-09-25 10:00:00,81.308
2017-09-25 09:45:00,74.326
2017-09-25 09:30:00,59.712
2017-09-25 09:15:00,49.279
2017-09-25 09:00:00,37.158
2017-09-25 08:45:00,23.537
2017-09-25 08:30:00,5.867
2017-09-25 08:15:00,-3.786
2017-09-25 08:00:00,-20.93
2017-09-25 07:45:00,-17.668
2017-09-25 07:30:00,-38.417
2017-09-25 07:15:00,-31.998
2017-09-25 07:00:00,-33.727
2017-09-25 06:45:00,-32.301
2017-09-25 06:30:00,-29.052
2017-09-25 06:15:00,-29.013
2017-09-25 06:00:00,-27.394
2017-09-25 05:45:00,-28.735
2017-09-25 05:30:00,-27.768
2017-09-25 05:15:00,-13.381
2017-09-25 05:00:00,-7.858
2017-09-25 04:45:00,-8.091
2017-09-25 04:30:00,-7.951
2017-09-25 04:15:00,-8.363
2017-09-25 04:00:00,-9.639
2017-09-25 03:45:00,-9.252
2017-09-25 03:30:00,-9.516
2017-09-25 03:15:00,-9.227
2017-09-25 03:00:00,-8.469
2017-09-25 02:45:00,-9.654
2017-09-25 02:30:00,-10.357
2017-09-25 02:15:00,-10.972
2017-09-25 02:00:00,-10.087
2017-09-25 01:45:00,-11.743
2017-09-25 01:30:00,-9.89
2017-09-25 01:15:00,-11.973
2017-09-25 01:00:00,-9.595
2017-09-25 00:45:00,-12.592
2017-09-25 00:30:00,-11.236
2017-09-25 00:15:00,-12.174
2017-09-25 00:00:00,-14.938
2017-09-24 23:45:00,-11.732
2017-09-24 23:30:00,-14.291
2017-09-24 23:15:00,-14.094
2017-09-24 23:00:00,-16.075
2017-09-24 22:45:00,-31.607
2017-09-24 22:30:00,-25.888
2017-09-24 22:15:00,-17.182
2017-09-24 22:00:00,-21.397
2017-09-24 21:45:00,-26.218
2017-09-24 21:30:00,-19.378
2017-09-24 21:15:00,-19.722
2017-09-24 21:00:00,-20.371
2017-09-24 20:45:00,-20.738
2017-09-24 20:30:00,-22.401
2017-09-24 20:15:00,-22.088
2017-09-24 20:00:00,-23.243
2017-09-24 19:45:00,-24.565
2017-09-24 19:30:00,-33.653
2017-09-24 19:15:00,-37.962
2017-09-24 19:00:00,-36.832
2017-09-24 18:45:00,-34.839
2017-09-24 18:30:00,-38.341
2017-09-24 18:15:00,-29.73
2017-09-24 18:00:00,-28.167
2017-09-24 17:45:00,-6.487
2017-09-24 17:30:00,-4.418
2017-09-24 17:15:00,-0.942
2017-09-24 17:00:00,-0.936
2017-09-24 16:45:00,-0.937
2017-09-24 16:30:00,-0.938
2017-09-24 16:15:00,-0.939
2017-09-24 16:00:00,-0.938
2017-09-24 15:45:00,-0.936
2017-09-24 15:30:00,-0.939
2017-09-24 15:15:00,-0.94
2017-09-24 15:00:00,-0.936
2017-09-24 14:45:00,-0.93
2017-09-24 14:30:00,-0.931
2017-09-24 14:15:00,-0.933
2017-09-24 14:00:00,-0.933
2017-09-24 13:45:00,-0.933
2017-09-24 13:30:00,-0.934
2017-09-24 13:15:00,-0.935
2017-09-24 13:00:00,-0.936
2017-09-24 12:45:00,-0.938
2017-09-24 12:30:00,-0.94
2017-09-24 12:15:00,-0.937
2017-09-24 12:00:00,-0.93
2017-09-24 11:45:00,-0.929
2017-09-24 11:30:00,-0.928
2017-09-24 11:15:00,-1.096
2017-09-24 11:00:00,125.141
2017-09-24 10:45:00,161.276
2017-09-24 10:30:00,154.557
2017-09-24 10:15:00,148.085
2017-09-24 10:00:00,138.74
2017-09-24 09:45:00,127.571
2017-09-24 09:30:00,118.735
2017-09-24 09:15:00,106.899
2017-09-24 09:00:00,93.984
2017-09-24 08:45:00,71.61
2017-09-24 08:30:00,63.438
2017-09-24 08:15:00,49.997
2017-09-24 08:00:00,33.96
2017-09-24 07:45:00,16.906
2017-09-24 07:30:00,0.385
2017-09-24 07:15:00,-7.026
2017-09-24 07:00:00,-15.705
2017-09-24 06:45:00,-18.34
2017-09-24 06:30:00,-17.221
2017-09-24 06:15:00,-16.32
2017-09-24 06:00:00,-17.048
2017-09-24 05:45:00,-17.143
2017-09-24 05:30:00,-16.723
2017-09-24 05:15:00,-17.756
2017-09-24 05:00:00,-16.676
2017-09-24 04:45:00,-17.791
2017-09-24 04:30:00,-16.588
2017-09-24 04:15:00,-18.099
2017-09-24 04:00:00,-16.654
2017-09-24 03:45:00,-17.877
2017-09-24 03:30:00,-17.337
2017-09-24 03:15:00,-17.586
2017-09-24 03:00:00,-18.95
2017-09-24 02:45:00,-17.354
2017-09-24 02:30:00,-18.769
2017-09-24 02:15:00,-17.409
2017-09-24 02:00:00,-17.716
2017-09-24 01:45:00,-17.582
2017-09-24 01:30:00,-18.612
2017-09-24 01:15:00,-18.682
2017-09-24 01:00:00,-19.059
2017-09-24 00:45:00,-19.205
2017-09-24 00:30:00,-19.971
2017-09-24 00:15:00,-19.658
2017-09-24 00:00:00,-19.362
2017-09-23 23:45:00,-21.223
2017-09-23 23:30:00,-20.44
2017-09-23 23:15:00,-21.912
2017-09-23 23:00:00,-19.688
2017-09-23 22:45:00,-22.242
2017-09-23 22:30:00,-21.104
2017-09-23 22:15:00,-22.058
2017-09-23 22:00:00,-23.481
2017-09-23 21:45:00,-22.078
2017-09-23 21:30:00,-22.236
2017-09-23 21:15:00,-23.485
2017-09-23 21:00:00,-24.786
2017-09-23 20:45:00,-22.929
2017-09-23 20:30:00,-24.595
2017-09-23 20:15:00,-26.39
2017-09-23 20:00:00,-26.3
2017-09-23 19:45:00,-26.388
2017-09-23 19:30:00,-25.859
2017-09-23 19:15:00,-33.767
2017-09-23 19:00:00,-40.64
2017-09-23 18:45:00,-38.322
2017-09-23 18:30:00,-26.613
2017-09-23 18:15:00,-18.207
2017-09-23 18:00:00,-6.591
2017-09-23 17:45:00,-1.916
2017-09-23 17:30:00,-0.937
2017-09-23 17:15:00,-0.934
2017-09-23 17:00:00,-0.93
2017-09-23 16:45:00,-0.929
2017-09-23 16:30:00,-0.933
2017-09-23 16:15:00,-0.935
2017-09-23 16:00:00,-0.934
2017-09-23 15:45:00,-0.984
2017-09-23 15:30:00,2.395
2017-09-23 15:15:00,-0.938
2017-09-23 15:00:00,-0.94
2017-09-23 14:45:00,-0.942
2017-09-23 14:30:00,-0.939
2017-09-23 14:15:00,0.253
2017-09-23 14:00:00,-0.942
2017-09-23 13:45:00,-0.941
2017-09-23 13:30:00,-0.942
2017-09-23 13:15:00,2.191
2017-09-23 13:00:00,3.091
2017-09-23 12:45:00,2.18
2017-09-23 12:30:00,2.528
2017-09-23 12:15:00,3.293
2017-09-23 12:00:00,9.392
2017-09-23 11:45:00,109.198
2017-09-23 11:30:00,191.102
2017-09-23 11:15:00,156.671
2017-09-23 11:00:00,164.544
2017-09-23 10:45:00,136.691
2017-09-23 10:30:00,104.775
2017-09-23 10:15:00,27.139
2017-09-23 10:00:00,85.712
2017-09-23 09:45:00,44.064
2017-09-23 09:30:00,84.153
2017-09-23 09:15:00,85.188
2017-09-23 09:00:00,70.056
2017-09-23 08:45:00,22.787
2017-09-23 08:30:00,6.762
2017-09-23 08:15:00,10.633
2017-09-23 08:00:00,9.789
2017-09-23 07:45:00,6.49
2017-09-23 07:30:00,-2.388
2017-09-23 07:15:00,-3.84
2017-09-23 07:00:00,-11.727
2017-09-23 06:45:00,-14.118
2017-09-23 06:30:00,-15.493
2017-09-23 06:15:00,-14.598
2017-09-23 06:00:00,-14.72
2017-09-23 05:45:00,-14.937
2017-09-23 05:30:00,-15.826
2017-09-23 05:15:00,-13.615
2017-09-23 05:00:00,-15.201
2017-09-23 04:45:00,-15.682
2017-09-23 04:30:00,-13.106
2017-09-23 04:15:00,-15.525
2017-09-23 04:00:00,-13.895
2017-09-23 03:45:00,-16.763
2017-09-23 03:30:00,-14.409
2017-09-23 03:15:00,-13.755
2017-09-23 03:00:00,-15.585
2017-09-23 02:45:00,-14.352
2017-09-23 02:30:00,-15.907
2017-09-23 02:15:00,-14.312
2017-09-23 02:00:00,-17.111
2017-09-23 01:45:00,-13.36
2017-09-23 01:30:00,-16.009
2017-09-23 01:15:00,-14.932
2017-09-23 01:00:00,-16.658
2017-09-23 00:45:00,-15.568
2017-09-23 00:30:00,-16.367
2017-09-23 00:15:00,-16.095
2017-09-23 00:00:00,-16.709
2017-09-22 23:45:00,-18.609
2017-09-22 23:30:00,-17.605
2017-09-22 23:15:00,-18.53
2017-09-22 23:00:00,-18.254
2017-09-22 22:45:00,-18.856
2017-09-22 22:30:00,-19.512
2017-09-22 22:15:00,-19.31
2017-09-22 22:00:00,-18.494
2017-09-22 21:45:00,-20.365
2017-09-22 21:30:00,-21.86
2017-09-22 21:15:00,-21.086
2017-09-22 21:00:00,-21.658
2017-09-22 20:45:00,-20.913
2017-09-22 20:30:00,-23.079
2017-09-22 20:15:00,-34.873
2017-09-22 20:00:00,-40.239
2017-09-22 19:45:00,-38.822
2017-09-22 19:30:00,-40.842
2017-09-22 19:15:00,-40.559
2017-09-22 19:00:00,-39.404
2017-09-22 18:45:00,-25.924
2017-09-22 18:30:00,-30.415
2017-09-22 18:15:00,-32.09
2017-09-22 18:00:00,-30.303
2017-09-22 17:45:00,-16.674
2017-09-22 17:30:00,4.882
2017-09-22 17:15:00,-8.495
2017-09-22 17:00:00,1.041
2017-09-22 16:45:00,-0.943
2017-09-22 16:30:00,-0.946
2017-09-22 16:15:00,-0.944
2017-09-22 16:00:00,-0.942
2017-09-22 15:45:00,-0.941
2017-09-22 15:30:00,-0.941
2017-09-22 15:15:00,-0.94
2017-09-22 15:00:00,-0.94
2017-09-22 14:45:00,-0.939
2017-09-22 14:30:00,-0.936
2017-09-22 14:15:00,-0.934
2017-09-22 14:00:00,1.805
2017-09-22 13:45:00,-0.938
2017-09-22 13:30:00,-0.936
2017-09-22 13:15:00,-0.274
2017-09-22 13:00:00,-0.943
2017-09-22 12:45:00,-0.942
2017-09-22 12:30:00,-0.936
2017-09-22 12:15:00,-0.94
2017-09-22 12:00:00,-0.941
2017-09-22 11:45:00,0.278
2017-09-22 11:30:00,-0.028
2017-09-22 11:15:00,0.5
2017-09-22 11:00:00,-0.461
2017-09-22 10:45:00,-0.344
2017-09-22 10:30:00,0.197
2017-09-22 10:15:00,0.588
2017-09-22 10:00:00,1.76
2017-09-22 09:45:00,0.971
2017-09-22 09:30:00,4.853
2017-09-22 09:15:00,7.644
2017-09-22 09:00:00,20.363
2017-09-22 08:45:00,22.493
2017-09-22 08:30:00,10.239
2017-09-22 08:15:00,-2.735
2017-09-22 08:00:00,-2.659
2017-09-22 07:45:00,1.802
2017-09-22 07:30:00,16.399
2017-09-22 07:15:00,1.513
2017-09-22 07:00:00,-0.934
2017-09-22 06:45:00,-1.42
2017-09-22 06:30:00,-1.461
2017-09-22 06:15:00,-2.131
2017-09-22 06:00:00,-2.165
2017-09-22 05:45:00,-2.143
2017-09-22 05:30:00,-2.147
2017-09-22 05:15:00,3.948
2017-09-22 05:00:00,10.877
2017-09-22 04:45:00,11.44
2017-09-22 04:30:00,10.648
2017-09-22 04:15:00,10.12
2017-09-22 04:00:00,10.91
2017-09-22 03:45:00,10.774
2017-09-22 03:30:00,11.325
2017-09-22 03:15:00,10.723
2017-09-22 03:00:00,11.505
2017-09-22 02:45:00,9.752
2017-09-22 02:30:00,12.727
2017-09-22 02:15:00,9.341
2017-09-22 02:00:00,12.42
2017-09-22 01:45:00,9.599
2017-09-22 01:30:00,10.859
2017-09-22 01:15:00,9.595
2017-09-22 01:00:00,11.206
2017-09-22 00:45:00,8.237
2017-09-22 00:30:00,10.766
2017-09-22 00:15:00,10.344
2017-09-22 00:00:00,10.429
2017-09-21 23:45:00,9.276
2017-09-21 23:30:00,9.238
2017-09-21 23:15:00,8.303
2017-09-21 23:00:00,6.892
2017-09-21 22:45:00,9.266
2017-09-21 22:30:00,4.451
2017-09-21 22:15:00,8.14
2017-09-21 22:00:00,5.695
2017-09-21 21:45:00,9.082
2017-09-21 21:30:00,4.819
2017-09-21 21:15:00,6.723
2017-09-21 21:00:00,4.363
2017-09-21 20:45:00,5.499
2017-09-21 20:30:00,1.14
2017-09-21 20:15:00,4.963
2017-09-21 20:00:00,2.557
2017-09-21 19:45:00,2.947
2017-09-21 19:30:00,4.944
2017-09-21 19:15:00,2.941
2017-09-21 19:00:00,6.887
2017-09-21 18:45:00,7.594
2017-09-21 18:30:00,4.28
2017-09-21 18:15:00,2.711
2017-09-21 18:00:00,17.333
2017-09-21 17:45:00,40.373
2017-09-21 17:30:00,58.13
2017-09-21 17:15:00,69.313
2017-09-21 17:00:00,72.529
2017-09-21 16:45:00,75.699
2017-09-21 16:30:00,85.788
2017-09-21 16:15:00,99.04
2017-09-21 16:00:00,121.134
2017-09-21 15:45:00,80.882
2017-09-21 15:30:00,52.652
2017-09-21 15:15:00,72.25
2017-09-21 15:00:00,50.304
2017-09-21 14:45:00,24.025
2017-09-21 14:30:00,62.11
2017-09-21 14:15:00,-1.533
2017-09-21 14:00:00,48.703
2017-09-21 13:45:00,39.26
2017-09-21 13:30:00,18.567
2017-09-21 13:15:00,5.396
2017-09-21 13:00:00,-7.271
2017-09-21 12:45:00,32.317
2017-09-21 12:30:00,-0.704
2017-09-21 12:15:00,-15.722
2017-09-21 12:00:00,6.4
2017-09-21 11:45:00,-12.884
2017-09-21 11:30:00,1.931
2017-09-21 11:15:00,9.705
2017-09-21 11:00:00,19.697
2017-09-21 10:45:00,4.568
2017-09-21 10:30:00,-22.759
2017-09-21 10:15:00,-28.622
2017-09-21 10:00:00,-8.632
2017-09-21 09:45:00,-9.251
2017-09-21 09:30:00,-26.528
2017-09-21 09:15:00,-35.718
2017-09-21 09:00:00,-31.38
2017-09-21 08:45:00,-12.002
2017-09-21 08:30:00,-29.108
2017-09-21 08:15:00,-35.036
2017-09-21 08:00:00,-14.535
2017-09-21 07:45:00,-24.124
2017-09-21 07:30:00,-29.28
2017-09-21 07:15:00,-28.223
2017-09-21 07:00:00,-22.512
2017-09-21 06:45:00,-21.075
2017-09-21 06:30:00,-17.568
2017-09-21 06:15:00,-15.797
2017-09-21 06:00:00,-24.195
2017-09-21 05:45:00,-18.646
2017-09-21 05:30:00,-21.916
2017-09-21 05:15:00,-9.774
2017-09-21 05:00:00,-3.967
2017-09-21 04:45:00,-2.564
2017-09-21 04:30:00,-2.961
2017-09-21 04:15:00,-3.604
2017-09-21 04:00:00,-2.669
2017-09-21 03:45:00,-2.655
2017-09-21 03:30:00,-2.761
2017-09-21 03:15:00,-2.853
2017-09-21 03:00:00,-3.154
2017-09-21 02:45:00,-3.103
2017-09-21 02:30:00,-2.927
2017-09-21 02:15:00,-3.969
2017-09-21 02:00:00,-2.735
2017-09-21 01:45:00,-2.676
2017-09-21 01:30:00,-3.053
2017-09-21 01:15:00,-2.796
2017-09-21 01:00:00,-3.013
2017-09-21 00:45:00,-3.335
2017-09-21 00:30:00,-2.697
2017-09-21 00:15:00,-2.65
2017-09-21 00:00:00,-3.707
2017-09-20 23:45:00,-2.647
2017-09-20 23:30:00,-3.927
2017-09-20 23:15:00,-3.159
2017-09-20 23:00:00,-2.839
2017-09-20 22:45:00,-3.292
2017-09-20 22:30:00,-3.39
2017-09-20 22:15:00,-2.695
2017-09-20 22:00:00,-6.963
2017-09-20 21:45:00,-18.489
2017-09-20 21:30:00,-13.915
2017-09-20 21:15:00,-5.274
2017-09-20 21:00:00,-10.141
2017-09-20 20:45:00,-20.779
2017-09-20 20:30:00,-21.395
2017-09-20 20:15:00,-22.394
2017-09-20 20:00:00,-22.048
2017-09-20 19:45:00,-23.683
2017-09-20 19:30:00,-31.862
2017-09-20 19:15:00,-49.612
2017-09-20 19:00:00,-52.578
2017-09-20 18:45:00,-51.822
2017-09-20 18:30:00,-51.439
2017-09-20 18:15:00,-40.98
2017-09-20 18:00:00,-45.821
2017-09-20 17:45:00,-52.084
2017-09-20 17:30:00,-13.984
2017-09-20 17:15:00,-4.284
2017-09-20 17:00:00,7.19
2017-09-20 16:45:00,24.782
2017-09-20 16:30:00,15.407
2017-09-20 16:15:00,29.625
2017-09-20 16:00:00,34.511
2017-09-20 15:45:00,51.198
2017-09-20 15:30:00,59.942
2017-09-20 15:15:00,81.382
2017-09-20 15:00:00,114.984
2017-09-20 14:45:00,111.594
2017-09-20 14:30:00,116.183
2017-09-20 14:15:00,123.716
2017-09-20 14:00:00,134.95
2017-09-20 13:45:00,138.451
2017-09-20 13:30:00,147.713
2017-09-20 13:15:00,66.091
2017-09-20 13:00:00,137.774
2017-09-20 12:45:00,13.879
2017-09-20 12:30:00,14.298
2017-09-20 12:15:00,33.235
2017-09-20 12:00:00,46.777
2017-09-20 11:45:00,43.682
2017-09-20 11:30:00,29.28
2017-09-20 11:15:00,1.013
2017-09-20 11:00:00,-0.952
2017-09-20 10:45:00,-8.138
2017-09-20 10:30:00,-20.406
2017-09-20 10:15:00,-25.505
2017-09-20 10:00:00,-17.868
2017-09-20 09:45:00,-29.435
2017-09-20 09:30:00,-16.146
2017-09-20 09:15:00,-6.076
2017-09-20 09:00:00,-9.59
2017-09-20 08:45:00,-14.179
2017-09-20 08:30:00,-22.595
2017-09-20 08:15:00,-26.475
2017-09-20 08:00:00,-21.326
2017-09-20 07:45:00,-23.58
2017-09-20 07:30:00,-27.807
2017-09-20 07:15:00,-28.117
2017-09-20 07:00:00,-19.347
2017-09-20 06:45:00,-23.061
2017-09-20 06:30:00,-21.013
2017-09-20 06:15:00,-15.739
2017-09-20 06:00:00,-32.805
2017-09-20 05:45:00,-32.408
2017-09-20 05:30:00,-25.155
2017-09-20 05:15:00,-14.745
2017-09-20 05:00:00,-5.122
2017-09-20 04:45:00,-5.188
2017-09-20 04:30:00,-4.238
2017-09-20 04:15:00,-5.884
2017-09-20 04:00:00,-7.524
2017-09-20 03:45:00,-6.487
2017-09-20 03:30:00,-4.749
2017-09-20 03:15:00,-5.325
2017-09-20 03:00:00,-6.131
2017-09-20 02:45:00,-4.945
2017-09-20 02:30:00,-4.428
2017-09-20 02:15:00,-6.645
2017-09-20 02:00:00,-5.831
2017-09-20 01:45:00,-12.512
2017-09-20 01:30:00,-20.165
2017-09-20 01:15:00,-6.273
2017-09-20 01:00:00,-6.635
2017-09-20 00:45:00,-5.96
2017-09-20 00:30:00,-6.658
2017-09-20 00:15:00,-5.259
2017-09-20 00:00:00,-6.731
2017-09-19 23:45:00,-12.549
2017-09-19 23:30:00,-22.982
2017-09-19 23:15:00,-22.012
2017-09-19 23:00:00,-9.39
2017-09-19 22:45:00,-6.806
2017-09-19 22:30:00,-8.574
2017-09-19 22:15:00,-19.599
2017-09-19 22:00:00,-21.001
2017-09-19 21:45:00,-33.492
2017-09-19 21:30:00,-36.377
2017-09-19 21:15:00,-25.046
2017-09-19 21:00:00,-20.131
2017-09-19 20:45:00,-22.468
2017-09-19 20:30:00,-25.757
2017-09-19 20:15:00,-38.58
2017-09-19 20:00:00,-42.236
2017-09-19 19:45:00,-41.971
2017-09-19 19:30:00,-45.072
2017-09-19 19:15:00,-52.317
2017-09-19 19:00:00,-51.923
2017-09-19 18:45:00,-56.118
2017-09-19 18:30:00,-49.68
2017-09-19 18:15:00,-49.004
2017-09-19 18:00:00,-36.691
2017-09-19 17:45:00,-26.366
2017-09-19 17:30:00,-11.406
2017-09-19 17:15:00,-0.952
2017-09-19 17:00:00,-0.945
2017-09-19 16:45:00,-0.953
2017-09-19 16:30:00,-0.951
2017-09-19 16:15:00,-0.95
2017-09-19 16:00:00,-11.002
2017-09-19 15:45:00,-0.952
2017-09-19 15:30:00,-0.95
2017-09-19 15:15:00,27.589
2017-09-19 15:00:00,89.473
2017-09-19 14:45:00,101.777
2017-09-19 14:30:00,86.676
2017-09-19 14:15:00,90.578
2017-09-19 14:00:00,96.893
2017-09-19 13:45:00,96.36
2017-09-19 13:30:00,108.592
2017-09-19 13:15:00,108.993
2017-09-19 13:00:00,112.188
2017-09-19 12:45:00,105.183
2017-09-19 12:30:00,45.267
2017-09-19 12:15:00,104.848
2017-09-19 12:00:00,108.618
2017-09-19 11:45:00,105.869
2017-09-19 11:30:00,52.535
2017-09-19 11:15:00,-11.857
2017-09-19 11:00:00,52.505
2017-09-19 10:45:00,26.718
2017-09-19 10:30:00,-3.102
2017-09-19 10:15:00,29.102
2017-09-19 10:00:00,-2.054
2017-09-19 09:45:00,-13.106
2017-09-19 09:30:00,-2.632
2017-09-19 09:15:00,-1.602
2017-09-19 09:00:00,-10.5
2017-09-19 08:45:00,-31.628
2017-09-19 08:30:00,-39.073
2017-09-19 08:15:00,-48.365
2017-09-19 08:00:00,-44.368
2017-09-19 07:45:00,-43.444
2017-09-19 07:30:00,-34.915
2017-09-19 07:15:00,-39.774
2017-09-19 07:00:00,-29.709
2017-09-19 06:45:00,-30.733
2017-09-19 06:30:00,-29.446
2017-09-19 06:15:00,-30.834
2017-09-19 06:00:00,-26.595
2017-09-19 05:45:00,-26.395
2017-09-19 05:30:00,-26.473
2017-09-19 05:15:00,-14.66
2017-09-19 05:00:00,-6.616
2017-09-19 04:45:00,-7.213
2017-09-19 04:30:00,-5.537
2017-09-19 04:15:00,-6.854
2017-09-19 04:00:00,-7.752
2017-09-19 03:45:00,-6.095
2017-09-19 03:30:00,-6.646
2017-09-19 03:15:00,-5.767
2017-09-19 03:00:00,-6.934
2017-09-19 02:45:00,-6.258
2017-09-19 02:30:00,-7.65
2017-09-19 02:15:00,-6.925
2017-09-19 02:00:00,-6.814
2017-09-19 01:45:00,-6.326
2017-09-19 01:30:00,-6.815
2017-09-19 01:15:00,-7.115
2017-09-19 01:00:00,-6.327
2017-09-19 00:45:00,-7.347
2017-09-19 00:30:00,-7.379
2017-09-19 00:15:00,-7.021
2017-09-19 00:00:00,-7.061
2017-09-18 23:45:00,-9.06
2017-09-18 23:30:00,-7.465
2017-09-18 23:15:00,-7.368
2017-09-18 23:00:00,-7.425
2017-09-18 22:45:00,-9.236
2017-09-18 22:30:00,-8.758
2017-09-18 22:15:00,-9.102
2017-09-18 22:00:00,-15.876
2017-09-18 21:45:00,-22.376
2017-09-18 21:30:00,-10.397
2017-09-18 21:15:00,-10.999
2017-09-18 21:00:00,-16.672
2017-09-18 20:45:00,-27.244
2017-09-18 20:30:00,-11.461
2017-09-18 20:15:00,-13.611
2017-09-18 20:00:00,-25.343
2017-09-18 19:45:00,-29.505
2017-09-18 19:30:00,-13.91
2017-09-18 19:15:00,-19.996
2017-09-18 19:00:00,-41.437
2017-09-18 18:45:00,-55.239
2017-09-18 18:30:00,-58.975
2017-09-18 18:15:00,-56.127
2017-09-18 18:00:00,-48.389
2017-09-18 17:45:00,-25.233
2017-09-18 17:30:00,-6.36
2017-09-18 17:15:00,-0.93
2017-09-18 17:00:00,-8.567
2017-09-18 16:45:00,-1.261
2017-09-18 16:30:00,-0.943
2017-09-18 16:15:00,-12.373
2017-09-18 16:00:00,-2.562
2017-09-18 15:45:00,-0.951
2017-09-18 15:30:00,-0.954
2017-09-18 15:15:00,-6.452
2017-09-18 15:00:00,-0.954
2017-09-18 14:45:00,-0.956
2017-09-18 14:30:00,-0.952
2017-09-18 14:15:00,-0.956
2017-09-18 14:00:00,-0.951
2017-09-18 13:45:00,-0.828
2017-09-18 13:30:00,104.191
2017-09-18 13:15:00,155.231
2017-09-18 13:00:00,153.749
2017-09-18 12:45:00,154.268
2017-09-18 12:30:00,159.824
2017-09-18 12:15:00,159.69
2017-09-18 12:00:00,145.5
2017-09-18 11:45:00,157.253
2017-09-18 11:30:00,163.917
2017-09-18 11:15:00,109.615
2017-09-18 11:00:00,69.223
2017-09-18 10:45:00,58.571
2017-09-18 10:30:00,13.986
2017-09-18 10:15:00,1.317
2017-09-18 10:00:00,1.657
2017-09-18 09:45:00,-3.261
2017-09-18 09:30:00,-3.147
2017-09-18 09:15:00,-2.238
2017-09-18 09:00:00,-12.978
2017-09-18 08:45:00,-20.808
2017-09-18 08:30:00,-33.654
2017-09-18 08:15:00,-39.984
2017-09-18 08:00:00,-33.611
2017-09-18 07:45:00,-37.293
2017-09-18 07:30:00,-40.317
2017-09-18 07:15:00,-24.792
2017-09-18 07:00:00,-25.791
2017-09-18 06:45:00,-30.587
2017-09-18 06:30:00,-26.173
2017-09-18 06:15:00,-24.25
2017-09-18 06:00:00,-30.245
2017-09-18 05:45:00,-26.52
2017-09-18 05:30:00,-27.696
2017-09-18 05:15:00,-12.374
2017-09-18 05:00:00,-7.9
2017-09-18 04:45:00,-6.604
2017-09-18 04:30:00,-7.688
2017-09-18 04:15:00,-7.406
2017-09-18 04:00:00,-8.238
2017-09-18 03:45:00,-6.335
2017-09-18 03:30:00,-8.422
2017-09-18 03:15:00,-8.49
2017-09-18 03:00:00,-8.096
2017-09-18 02:45:00,-7.104
2017-09-18 02:30:00,-9.784
2017-09-18 02:15:00,-6.846
2017-09-18 02:00:00,-10.778
2017-09-18 01:45:00,-24.525
2017-09-18 01:30:00,-13.139
2017-09-18 01:15:00,-12.826
2017-09-18 01:00:00,-13.103
2017-09-18 00:45:00,-12.571
2017-09-18 00:30:00,-22.655
2017-09-18 00:15:00,-21.81
2017-09-18 00:00:00,-13.322
2017-09-17 23:45:00,-13.058
2017-09-17 23:30:00,-17.953
2017-09-17 23:15:00,-28.127
2017-09-17 23:00:00,-16.771
2017-09-17 22:45:00,-20.495
2017-09-17 22:30:00,-41.349
2017-09-17 22:15:00,-35.387
2017-09-17 22:00:00,-25.23
2017-09-17 21:45:00,-20.282
2017-09-17 21:30:00,-24.159
2017-09-17 21:15:00,-34.742
2017-09-17 21:00:00,-27.279
2017-09-17 20:45:00,-21.976
2017-09-17 20:30:00,-22.024
2017-09-17 20:15:00,-39.019
2017-09-17 20:00:00,-43.674
2017-09-17 19:45:00,-26.98
2017-09-17 19:30:00,-26.587
2017-09-17 19:15:00,-32.758
2017-09-17 19:00:00,-37.834
2017-09-17 18:45:00,-34.429
2017-09-17 18:30:00,-18.707
2017-09-17 18:15:00,-5.821
2017-09-17 18:00:00,-12.459
2017-09-17 17:45:00,-5.723
2017-09-17 17:30:00,-10.143
2017-09-17 17:15:00,-5.887
2017-09-17 17:00:00,-3.585
2017-09-17 16:45:00,-2.228
2017-09-17 16:30:00,-2.564
2017-09-17 16:15:00,-1.545
2017-09-17 16:00:00,-0.947
2017-09-17 15:45:00,-0.949
2017-09-17 15:30:00,-0.948
2017-09-17 15:15:00,-0.946
2017-09-17 15:00:00,-0.946
2017-09-17 14:45:00,-0.948
2017-09-17 14:30:00,-0.949
2017-09-17 14:15:00,-0.948
2017-09-17 14:00:00,-0.258
2017-09-17 13:45:00,120.252
2017-09-17 13:30:00,75.454
2017-09-17 13:15:00,156.748
2017-09-17 13:00:00,169.047
2017-09-17 12:45:00,132.467
2017-09-17 12:30:00,199.64
2017-09-17 12:15:00,169.953
2017-09-17 12:00:00,114.92
2017-09-17 11:45:00,65.644
2017-09-17 11:30:00,34.254
2017-09-17 11:15:00,38.358
2017-09-17 11:00:00,45.037
2017-09-17 10:45:00,32.226
2017-09-17 10:30:00,38.676
2017-09-17 10:15:00,30.418
2017-09-17 10:00:00,24.343
2017-09-17 09:45:00,8.292
2017-09-17 09:30:00,-0.757
2017-09-17 09:15:00,-0.42
2017-09-17 09:00:00,15.92
2017-09-17 08:45:00,7.648
2017-09-17 08:30:00,-1.286
2017-09-17 08:15:00,-1.712
2017-09-17 08:00:00,-1.702
2017-09-17 07:45:00,-2.889
2017-09-17 07:30:00,-7.138
2017-09-17 07:15:00,-13.742
2017-09-17 07:00:00,-16.552
2017-09-17 06:45:00,-16.89
2017-09-17 06:30:00,-17.157
2017-09-17 06:15:00,-16.863
2017-09-17 06:00:00,-17.408
2017-09-17 05:45:00,-16.814
2017-09-17 05:30:00,-17.07
2017-09-17 05:15:00,-16.167
2017-09-17 05:00:00,-17.28
2017-09-17 04:45:00,-15.863
2017-09-17 04:30:00,-16.474
2017-09-17 04:15:00,-17.171
2017-09-17 04:00:00,-15.972
2017-09-17 03:45:00,-17.727
2017-09-17 03:30:00,-16.092
2017-09-17 03:15:00,-18.243
2017-09-17 03:00:00,-16.902
2017-09-17 02:45:00,-17.861
2017-09-17 02:30:00,-16.511
2017-09-17 02:15:00,-18.314
2017-09-17 02:00:00,-17.019
2017-09-17 01:45:00,-18.768
2017-09-17 01:30:00,-17.187
2017-09-17 01:15:00,-17.945
2017-09-17 01:00:00,-17.527
2017-09-17 00:45:00,-18.718
2017-09-17 00:30:00,-32.374
2017-09-17 00:15:00,-20.474
2017-09-17 00:00:00,-19.205
2017-09-16 23:45:00,-18.155
2017-09-16 23:30:00,-17.958
2017-09-16 23:15:00,-19.895
2017-09-16 23:00:00,-18.922
2017-09-16 22:45:00,-28.2
2017-09-16 22:30:00,-26.57
2017-09-16 22:15:00,-18.018
2017-09-16 22:00:00,-19.995
2017-09-16 21:45:00,-19.999
2017-09-16 21:30:00,-21.024
2017-09-16 21:15:00,-34.142
2017-09-16 21:00:00,-23.962
2017-09-16 20:45:00,-21.017
2017-09-16 20:30:00,-21.127
2017-09-16 20:15:00,-28.974
2017-09-16 20:00:00,-38.974
2017-09-16 19:45:00,-30.956
2017-09-16 19:30:00,-31.513
2017-09-16 19:15:00,-28.64
2017-09-16 19:00:00,-36.586
2017-09-16 18:45:00,-36.319
2017-09-16 18:30:00,-17.495
2017-09-16 18:15:00,-9.632
2017-09-16 18:00:00,-15.671
2017-09-16 17:45:00,-21.146
2017-09-16 17:30:00,-5.088
2017-09-16 17:15:00,0.154
2017-09-16 17:00:00,0.035
2017-09-16 16:45:00,2.277
2017-09-16 16:30:00,0.702
2017-09-16 16:15:00,-0.209
2017-09-16 16:00:00,0.191
2017-09-16 15:45:00,0.316
2017-09-16 15:30:00,1.042
2017-09-16 15:15:00,2.61
2017-09-16 15:00:00,2.154
2017-09-16 14:45:00,3.698
2017-09-16 14:30:00,6.321
2017-09-16 14:15:00,23.683
2017-09-16 14:00:00,100.249
2017-09-16 13:45:00,110.481
2017-09-16 13:30:00,139.489
2017-09-16 13:15:00,107.147
2017-09-16 13:00:00,37.974
2017-09-16 12:45:00,34.892
2017-09-16 12:30:00,27.368
2017-09-16 12:15:00,55.808
2017-09-16 12:00:00,98.409
2017-09-16 11:45:00,107.944
2017-09-16 11:30:00,69.382
2017-09-16 11:15:00,59.801
2017-09-16 11:00:00,54.567
2017-09-16 10:45:00,39.669
2017-09-16 10:30:00,23.483
2017-09-16 10:15:00,-1.35
2017-09-16 10:00:00,18.011
2017-09-16 09:45:00,29.418
2017-09-16 09:30:00,25.815
2017-09-16 09:15:00,23.589
2017-09-16 09:00:00,28.594
2017-09-16 08:45:00,14.76
2017-09-16 08:30:00,7.617
2017-09-16 08:15:00,7.408
2017-09-16 08:00:00,0.989
2017-09-16 07:45:00,-1.163
2017-09-16 07:30:00,-0.935
2017-09-16 07:15:00,-2.105
2017-09-16 07:00:00,-2.873
2017-09-16 06:45:00,-3.805
2017-09-16 06:30:00,-3.013
2017-09-16 06:15:00,-3.182
2017-09-16 06:00:00,-2.417
2017-09-16 05:45:00,-3.294
2017-09-16 05:30:00,-2.912
2017-09-16 05:15:00,-4.334
2017-09-16 05:00:00,-2.583
2017-09-16 04:45:00,-3.013
2017-09-16 04:30:00,-2.789
2017-09-16 04:15:00,-3.351
2017-09-16 04:00:00,-2.894
2017-09-16 03:45:00,-3.641
2017-09-16 03:30:00,-2.757
2017-09-16 03:15:00,-3.713
2017-09-16 03:00:00,-3.375
2017-09-16 02:45:00,-3.452
2017-09-16 02:30:00,-3.293
2017-09-16 02:15:00,-3.185
2017-09-16 02:00:00,-3.606
2017-09-16 01:45:00,-2.72
2017-09-16 01:30:00,-2.757
2017-09-16 01:15:00,-3.253
2017-09-16 01:00:00,-17.122
2017-09-16 00:45:00,-6.76
2017-09-16 00:30:00,-5.04
2017-09-16 00:15:00,-3.069
2017-09-16 00:00:00,-3.884
2017-09-15 23:45:00,-10.372
2017-09-15 23:30:00,-15.102
2017-09-15 23:15:00,-3.845
2017-09-15 23:00:00,-4.129
2017-09-15 22:45:00,-4.454
2017-09-15 22:30:00,-15.876
2017-09-15 22:15:00,-12.542
2017-09-15 22:00:00,-4.443
2017-09-15 21:45:00,-4.994
2017-09-15 21:30:00,-8.285
2017-09-15 21:15:00,-21.923
2017-09-15 21:00:00,-11.269
2017-09-15 20:45:00,-15.272
2017-09-15 20:30:00,-18.014
2017-09-15 20:15:00,-30.212
2017-09-15 20:00:00,-36.657
2017-09-15 19:45:00,-33.155
2017-09-15 19:30:00,-23.223
2017-09-15 19:15:00,-30.263
2017-09-15 19:00:00,-38.46
2017-09-15 18:45:00,-43.592
2017-09-15 18:30:00,-28.273
2017-09-15 18:15:00,-21.42
2017-09-15 18:00:00,-14.583
2017-09-15 17:45:00,-32.145
2017-09-15 17:30:00,-19.531
2017-09-15 17:15:00,-16.264
2017-09-15 17:00:00,-14.035
2017-09-15 16:45:00,-31.762
2017-09-15 16:30:00,-22.627
2017-09-15 16:15:00,-28.985
2017-09-15 16:00:00,-10.458
2017-09-15 15:45:00,-2.146
2017-09-15 15:30:00,-0.476
2017-09-15 15:15:00,0.638
2017-09-15 15:00:00,34.805
2017-09-15 14:45:00,113.53
2017-09-15 14:30:00,31.027
2017-09-15 14:15:00,71.72
2017-09-15 14:00:00,48.802
2017-09-15 13:45:00,103.919
2017-09-15 13:30:00,130.819
2017-09-15 13:15:00,117.893
2017-09-15 13:00:00,152.808
2017-09-15 12:45:00,53.637
2017-09-15 12:30:00,16.782
2017-09-15 12:15:00,-0.408
2017-09-15 12:00:00,-19.052
2017-09-15 11:45:00,-7.415
2017-09-15 11:30:00,13.987
2017-09-15 11:15:00,-0.207
2017-09-15 11:00:00,2.883
2017-09-15 10:45:00,-8.38
2017-09-15 10:30:00,-13.282
2017-09-15 10:15:00,52.856
2017-09-15 10:00:00,22.057
2017-09-15 09:45:00,44.233
2017-09-15 09:30:00,0.345
2017-09-15 09:15:00,-3.837
2017-09-15 09:00:00,-5.512
2017-09-15 08:45:00,-9.645
2017-09-15 08:30:00,0.461
2017-09-15 08:15:00,-1.324
2017-09-15 08:00:00,-1.381
2017-09-15 07:45:00,1.965
2017-09-15 07:30:00,-2.018
2017-09-15 07:15:00,-10.001
2017-09-15 07:00:00,-8.82
2017-09-15 06:45:00,-10.185
2017-09-15 06:30:00,-15.727
2017-09-15 06:15:00,-11.173
2017-09-15 06:00:00,-10.214
2017-09-15 05:45:00,-14.799
2017-09-15 05:30:00,-19.052
2017-09-15 05:15:00,-12.584
2017-09-15 05:00:00,-1.924
2017-09-15 04:45:00,-3.295
2017-09-15 04:30:00,-2.47
2017-09-15 04:15:00,-2.724
2017-09-15 04:00:00,-3.158
2017-09-15 03:45:00,-3.444
2017-09-15 03:30:00,-3.835
2017-09-15 03:15:00,-8.787
2017-09-15 03:00:00,-9.529
2017-09-15 02:45:00,-12.099
2017-09-15 02:30:00,-11.504
2017-09-15 02:15:00,-12.832
2017-09-15 02:00:00,-10.316
2017-09-15 01:45:00,-13.239
2017-09-15 01:30:00,-12.608
2017-09-15 01:15:00,-15.698
2017-09-15 01:00:00,-12.947
2017-09-15 00:45:00,-15.994
2017-09-15 00:30:00,-15.23
2017-09-15 00:15:00,-15.805
2017-09-15 00:00:00,-16.742
2017-09-14 23:45:00,-16.207
2017-09-14 23:30:00,-15.924
2017-09-14 23:15:00,-16.439
2017-09-14 23:00:00,-16.474
2017-09-14 22:45:00,-18.43
2017-09-14 22:30:00,-16.443
2017-09-14 22:15:00,-19.458
2017-09-14 22:00:00,-20.041
2017-09-14 21:45:00,-23.174
2017-09-14 21:30:00,-21.17
2017-09-14 21:15:00,-20.8
2017-09-14 21:00:00,-21.728
2017-09-14 20:45:00,-22.097
2017-09-14 20:30:00,-23.083
2017-09-14 20:15:00,-34.807
2017-09-14 20:00:00,-38.612
2017-09-14 19:45:00,-41.651
2017-09-14 19:30:00,-41.166
2017-09-14 19:15:00,-46.139
2017-09-14 19:00:00,-52.551
2017-09-14 18:45:00,-49.045
2017-09-14 18:30:00,-46.114
2017-09-14 18:15:00,-35.728
2017-09-14 18:00:00,-24.745
2017-09-14 17:45:00,-7.511
2017-09-14 17:30:00,-0.533
2017-09-14 17:15:00,-0.716
2017-09-14 17:00:00,-0.245
2017-09-14 16:45:00,-0.569
2017-09-14 16:30:00,-0.576
2017-09-14 16:15:00,0.324
2017-09-14 16:00:00,0.128
2017-09-14 15:45:00,0.299
2017-09-14 15:30:00,1.994
2017-09-14 15:15:00,3.207
2017-09-14 15:00:00,15.944
2017-09-14 14:45:00,85.873
2017-09-14 14:30:00,132.945
2017-09-14 14:15:00,99.631
2017-09-14 14:00:00,142.26
2017-09-14 13:45:00,150.79
2017-09-14 13:30:00,148.832
2017-09-14 13:15:00,90.732
2017-09-14 13:00:00,99.812
2017-09-14 12:45:00,142.076
2017-09-14 12:30:00,110.984
2017-09-14 12:15:00,51.768
2017-09-14 12:00:00,29.752
2017-09-14 11:45:00,32.554
2017-09-14 11:30:00,12.093
2017-09-14 11:15:00,9.55
2017-09-14 11:00:00,30.578
2017-09-14 10:45:00,6.741
2017-09-14 10:30:00,0.45
2017-09-14 10:15:00,6.035
2017-09-14 10:00:00,34.665
2017-09-14 09:45:00,100.951
2017-09-14 09:30:00,4.622
2017-09-14 09:15:00,8.552
2017-09-14 09:00:00,0.074
2017-09-14 08:45:00,-3.964
2017-09-14 08:30:00,-16.25
2017-09-14 08:15:00,-17.187
2017-09-14 08:00:00,-6.137
2017-09-14 07:45:00,-12.936
2017-09-14 07:30:00,-13.727
2017-09-14 07:15:00,-22.886
2017-09-14 07:00:00,-18.708
2017-09-14 06:45:00,-23.379
2017-09-14 06:30:00,-22.802
2017-09-14 06:15:00,-24.086
2017-09-14 06:00:00,-23.356
2017-09-14 05:45:00,-27.708
2017-09-14 05:30:00,-31.056
2017-09-14 05:15:00,-20.759
2017-09-14 05:00:00,-16.937
2017-09-14 04:45:00,-16.632
2017-09-14 04:30:00,-18.926
2017-09-14 04:15:00,-16.345
2017-09-14 04:00:00,-18.98
2017-09-14 03:45:00,-16.717
2017-09-14 03:30:00,-17.541
2017-09-14 03:15:00,-16.572
2017-09-14 03:00:00,-17.907
2017-09-14 02:45:00,-17.976
2017-09-14 02:30:00,-20.375
2017-09-14 02:15:00,-17.892
2017-09-14 02:00:00,-21.523
2017-09-14 01:45:00,-19.171
2017-09-14 01:30:00,-20.421
2017-09-14 01:15:00,-21.201
2017-09-14 01:00:00,-21.108
2017-09-14 00:45:00,-19.401
2017-09-14 00:30:00,-22.243
2017-09-14 00:15:00,-19.643
2017-09-14 00:00:00,-23.094
2017-09-13 23:45:00,-21.778
2017-09-13 23:30:00,-23.191
2017-09-13 23:15:00,-22.488
2017-09-13 23:00:00,-24.392
2017-09-13 22:45:00,-22.856
2017-09-13 22:30:00,-25.91
2017-09-13 22:15:00,-24.342
2017-09-13 22:00:00,-25.368
2017-09-13 21:45:00,-25.921
2017-09-13 21:30:00,-25.67
2017-09-13 21:15:00,-25.614
2017-09-13 21:00:00,-26.879
2017-09-13 20:45:00,-25.849
2017-09-13 20:30:00,-30.826
2017-09-13 20:15:00,-26.422
2017-09-13 20:00:00,-29.138
2017-09-13 19:45:00,-27.561
2017-09-13 19:30:00,-28.624
2017-09-13 19:15:00,-27.936
2017-09-13 19:00:00,-25.645
2017-09-13 18:45:00,-23.349
2017-09-13 18:30:00,-22.927
2017-09-13 18:15:00,-18.913
2017-09-13 18:00:00,-36.502
2017-09-13 17:45:00,-25.469
2017-09-13 17:30:00,-9.583
2017-09-13 17:15:00,-1.243
2017-09-13 17:00:00,-0.956
2017-09-13 16:45:00,-0.951
2017-09-13 16:30:00,20.558
2017-09-13 16:15:00,44.452
2017-09-13 16:00:00,45.75
2017-09-13 15:45:00,59.092
2017-09-13 15:30:00,73.186
2017-09-13 15:15:00,92.332
2017-09-13 15:00:00,127.488
2017-09-13 14:45:00,118.14
2017-09-13 14:30:00,130.836
2017-09-13 14:15:00,138.006
2017-09-13 14:00:00,145.656
2017-09-13 13:45:00,143.699
2017-09-13 13:30:00,158.083
2017-09-13 13:15:00,147.77
2017-09-13 13:00:00,83.017
2017-09-13 12:45:00,78.564
2017-09-13 12:30:00,51.692
2017-09-13 12:15:00,17.338
2017-09-13 12:00:00,13.957
2017-09-13 11:45:00,9.002
2017-09-13 11:30:00,24.947
2017-09-13 11:15:00,14.874
2017-09-13 11:00:00,3.723
2017-09-13 10:45:00,0.613
2017-09-13 10:30:00,-0.951
2017-09-13 10:15:00,-0.948
2017-09-13 10:00:00,-0.743
2017-09-13 09:45:00,-0.956
2017-09-13 09:30:00,-6.018
2017-09-13 09:15:00,-11.321
2017-09-13 09:00:00,-25.631
2017-09-13 08:45:00,-34.14
2017-09-13 08:30:00,-37.432
2017-09-13 08:15:00,-33.879
2017-09-13 08:00:00,-37.65
2017-09-13 07:45:00,-21.105
2017-09-13 07:30:00,-10.811
2017-09-13 07:15:00,-22.543
2017-09-13 07:00:00,-14.52
2017-09-13 06:45:00,-20.342
2017-09-13 06:30:00,-17.853
2017-09-13 06:15:00,-17.898
2017-09-13 06:00:00,-25.396
2017-09-13 05:45:00,-21.956
2017-09-13 05:30:00,-29.962
2017-09-13 05:15:00,-17.54
2017-09-13 05:00:00,-8.241
2017-09-13 04:45:00,-7.603
2017-09-13 04:30:00,-7.995
2017-09-13 04:15:00,-9.045
2017-09-13 04:00:00,-8.633
2017-09-13 03:45:00,-9.169
2017-09-13 03:30:00,-8.579
2017-09-13 03:15:00,-7.713
2017-09-13 03:00:00,-11.715
2017-09-13 02:45:00,-12.966
2017-09-13 02:30:00,-11.893
2017-09-13 02:15:00,-12.526
2017-09-13 02:00:00,-15.967
2017-09-13 01:45:00,-15.129
2017-09-13 01:30:00,-14.716
2017-09-13 01:15:00,-16.592
2017-09-13 01:00:00,-17.489
2017-09-13 00:45:00,-17.238
2017-09-13 00:30:00,-23.628
2017-09-13 00:15:00,-17.466
2017-09-13 00:00:00,-18.923
2017-09-12 23:45:00,-18.503
2017-09-12 23:30:00,-17.985
2017-09-12 23:15:00,-17.43
2017-09-12 23:00:00,-18.411
2017-09-12 22:45:00,-21.411
2017-09-12 22:30:00,-17.962
2017-09-12 22:15:00,-19.76
2017-09-12 22:00:00,-18.146
2017-09-12 21:45:00,-18.75
2017-09-12 21:30:00,-19.597
2017-09-12 21:15:00,-26.242
2017-09-12 21:00:00,-37.094
2017-09-12 20:45:00,-32.854
2017-09-12 20:30:00,-35.023
2017-09-12 20:15:00,-36.572
2017-09-12 20:00:00,-42.745
2017-09-12 19:45:00,-46.485
2017-09-12 19:30:00,-45.405
2017-09-12 19:15:00,-48.472
2017-09-12 19:00:00,-48.902
2017-09-12 18:45:00,-47.263
2017-09-12 18:30:00,-38.696
2017-09-12 18:15:00,-28.627
2017-09-12 18:00:00,-27.986
2017-09-12 17:45:00,-4.514
2017-09-12 17:30:00,-4.639
2017-09-12 17:15:00,-0.963
2017-09-12 17:00:00,3.51
2017-09-12 16:45:00,6.485
2017-09-12 16:30:00,-17.31
2017-09-12 16:15:00,-0.965
2017-09-12 16:00:00,-1.255
2017-09-12 15:45:00,-12.361
2017-09-12 15:30:00,-6.15
2017-09-12 15:15:00,-0.971
2017-09-12 15:00:00,-0.968
2017-09-12 14:45:00,-0.97
2017-09-12 14:30:00,-0.969
2017-09-12 14:15:00,-0.968
2017-09-12 14:00:00,-0.965
2017-09-12 13:45:00,-0.96
2017-09-12 13:30:00,17.534
2017-09-12 13:15:00,130.13
2017-09-12 13:00:00,125.094
2017-09-12 12:45:00,129.631
2017-09-12 12:30:00,123.38
2017-09-12 12:15:00,127.022
2017-09-12 12:00:00,127.633
2017-09-12 11:45:00,131.421
2017-09-12 11:30:00,122.391
2017-09-12 11:15:00,115.832
2017-09-12 11:00:00,118.539
2017-09-12 10:45:00,110.423
2017-09-12 10:30:00,106.384
2017-09-12 10:15:00,95.139
2017-09-12 10:00:00,94.096
2017-09-12 09:45:00,43.486
2017-09-12 09:30:00,10.955
2017-09-12 09:15:00,0.773
2017-09-12 09:00:00,0.528
2017-09-12 08:45:00,-0.89
2017-09-12 08:30:00,-1.015
2017-09-12 08:15:00,-0.983
2017-09-12 08:00:00,-0.962
2017-09-12 07:45:00,-0.938
2017-09-12 07:30:00,-0.973
2017-09-12 07:15:00,-0.976
2017-09-12 07:00:00,-4.609
2017-09-12 06:45:00,-28.313
2017-09-12 06:30:00,-22.861
2017-09-12 06:15:00,-25.634
2017-09-12 06:00:00,-20.246
2017-09-12 05:45:00,-22.524
2017-09-12 05:30:00,-24.843
2017-09-12 05:15:00,-18.764
2017-09-12 05:00:00,-2.157
2017-09-12 04:45:00,-9.095
2017-09-12 04:30:00,-5.135
2017-09-12 04:15:00,-5.959
2017-09-12 04:00:00,-6.051
2017-09-12 03:45:00,-7.077
2017-09-12 03:30:00,-5.982
2017-09-12 03:15:00,-14.057
2017-09-12 03:00:00,-16.479
2017-09-12 02:45:00,-13.489
2017-09-12 02:30:00,-14.556
2017-09-12 02:15:00,-14.507
2017-09-12 02:00:00,-16.237
2017-09-12 01:45:00,-23.295
2017-09-12 01:30:00,-19.831
2017-09-12 01:15:00,-21.801
2017-09-12 01:00:00,-22.919
2017-09-12 00:45:00,-28.75
2017-09-12 00:30:00,-24.716
2017-09-12 00:15:00,-23.737
2017-09-12 00:00:00,-25.217
2017-09-11 23:45:00,-28.557
2017-09-11 23:30:00,-29.229
2017-09-11 23:15:00,-27.819
2017-09-11 23:00:00,-29.366
2017-09-11 22:45:00,-33.526
2017-09-11 22:30:00,-30.862
2017-09-11 22:15:00,-28.985
2017-09-11 22:00:00,-31.726
2017-09-11 21:45:00,-31.92
2017-09-11 21:30:00,-30.528
2017-09-11 21:15:00,-31.493
2017-09-11 21:00:00,-33.553
2017-09-11 20:45:00,-33.494
2017-09-11 20:30:00,-34.392
2017-09-11 20:15:00,-38.247
2017-09-11 20:00:00,-36.6
2017-09-11 19:45:00,-35.641
2017-09-11 19:30:00,-41.062
2017-09-11 19:15:00,-37.186
2017-09-11 19:00:00,-33.45
2017-09-11 18:45:00,-28.964
2017-09-11 18:30:00,-30.572
2017-09-11 18:15:00,-44.315
2017-09-11 18:00:00,-61.777
2017-09-11 17:45:00,-63.362
2017-09-11 17:30:00,-52.509
2017-09-11 17:15:00,-7.886
2017-09-11 17:00:00,-10.261
2017-09-11 16:45:00,-3.054
2017-09-11 16:30:00,-16.116
2017-09-11 16:15:00,-6.244
2017-09-11 16:00:00,-5.873
2017-09-11 15:45:00,-3.14
2017-09-11 15:30:00,-1.046
2017-09-11 15:15:00,-0.963
2017-09-11 15:00:00,-0.961
2017-09-11 14:45:00,-0.962
2017-09-11 14:30:00,-0.96
2017-09-11 14:15:00,-0.96
2017-09-11 14:00:00,-0.957
2017-09-11 13:45:00,-0.965
2017-09-11 13:30:00,-0.963
2017-09-11 13:15:00,-0.955
2017-09-11 13:00:00,-0.947
2017-09-11 12:45:00,32.332
2017-09-11 12:30:00,115.112
2017-09-11 12:15:00,118.504
2017-09-11 12:00:00,122.376
2017-09-11 11:45:00,115.63
2017-09-11 11:30:00,116.715
2017-09-11 11:15:00,109.389
2017-09-11 11:00:00,114.245
2017-09-11 10:45:00,115.0
2017-09-11 10:30:00,105.504
2017-09-11 10:15:00,102.169
2017-09-11 10:00:00,90.568
2017-09-11 09:45:00,84.388
2017-09-11 09:30:00,67.938
2017-09-11 09:15:00,55.438
2017-09-11 09:00:00,46.325
2017-09-11 08:45:00,25.437
2017-09-11 08:30:00,16.545
2017-09-11 08:15:00,0.702
2017-09-11 08:00:00,-1.593
2017-09-11 07:45:00,-3.417
2017-09-11 07:30:00,-1.222
2017-09-11 07:15:00,-9.889
2017-09-11 07:00:00,-20.087
2017-09-11 06:45:00,-25.98
2017-09-11 06:30:00,-16.208
2017-09-11 06:15:00,-22.952
2017-09-11 06:00:00,-25.746
2017-09-11 05:45:00,-23.516
2017-09-11 05:30:00,-31.121
2017-09-11 05:15:00,-21.418
2017-09-11 05:00:00,-10.818
2017-09-11 04:45:00,-11.208
2017-09-11 04:30:00,-8.584
2017-09-11 04:15:00,-11.304
2017-09-11 04:00:00,-16.358
2017-09-11 03:45:00,-12.349
2017-09-11 03:30:00,-9.573
2017-09-11 03:15:00,-11.799
2017-09-11 03:00:00,-11.093
2017-09-11 02:45:00,-12.998
2017-09-11 02:30:00,-11.407
2017-09-11 02:15:00,-15.751
2017-09-11 02:00:00,-10.881
2017-09-11 01:45:00,-11.418
2017-09-11 01:30:00,-11.026
2017-09-11 01:15:00,-13.512
2017-09-11 01:00:00,-18.279
2017-09-11 00:45:00,-13.946
2017-09-11 00:30:00,-14.05
2017-09-11 00:15:00,-16.013
2017-09-11 00:00:00,-15.986
2017-09-10 23:45:00,-14.563
2017-09-10 23:30:00,-21.712
2017-09-10 23:15:00,-15.558
2017-09-10 23:00:00,-22.402
2017-09-10 22:45:00,-49.146
2017-09-10 22:30:00,-37.495
2017-09-10 22:15:00,-28.987
2017-09-10 22:00:00,-30.0
2017-09-10 21:45:00,-34.062
2017-09-10 21:30:00,-29.64
2017-09-10 21:15:00,-30.487
2017-09-10 21:00:00,-30.442
2017-09-10 20:45:00,-34.213
2017-09-10 20:30:00,-29.848
2017-09-10 20:15:00,-30.475
2017-09-10 20:00:00,-36.325
2017-09-10 19:45:00,-38.848
2017-09-10 19:30:00,-37.534
2017-09-10 19:15:00,-36.042
2017-09-10 19:00:00,-39.37
2017-09-10 18:45:00,-38.068
2017-09-10 18:30:00,-34.358
2017-09-10 18:15:00,-34.034
2017-09-10 18:00:00,-38.429
2017-09-10 17:45:00,-17.244
2017-09-10 17:30:00,-7.416
2017-09-10 17:15:00,-5.299
2017-09-10 17:00:00,-9.548
2017-09-10 16:45:00,-19.463
2017-09-10 16:30:00,-0.96
2017-09-10 16:15:00,-1.322
2017-09-10 16:00:00,-0.957
2017-09-10 15:45:00,-0.961
2017-09-10 15:30:00,-0.954
2017-09-10 15:15:00,-0.958
2017-09-10 15:00:00,-0.958
2017-09-10 14:45:00,-0.961
2017-09-10 14:30:00,-0.961
2017-09-10 14:15:00,-0.96
2017-09-10 14:00:00,-0.96
2017-09-10 13:45:00,-0.964
2017-09-10 13:30:00,-0.964
2017-09-10 13:15:00,-0.966
2017-09-10 13:00:00,-0.957
2017-09-10 12:45:00,-0.957
2017-09-10 12:30:00,-0.96
2017-09-10 12:15:00,-0.962
2017-09-10 12:00:00,-0.959
2017-09-10 11:45:00,-0.957
2017-09-10 11:30:00,-0.96
2017-09-10 11:15:00,110.519
2017-09-10 11:00:00,166.535
2017-09-10 10:45:00,160.821
2017-09-10 10:30:00,154.984
2017-09-10 10:15:00,148.569
2017-09-10 10:00:00,141.376
2017-09-10 09:45:00,131.019
2017-09-10 09:30:00,120.785
2017-09-10 09:15:00,107.752
2017-09-10 09:00:00,98.255
2017-09-10 08:45:00,86.41
2017-09-10 08:30:00,72.458
2017-09-10 08:15:00,45.995
2017-09-10 08:00:00,14.297
2017-09-10 07:45:00,14.35
2017-09-10 07:30:00,3.344
2017-09-10 07:15:00,-1.938
2017-09-10 07:00:00,-3.681
2017-09-10 06:45:00,-5.125
2017-09-10 06:30:00,-6.316
2017-09-10 06:15:00,-7.664
2017-09-10 06:00:00,-9.579
2017-09-10 05:45:00,-10.029
2017-09-10 05:30:00,-14.22
2017-09-10 05:15:00,-15.138
2017-09-10 05:00:00,-18.296
2017-09-10 04:45:00,-18.975
2017-09-10 04:30:00,-19.495
2017-09-10 04:15:00,-20.34
2017-09-10 04:00:00,-21.773
2017-09-10 03:45:00,-27.346
2017-09-10 03:30:00,-23.045
2017-09-10 03:15:00,-22.831
2017-09-10 03:00:00,-23.98
2017-09-10 02:45:00,-23.765
2017-09-10 02:30:00,-24.233
2017-09-10 02:15:00,-23.324
2017-09-10 02:00:00,-22.985
2017-09-10 01:45:00,-28.006
2017-09-10 01:30:00,-24.541
2017-09-10 01:15:00,-24.111
2017-09-10 01:00:00,-24.322
2017-09-10 00:45:00,-24.161
2017-09-10 00:30:00,-25.554
2017-09-10 00:15:00,-24.285
2017-09-10 00:00:00,-25.991
2017-09-09 23:45:00,-29.57
2017-09-09 23:30:00,-27.543
2017-09-09 23:15:00,-26.887
2017-09-09 23:00:00,-28.609
2017-09-09 22:45:00,-26.659
2017-09-09 22:30:00,-29.603
2017-09-09 22:15:00,-32.124
2017-09-09 22:00:00,-28.789
2017-09-09 21:45:00,-30.552
2017-09-09 21:30:00,-30.942
2017-09-09 21:15:00,-29.142
2017-09-09 21:00:00,-37.462
2017-09-09 20:45:00,-30.875
2017-09-09 20:30:00,-30.999
2017-09-09 20:15:00,-31.675
2017-09-09 20:00:00,-31.828
2017-09-09 19:45:00,-39.226
2017-09-09 19:30:00,-35.565
2017-09-09 19:15:00,-36.532
2017-09-09 19:00:00,-34.997
2017-09-09 18:45:00,-36.867
2017-09-09 18:30:00,-23.197
2017-09-09 18:15:00,-19.252
2017-09-09 18:00:00,-15.515
2017-09-09 17:45:00,-3.262
2017-09-09 17:30:00,0.392
2017-09-09 17:15:00,-1.481
2017-09-09 17:00:00,-0.957
2017-09-09 16:45:00,-2.672
2017-09-09 16:30:00,0.031
2017-09-09 16:15:00,-11.204
2017-09-09 16:00:00,-7.583
2017-09-09 15:45:00,-13.389
2017-09-09 15:30:00,-2.391
2017-09-09 15:15:00,-2.337
2017-09-09 15:00:00,-0.964
2017-09-09 14:45:00,-0.964
2017-09-09 14:30:00,-0.966
2017-09-09 14:15:00,-0.967
2017-09-09 14:00:00,-0.966
2017-09-09 13:45:00,-0.965
2017-09-09 13:30:00,-0.97
2017-09-09 13:15:00,-0.98
2017-09-09 13:00:00,-0.978
2017-09-09 12:45:00,-0.968
2017-09-09 12:30:00,-0.969
2017-09-09 12:15:00,-0.919
2017-09-09 12:00:00,69.001
2017-09-09 11:45:00,162.972
2017-09-09 11:30:00,186.778
2017-09-09 11:15:00,182.323
2017-09-09 11:00:00,128.498
2017-09-09 10:45:00,160.987
2017-09-09 10:30:00,126.264
2017-09-09 10:15:00,65.268
2017-09-09 10:00:00,153.238
2017-09-09 09:45:00,127.477
2017-09-09 09:30:00,59.197
2017-09-09 09:15:00,92.886
2017-09-09 09:00:00,64.406
2017-09-09 08:45:00,37.209
2017-09-09 08:30:00,25.716
2017-09-09 08:15:00,16.098
2017-09-09 08:00:00,4.266
2017-09-09 07:45:00,-1.482
2017-09-09 07:30:00,-1.84
2017-09-09 07:15:00,-7.023
2017-09-09 07:00:00,-7.873
2017-09-09 06:45:00,-6.215
2017-09-09 06:30:00,-5.758
2017-09-09 06:15:00,-6.287
2017-09-09 06:00:00,-5.492
2017-09-09 05:45:00,-5.396
2017-09-09 05:30:00,-5.014
2017-09-09 05:15:00,-5.148
2017-09-09 05:00:00,-5.12
2017-09-09 04:45:00,-11.669
2017-09-09 04:30:00,-7.011
2017-09-09 04:15:00,-7.537
2017-09-09 04:00:00,-10.86
2017-09-09 03:45:00,-12.181
2017-09-09 03:30:00,-13.448
2017-09-09 03:15:00,-13.803
2017-09-09 03:00:00,-13.878
2017-09-09 02:45:00,-13.344
2017-09-09 02:30:00,-18.254
2017-09-09 02:15:00,-20.124
2017-09-09 02:00:00,-16.843
2017-09-09 01:45:00,-17.049
2017-09-09 01:30:00,-16.204
2017-09-09 01:15:00,-19.247
2017-09-09 01:00:00,-20.453
2017-09-09 00:45:00,-20.438
2017-09-09 00:30:00,-23.764
2017-09-09 00:15:00,-23.666
2017-09-09 00:00:00,-20.889
2017-09-08 23:45:00,-21.991
2017-09-08 23:30:00,-23.784
2017-09-08 23:15:00,-24.301
2017-09-08 23:00:00,-24.065
2017-09-08 22:45:00,-24.952
2017-09-08 22:30:00,-29.222
2017-09-08 22:15:00,-25.933
2017-09-08 22:00:00,-24.718
2017-09-08 21:45:00,-24.549
2017-09-08 21:30:00,-24.817
2017-09-08 21:15:00,-24.891
2017-09-08 21:00:00,-34.02
2017-09-08 20:45:00,-33.824
2017-09-08 20:30:00,-35.559
2017-09-08 20:15:00,-36.384
2017-09-08 20:00:00,-39.574
2017-09-08 19:45:00,-44.146
2017-09-08 19:30:00,-45.52
2017-09-08 19:15:00,-46.864
2017-09-08 19:00:00,-46.027
2017-09-08 18:45:00,-45.583
2017-09-08 18:30:00,-44.038
2017-09-08 18:15:00,-42.111
2017-09-08 18:00:00,-41.197
2017-09-08 17:45:00,-27.536
2017-09-08 17:30:00,-31.88
2017-09-08 17:15:00,-28.53
2017-09-08 17:00:00,-26.183
2017-09-08 16:45:00,-37.067
2017-09-08 16:30:00,-6.469
2017-09-08 16:15:00,-0.958
2017-09-08 16:00:00,-0.96
2017-09-08 15:45:00,-0.119
2017-09-08 15:30:00,-0.331
2017-09-08 15:15:00,-0.961
2017-09-08 15:00:00,-0.966
2017-09-08 14:45:00,-0.028
2017-09-08 14:30:00,-0.962
2017-09-08 14:15:00,0.569
2017-09-08 14:00:00,-0.056
2017-09-08 13:45:00,0.16
2017-09-08 13:30:00,2.288
2017-09-08 13:15:00,7.13
2017-09-08 13:00:00,51.613
2017-09-08 12:45:00,149.055
2017-09-08 12:30:00,97.594
2017-09-08 12:15:00,151.837
2017-09-08 12:00:00,151.691
2017-09-08 11:45:00,135.31
2017-09-08 11:30:00,123.38
2017-09-08 11:15:00,75.48
2017-09-08 11:00:00,87.935
2017-09-08 10:45:00,107.913
2017-09-08 10:30:00,130.552
2017-09-08 10:15:00,50.298
2017-09-08 10:00:00,50.387
2017-09-08 09:45:00,11.992
2017-09-08 09:30:00,0.929
2017-09-08 09:15:00,55.937
2017-09-08 09:00:00,23.47
2017-09-08 08:45:00,27.381
2017-09-08 08:30:00,12.431
2017-09-08 08:15:00,-7.781
2017-09-08 08:00:00,4.984
2017-09-08 07:45:00,-0.083
2017-09-08 07:30:00,-1.073
2017-09-08 07:15:00,-7.315
2017-09-08 07:00:00,-18.057
2017-09-08 06:45:00,-16.275
2017-09-08 06:30:00,-17.36
2017-09-08 06:15:00,-12.559
2017-09-08 06:00:00,-10.184
2017-09-08 05:45:00,-17.006
2017-09-08 05:30:00,-17.602
2017-09-08 05:15:00,-19.962
2017-09-08 05:00:00,-9.33
2017-09-08 04:45:00,-8.98
2017-09-08 04:30:00,-14.3
2017-09-08 04:15:00,-11.375
2017-09-08 04:00:00,-10.285
2017-09-08 03:45:00,-11.449
2017-09-08 03:30:00,-10.381
2017-09-08 03:15:00,-12.367
2017-09-08 03:00:00,-18.805
2017-09-08 02:45:00,-15.57
2017-09-08 02:30:00,-15.3
2017-09-08 02:15:00,-14.808
2017-09-08 02:00:00,-16.574
2017-09-08 01:45:00,-16.92
2017-09-08 01:30:00,-21.163
2017-09-08 01:15:00,-19.138
2017-09-08 01:00:00,-16.976
2017-09-08 00:45:00,-17.381
2017-09-08 00:30:00,-17.235
2017-09-08 00:15:00,-24.468
2017-09-08 00:00:00,-18.108
2017-09-07 23:45:00,-19.052
2017-09-07 23:30:00,-20.209
2017-09-07 23:15:00,-20.007
2017-09-07 23:00:00,-23.261
2017-09-07 22:45:00,-22.782
2017-09-07 22:30:00,-21.552
2017-09-07 22:15:00,-20.711
2017-09-07 22:00:00,-22.785
2017-09-07 21:45:00,-30.692
2017-09-07 21:30:00,-30.158
2017-09-07 21:15:00,-30.418
2017-09-07 21:00:00,-34.167
2017-09-07 20:45:00,-36.336
2017-09-07 20:30:00,-33.904
2017-09-07 20:15:00,-34.532
2017-09-07 20:00:00,-43.365
2017-09-07 19:45:00,-42.526
2017-09-07 19:30:00,-42.246
2017-09-07 19:15:00,-52.672
2017-09-07 19:00:00,-49.575
2017-09-07 18:45:00,-41.915
2017-09-07 18:30:00,-40.642
2017-09-07 18:15:00,-36.762
2017-09-07 18:00:00,-31.124
2017-09-07 17:45:00,-21.808
2017-09-07 17:30:00,-1.488
2017-09-07 17:15:00,0.463
2017-09-07 17:00:00,0.423
2017-09-07 16:45:00,-0.524
2017-09-07 16:30:00,-0.419
2017-09-07 16:15:00,-0.641
2017-09-07 16:00:00,-0.51
2017-09-07 15:45:00,-0.962
2017-09-07 15:30:00,-0.48
2017-09-07 15:15:00,-0.958
2017-09-07 15:00:00,-0.36
2017-09-07 14:45:00,-0.317
2017-09-07 14:30:00,0.249
2017-09-07 14:15:00,-0.961
2017-09-07 14:00:00,0.892
2017-09-07 13:45:00,0.898
2017-09-07 13:30:00,2.618
2017-09-07 13:15:00,10.793
2017-09-07 13:00:00,100.903
2017-09-07 12:45:00,126.103
2017-09-07 12:30:00,126.862
2017-09-07 12:15:00,129.13
2017-09-07 12:00:00,128.809
2017-09-07 11:45:00,128.536
2017-09-07 11:30:00,85.643
2017-09-07 11:15:00,96.715
2017-09-07 11:00:00,72.355
2017-09-07 10:45:00,113.05
2017-09-07 10:30:00,102.668
2017-09-07 10:15:00,87.297
2017-09-07 10:00:00,81.243
2017-09-07 09:45:00,82.387
2017-09-07 09:30:00,19.581
2017-09-07 09:15:00,49.03
2017-09-07 09:00:00,43.352
2017-09-07 08:45:00,28.2
2017-09-07 08:30:00,18.701
2017-09-07 08:15:00,7.912
2017-09-07 08:00:00,0.561
2017-09-07 07:45:00,-19.094
2017-09-07 07:30:00,-25.182
2017-09-07 07:15:00,-11.811
2017-09-07 07:00:00,-8.773
2017-09-07 06:45:00,-16.702
2017-09-07 06:30:00,-10.966
2017-09-07 06:15:00,-13.357
2017-09-07 06:00:00,-10.35
2017-09-07 05:45:00,-7.081
2017-09-07 05:30:00,-16.891
2017-09-07 05:15:00,-13.064
2017-09-07 05:00:00,-10.33
2017-09-07 04:45:00,-8.454
2017-09-07 04:30:00,-10.124
2017-09-07 04:15:00,-11.945
2017-09-07 04:00:00,-14.3
2017-09-07 03:45:00,-9.713
2017-09-07 03:30:00,-11.289
2017-09-07 03:15:00,-12.763
2017-09-07 03:00:00,-15.27
2017-09-07 02:45:00,-18.214
2017-09-07 02:30:00,-20.935
2017-09-07 02:15:00,-19.179
2017-09-07 02:00:00,-21.549
2017-09-07 01:45:00,-20.475
2017-09-07 01:30:00,-19.423
2017-09-07 01:15:00,-22.121
2017-09-07 01:00:00,-23.429
2017-09-07 00:45:00,-20.39
2017-09-07 00:30:00,-22.426
2017-09-07 00:15:00,-21.154
2017-09-07 00:00:00,-21.706
2017-09-06 23:45:00,-21.566
2017-09-06 23:30:00,-27.512
2017-09-06 23:15:00,-23.643
2017-09-06 23:00:00,-23.637
2017-09-06 22:45:00,-22.742
2017-09-06 22:30:00,-23.835
2017-09-06 22:15:00,-28.566
2017-09-06 22:00:00,-27.684
2017-09-06 21:45:00,-31.699
2017-09-06 21:30:00,-33.465
2017-09-06 21:15:00,-34.706
2017-09-06 21:00:00,-38.765
2017-09-06 20:45:00,-35.905
2017-09-06 20:30:00,-36.85
2017-09-06 20:15:00,-39.427
2017-09-06 20:00:00,-44.675
2017-09-06 19:45:00,-43.221
2017-09-06 19:30:00,-47.646
2017-09-06 19:15:00,-52.826
2017-09-06 19:00:00,-55.162
2017-09-06 18:45:00,-52.191
2017-09-06 18:30:00,-59.457
2017-09-06 18:15:00,-52.499
2017-09-06 18:00:00,-42.152
2017-09-06 17:45:00,-20.232
2017-09-06 17:30:00,-6.067
2017-09-06 17:15:00,-1.491
2017-09-06 17:00:00,-0.965
2017-09-06 16:45:00,-0.965
2017-09-06 16:30:00,-0.966
2017-09-06 16:15:00,-0.966
2017-09-06 16:00:00,-0.968
2017-09-06 15:45:00,-0.969
2017-09-06 15:30:00,-0.965
2017-09-06 15:15:00,-0.97
2017-09-06 15:00:00,-0.968
2017-09-06 14:45:00,-0.967
2017-09-06 14:30:00,-0.967
2017-09-06 14:15:00,-0.968
2017-09-06 14:00:00,-0.969
2017-09-06 13:45:00,-0.968
2017-09-06 13:30:00,-0.969
2017-09-06 13:15:00,-0.808
2017-09-06 13:00:00,119.703
2017-09-06 12:45:00,131.161
2017-09-06 12:30:00,123.55
2017-09-06 12:15:00,125.095
2017-09-06 12:00:00,130.501
2017-09-06 11:45:00,124.087
2017-09-06 11:30:00,115.621
2017-09-06 11:15:00,114.318
2017-09-06 11:00:00,110.905
2017-09-06 10:45:00,103.538
2017-09-06 10:30:00,112.721
2017-09-06 10:15:00,98.104
2017-09-06 10:00:00,84.869
2017-09-06 09:45:00,77.343
2017-09-06 09:30:00,56.702
2017-09-06 09:15:00,49.677
2017-09-06 09:00:00,35.328
2017-09-06 08:45:00,7.81
2017-09-06 08:30:00,11.054
2017-09-06 08:15:00,-22.304
2017-09-06 08:00:00,-25.166
2017-09-06 07:45:00,-30.544
2017-09-06 07:30:00,-29.358
2017-09-06 07:15:00,-12.869
2017-09-06 07:00:00,-19.63
2017-09-06 06:45:00,-14.884
2017-09-06 06:30:00,-21.049
2017-09-06 06:15:00,-15.459
2017-09-06 06:00:00,-14.577
2017-09-06 05:45:00,-18.598
2017-09-06 05:30:00,-20.472
2017-09-06 05:15:00,-25.155
2017-09-06 05:00:00,-11.583
2017-09-06 04:45:00,-12.363
2017-09-06 04:30:00,-11.302
2017-09-06 04:15:00,-12.407
2017-09-06 04:00:00,-17.274
2017-09-06 03:45:00,-12.519
2017-09-06 03:30:00,-12.971
2017-09-06 03:15:00,-15.672
2017-09-06 03:00:00,-15.629
2017-09-06 02:45:00,-14.802
2017-09-06 02:30:00,-24.203
2017-09-06 02:15:00,-18.068
2017-09-06 02:00:00,-19.017
2017-09-06 01:45:00,-18.106
2017-09-06 01:30:00,-19.081
2017-09-06 01:15:00,-23.469
2017-09-06 01:00:00,-20.115
2017-09-06 00:45:00,-19.456
2017-09-06 00:30:00,-19.791
2017-09-06 00:15:00,-17.991
2017-09-06 00:00:00,-23.378
2017-09-05 23:45:00,-21.786
2017-09-05 23:30:00,-22.052
2017-09-05 23:15:00,-18.985
2017-09-05 23:00:00,-21.88
2017-09-05 22:45:00,-24.73
2017-09-05 22:30:00,-21.38
2017-09-05 22:15:00,-20.813
2017-09-05 22:00:00,-20.996
2017-09-05 21:45:00,-21.515
2017-09-05 21:30:00,-32.357
2017-09-05 21:15:00,-30.916
2017-09-05 21:00:00,-29.592
2017-09-05 20:45:00,-37.328
2017-09-05 20:30:00,-30.954
2017-09-05 20:15:00,-31.737
2017-09-05 20:00:00,-46.512
2017-09-05 19:45:00,-44.969
2017-09-05 19:30:00,-46.046
2017-09-05 19:15:00,-54.423
2017-09-05 19:00:00,-53.388
2017-09-05 18:45:00,-54.507
2017-09-05 18:30:00,-46.041
2017-09-05 18:15:00,-36.439
2017-09-05 18:00:00,-33.688
2017-09-05 17:45:00,-15.698
2017-09-05 17:30:00,-14.524
2017-09-05 17:15:00,-7.405
2017-09-05 17:00:00,-0.963
2017-09-05 16:45:00,-0.965
2017-09-05 16:30:00,-0.962
2017-09-05 16:15:00,-0.962
2017-09-05 16:00:00,-0.958
2017-09-05 15:45:00,-0.963
2017-09-05 15:30:00,-1.038
2017-09-05 15:15:00,-0.964
2017-09-05 15:00:00,-0.965
2017-09-05 14:45:00,-0.965
2017-09-05 14:30:00,-0.964
2017-09-05 14:15:00,-0.962
2017-09-05 14:00:00,-0.745
2017-09-05 13:45:00,137.414
2017-09-05 13:30:00,133.097
2017-09-05 13:15:00,129.871
2017-09-05 13:00:00,137.592
2017-09-05 12:45:00,136.404
2017-09-05 12:30:00,131.249
2017-09-05 12:15:00,121.296
2017-09-05 12:00:00,136.124
2017-09-05 11:45:00,127.789
2017-09-05 11:30:00,124.685
2017-09-05 11:15:00,124.113
2017-09-05 11:00:00,119.4
2017-09-05 10:45:00,96.596
2017-09-05 10:30:00,52.636
2017-09-05 10:15:00,18.031
2017-09-05 10:00:00,5.982
2017-09-05 09:45:00,-2.883
2017-09-05 09:30:00,-18.709
2017-09-05 09:15:00,-19.3
2017-09-05 09:00:00,-25.002
2017-09-05 08:45:00,-35.243
2017-09-05 08:30:00,-27.774
2017-09-05 08:15:00,-25.83
2017-09-05 08:00:00,-24.611
2017-09-05 07:45:00,-18.181
2017-09-05 07:30:00,-17.118
2017-09-05 07:15:00,-9.436
2017-09-05 07:00:00,-15.879
2017-09-05 06:45:00,-19.038
2017-09-05 06:30:00,-12.749
2017-09-05 06:15:00,-21.324
2017-09-05 06:00:00,-21.739
2017-09-05 05:45:00,-24.42
2017-09-05 05:30:00,-28.201
2017-09-05 05:15:00,-17.636
2017-09-05 05:00:00,-8.739
2017-09-05 04:45:00,-11.135
2017-09-05 04:30:00,-9.109
2017-09-05 04:15:00,-15.612
2017-09-05 04:00:00,-9.759
2017-09-05 03:45:00,-11.539
2017-09-05 03:30:00,-11.362
2017-09-05 03:15:00,-10.15
2017-09-05 03:00:00,-12.001
2017-09-05 02:45:00,-10.888
2017-09-05 02:30:00,-16.663
2017-09-05 02:15:00,-18.106
2017-09-05 02:00:00,-15.274
2017-09-05 01:45:00,-14.849
2017-09-05 01:30:00,-15.696
2017-09-05 01:15:00,-18.775
2017-09-05 01:00:00,-23.262
2017-09-05 00:45:00,-21.184
2017-09-05 00:30:00,-20.839
2017-09-05 00:15:00,-21.24
2017-09-05 00:00:00,-23.398
2017-09-04 23:45:00,-26.93
2017-09-04 23:30:00,-23.517
2017-09-04 23:15:00,-23.715
2017-09-04 23:00:00,-23.758
2017-09-04 22:45:00,-24.331
2017-09-04 22:30:00,-29.525
2017-09-04 22:15:00,-25.913
2017-09-04 22:00:00,-26.209
2017-09-04 21:45:00,-26.899
2017-09-04 21:30:00,-31.982
2017-09-04 21:15:00,-31.007
2017-09-04 21:00:00,-30.057
2017-09-04 20:45:00,-32.946
2017-09-04 20:30:00,-35.264
2017-09-04 20:15:00,-31.947
2017-09-04 20:00:00,-31.337
2017-09-04 19:45:00,-35.228
2017-09-04 19:30:00,-37.111
2017-09-04 19:15:00,-38.422
2017-09-04 19:00:00,-38.701
2017-09-04 18:45:00,-33.728
2017-09-04 18:30:00,-26.194
2017-09-04 18:15:00,-22.805
2017-09-04 18:00:00,-6.355
2017-09-04 17:45:00,-5.807
2017-09-04 17:30:00,3.769
2017-09-04 17:15:00,13.001
2017-09-04 17:00:00,17.79
2017-09-04 16:45:00,43.668
2017-09-04 16:30:00,53.552
2017-09-04 16:15:00,76.845
2017-09-04 16:00:00,69.292
2017-09-04 15:45:00,72.024
2017-09-04 15:30:00,28.882
2017-09-04 15:15:00,57.303
2017-09-04 15:00:00,114.941
2017-09-04 14:45:00,96.169
2017-09-04 14:30:00,81.688
2017-09-04 14:15:00,64.061
2017-09-04 14:00:00,57.71
2017-09-04 13:45:00,54.015
2017-09-04 13:30:00,48.92
2017-09-04 13:15:00,50.01
2017-09-04 13:00:00,38.566
2017-09-04 12:45:00,45.869
2017-09-04 12:30:00,38.341
2017-09-04 12:15:00,37.819
2017-09-04 12:00:00,39.109
2017-09-04 11:45:00,44.047
2017-09-04 11:30:00,48.047
2017-09-04 11:15:00,37.532
2017-09-04 11:00:00,35.808
2017-09-04 10:45:00,21.289
2017-09-04 10:30:00,3.193
2017-09-04 10:15:00,13.988
2017-09-04 10:00:00,24.735
2017-09-04 09:45:00,28.885
2017-09-04 09:30:00,18.855
2017-09-04 09:15:00,19.858
2017-09-04 09:00:00,15.038
2017-09-04 08:45:00,12.989
2017-09-04 08:30:00,12.31
2017-09-04 08:15:00,5.887
2017-09-04 08:00:00,-1.42
2017-09-04 07:45:00,0.169
2017-09-04 07:30:00,-0.949
2017-09-04 07:15:00,-2.075
2017-09-04 07:00:00,-8.457
2017-09-04 06:45:00,-3.204
2017-09-04 06:30:00,-2.088
2017-09-04 06:15:00,-2.504
2017-09-04 06:00:00,-2.286
2017-09-04 05:45:00,-12.705
2017-09-04 05:30:00,-8.105
2017-09-04 05:15:00,-7.795
2017-09-04 05:00:00,-14.344
2017-09-04 04:45:00,-19.202
2017-09-04 04:30:00,-19.657
2017-09-04 04:15:00,-20.722
2017-09-04 04:00:00,-23.413
2017-09-04 03:45:00,-22.33
2017-09-04 03:30:00,-21.725
2017-09-04 03:15:00,-20.808
2017-09-04 03:00:00,-25.331
2017-09-04 02:45:00,-22.724
2017-09-04 02:30:00,-21.343
2017-09-04 02:15:00,-22.27
2017-09-04 02:00:00,-27.048
2017-09-04 01:45:00,-20.823
2017-09-04 01:30:00,-18.265
2017-09-04 01:15:00,-23.975
2017-09-04 01:00:00,-19.577
2017-09-04 00:45:00,-20.022
2017-09-04 00:30:00,-20.919
2017-09-04 00:15:00,-22.815
2017-09-04 00:00:00,-20.551
2017-09-03 23:45:00,-20.63
2017-09-03 23:30:00,-26.924
2017-09-03 23:15:00,-20.881
2017-09-03 23:00:00,-20.812
2017-09-03 22:45:00,-31.449
2017-09-03 22:30:00,-47.718
2017-09-03 22:15:00,-35.511
2017-09-03 22:00:00,-30.139
2017-09-03 21:45:00,-27.875
2017-09-03 21:30:00,-32.536
2017-09-03 21:15:00,-29.201
2017-09-03 21:00:00,-30.592
2017-09-03 20:45:00,-32.794
2017-09-03 20:30:00,-30.016
2017-09-03 20:15:00,-29.55
2017-09-03 20:00:00,-35.245
2017-09-03 19:45:00,-29.282
2017-09-03 19:30:00,-36.361
2017-09-03 19:15:00,-38.167
2017-09-03 19:00:00,-33.285
2017-09-03 18:45:00,-39.079
2017-09-03 18:30:00,-31.371
2017-09-03 18:15:00,-37.05
2017-09-03 18:00:00,-24.838
2017-09-03 17:45:00,-19.922
2017-09-03 17:30:00,-22.465
2017-09-03 17:15:00,-27.539
2017-09-03 17:00:00,-7.512
2017-09-03 16:45:00,-5.64
2017-09-03 16:30:00,-0.97
2017-09-03 16:15:00,-0.966
2017-09-03 16:00:00,-0.964
2017-09-03 15:45:00,-0.963
2017-09-03 15:30:00,-0.965
2017-09-03 15:15:00,-0.969
2017-09-03 15:00:00,-0.966
2017-09-03 14:45:00,-0.964
2017-09-03 14:30:00,-0.959
2017-09-03 14:15:00,-0.956
2017-09-03 14:00:00,-0.903
2017-09-03 13:45:00,87.513
2017-09-03 13:30:00,86.533
2017-09-03 13:15:00,137.351
2017-09-03 13:00:00,144.983
2017-09-03 12:45:00,110.082
2017-09-03 12:30:00,72.724
2017-09-03 12:15:00,125.198
2017-09-03 12:00:00,137.201
2017-09-03 11:45:00,35.421
2017-09-03 11:30:00,59.866
2017-09-03 11:15:00,65.048
2017-09-03 11:00:00,39.77
2017-09-03 10:45:00,42.202
2017-09-03 10:30:00,44.028
2017-09-03 10:15:00,37.509
2017-09-03 10:00:00,32.268
2017-09-03 09:45:00,34.626
2017-09-03 09:30:00,45.353
2017-09-03 09:15:00,91.668
2017-09-03 09:00:00,59.374
2017-09-03 08:45:00,35.58
2017-09-03 08:30:00,15.598
2017-09-03 08:15:00,17.147
2017-09-03 08:00:00,6.442
2017-09-03 07:45:00,-1.441
2017-09-03 07:30:00,-1.06
2017-09-03 07:15:00,-4.553
2017-09-03 07:00:00,-8.126
2017-09-03 06:45:00,-8.941
2017-09-03 06:30:00,-12.84
2017-09-03 06:15:00,-19.01
2017-09-03 06:00:00,-18.932
2017-09-03 05:45:00,-20.431
2017-09-03 05:30:00,-16.0
2017-09-03 05:15:00,-18.629
2017-09-03 05:00:00,-20.127
2017-09-03 04:45:00,-19.016
2017-09-03 04:30:00,-15.673
2017-09-03 04:15:00,-23.833
2017-09-03 04:00:00,-13.138
2017-09-03 03:45:00,-21.229
2017-09-03 03:30:00,-20.502
2017-09-03 03:15:00,-17.624
2017-09-03 03:00:00,-22.768
2017-09-03 02:45:00,-18.188
2017-09-03 02:30:00,-19.033
2017-09-03 02:15:00,-21.306
2017-09-03 02:00:00,-18.487
2017-09-03 01:45:00,-24.809
2017-09-03 01:30:00,-20.655
2017-09-03 01:15:00,-16.824
2017-09-03 01:00:00,-24.843
2017-09-03 00:45:00,-19.924
2017-09-03 00:30:00,-22.496
2017-09-03 00:15:00,-25.23
2017-09-03 00:00:00,-18.675
2017-09-02 23:45:00,-21.799
2017-09-02 23:30:00,-26.346
2017-09-02 23:15:00,-23.563
2017-09-02 23:00:00,-20.186
2017-09-02 22:45:00,-27.453
2017-09-02 22:30:00,-25.499
2017-09-02 22:15:00,-26.132
2017-09-02 22:00:00,-31.782
2017-09-02 21:45:00,-24.097
2017-09-02 21:30:00,-34.942
2017-09-02 21:15:00,-30.701
2017-09-02 21:00:00,-32.157
2017-09-02 20:45:00,-34.502
2017-09-02 20:30:00,-27.865
2017-09-02 20:15:00,-32.909
2017-09-02 20:00:00,-34.684
2017-09-02 19:45:00,-34.263
2017-09-02 19:30:00,-34.15
2017-09-02 19:15:00,-46.156
2017-09-02 19:00:00,-37.823
2017-09-02 18:45:00,-37.524
2017-09-02 18:30:00,-41.915
2017-09-02 18:15:00,-30.189
2017-09-02 18:00:00,-22.442
2017-09-02 17:45:00,-11.21
2017-09-02 17:30:00,-2.206
2017-09-02 17:15:00,-1.073
2017-09-02 17:00:00,-0.958
2017-09-02 16:45:00,-0.959
2017-09-02 16:30:00,-0.958
2017-09-02 16:15:00,-0.961
2017-09-02 16:00:00,-0.969
2017-09-02 15:45:00,-0.973
2017-09-02 15:30:00,-0.973
2017-09-02 15:15:00,-0.973
2017-09-02 15:00:00,-0.97
2017-09-02 14:45:00,-0.965
2017-09-02 14:30:00,-0.969
2017-09-02 14:15:00,-0.972
2017-09-02 14:00:00,-0.969
2017-09-02 13:45:00,-0.97
2017-09-02 13:30:00,-0.968
2017-09-02 13:15:00,-0.97
2017-09-02 13:00:00,-0.965
2017-09-02 12:45:00,-0.962
2017-09-02 12:30:00,-0.949
2017-09-02 12:15:00,38.888
2017-09-02 12:00:00,147.884
2017-09-02 11:45:00,146.445
2017-09-02 11:30:00,54.305
2017-09-02 11:15:00,101.556
2017-09-02 11:00:00,125.792
2017-09-02 10:45:00,146.627
2017-09-02 10:30:00,130.189
2017-09-02 10:15:00,105.206
2017-09-02 10:00:00,120.962
2017-09-02 09:45:00,108.739
2017-09-02 09:30:00,98.662
2017-09-02 09:15:00,91.633
2017-09-02 09:00:00,81.393
2017-09-02 08:45:00,40.565
2017-09-02 08:30:00,20.585
2017-09-02 08:15:00,39.389
2017-09-02 08:00:00,20.235
2017-09-02 07:45:00,8.975
2017-09-02 07:30:00,-1.133
2017-09-02 07:15:00,-0.994
2017-09-02 07:00:00,-1.85
2017-09-02 06:45:00,-12.386
2017-09-02 06:30:00,-9.789
2017-09-02 06:15:00,-4.998
2017-09-02 06:00:00,-4.182
2017-09-02 05:45:00,-10.615
2017-09-02 05:30:00,-3.312
2017-09-02 05:15:00,-5.69
2017-09-02 05:00:00,-10.395
2017-09-02 04:45:00,-6.306
2017-09-02 04:30:00,-6.184
2017-09-02 04:15:00,-10.582
2017-09-02 04:00:00,-12.014
2017-09-02 03:45:00,-10.168
2017-09-02 03:30:00,-10.383
2017-09-02 03:15:00,-14.068
2017-09-02 03:00:00,-8.033
2017-09-02 02:45:00,-14.544
2017-09-02 02:30:00,-12.114
2017-09-02 02:15:00,-10.495
2017-09-02 02:00:00,-12.842
2017-09-02 01:45:00,-18.307
2017-09-02 01:30:00,-13.586
2017-09-02 01:15:00,-20.769
2017-09-02 01:00:00,-18.693
2017-09-02 00:45:00,-19.024
2017-09-02 00:30:00,-22.833
2017-09-02 00:15:00,-17.402
2017-09-02 00:00:00,-20.084
2017-09-01 23:45:00,-23.189
2017-09-01 23:30:00,-20.044
2017-09-01 23:15:00,-26.892
2017-09-01 23:00:00,-21.553
2017-09-01 22:45:00,-22.434
2017-09-01 22:30:00,-24.617
2017-09-01 22:15:00,-22.354
2017-09-01 22:00:00,-21.914
2017-09-01 21:45:00,-25.435
2017-09-01 21:30:00,-22.899
2017-09-01 21:15:00,-23.152
2017-09-01 21:00:00,-25.967
2017-09-01 20:45:00,-24.444
2017-09-01 20:30:00,-40.802
2017-09-01 20:15:00,-33.514
2017-09-01 20:00:00,-40.743
2017-09-01 19:45:00,-38.866
2017-09-01 19:30:00,-42.251
2017-09-01 19:15:00,-48.42
2017-09-01 19:00:00,-42.96
2017-09-01 18:45:00,-45.621
2017-09-01 18:30:00,-28.932
2017-09-01 18:15:00,-30.336
2017-09-01 18:00:00,-48.348
2017-09-01 17:45:00,-32.586
2017-09-01 17:30:00,-38.083
2017-09-01 17:15:00,-24.747
2017-09-01 17:00:00,-38.842
2017-09-01 16:45:00,-43.929
2017-09-01 16:30:00,-39.003
2017-09-01 16:15:00,-25.481
2017-09-01 16:00:00,-6.617
2017-09-01 15:45:00,-1.761
2017-09-01 15:30:00,-32.167
2017-09-01 15:15:00,-9.226
2017-09-01 15:00:00,-0.96
2017-09-01 14:45:00,45.992
2017-09-01 14:30:00,96.778
2017-09-01 14:15:00,77.647
2017-09-01 14:00:00,81.507
2017-09-01 13:45:00,107.069
2017-09-01 13:30:00,66.594
2017-09-01 13:15:00,100.042
2017-09-01 13:00:00,103.591
2017-09-01 12:45:00,99.534
2017-09-01 12:30:00,88.765
2017-09-01 12:15:00,96.919
2017-09-01 12:00:00,83.913
2017-09-01 11:45:00,80.832
2017-09-01 11:30:00,82.104
2017-09-01 11:15:00,71.481
2017-09-01 11:00:00,73.338
2017-09-01 10:45:00,74.947
2017-09-01 10:30:00,66.652
2017-09-01 10:15:00,59.806
2017-09-01 10:00:00,51.078
2017-09-01 09:45:00,52.103
2017-09-01 09:30:00,35.471
2017-09-01 09:15:00,27.563
2017-09-01 09:00:00,14.836
2017-09-01 08:45:00,-0.286
2017-09-01 08:30:00,-0.963
2017-09-01 08:15:00,-0.953
2017-09-01 08:00:00,-0.955
2017-09-01 07:45:00,-8.847
2017-09-01 07:30:00,-22.16
2017-09-01 07:15:00,-23.226
2017-09-01 07:00:00,-19.709
2017-09-01 06:45:00,-19.395
2017-09-01 06:30:00,-22.887
2017-09-01 06:15:00,-17.167
2017-09-01 06:00:00,-20.716
2017-09-01 05:45:00,-16.17
2017-09-01 05:30:00,-21.114
2017-09-01 05:15:00,-14.449
2017-09-01 05:00:00,-2.271
2017-09-01 04:45:00,-3.925
2017-09-01 04:30:00,-10.584
2017-09-01 04:15:00,-6.522
2017-09-01 04:00:00,-6.631
2017-09-01 03:45:00,-5.699
2017-09-01 03:30:00,-12.773
2017-09-01 03:15:00,-11.883
2017-09-01 03:00:00,-9.059
2017-09-01 02:45:00,-14.702
2017-09-01 02:30:00,-15.796
2017-09-01 02:15:00,-9.609
2017-09-01 02:00:00,-11.701
2017-09-01 01:45:00,-18.48
2017-09-01 01:30:00,-18.462
2017-09-01 01:15:00,-17.24
2017-09-01 01:00:00,-22.184
2017-09-01 00:45:00,-21.531
2017-09-01 00:30:00,-18.657
2017-09-01 00:15:00,-22.859
2017-09-01 00:00:00,-23.357
2017-08-31 23:45:00,-18.925
2017-08-31 23:30:00,-24.285
2017-08-31 23:15:00,-23.047
2017-08-31 23:00:00,-21.335
2017-08-31 22:45:00,-26.37
2017-08-31 22:30:00,-22.597
2017-08-31 22:15:00,-22.259
2017-08-31 22:00:00,-25.159
2017-08-31 21:45:00,-23.312
2017-08-31 21:30:00,-24.56
2017-08-31 21:15:00,-26.142
2017-08-31 21:00:00,-22.135
2017-08-31 20:45:00,-25.865
2017-08-31 20:30:00,-25.694
2017-08-31 20:15:00,-31.14
2017-08-31 20:00:00,-33.221
2017-08-31 19:45:00,-32.007
2017-08-31 19:30:00,-35.098
2017-08-31 19:15:00,-35.078
2017-08-31 19:00:00,-42.313
2017-08-31 18:45:00,-47.502
2017-08-31 18:30:00,-39.14
2017-08-31 18:15:00,-27.608
2017-08-31 18:00:00,-23.22
2017-08-31 17:45:00,-12.473
2017-08-31 17:30:00,-0.976
2017-08-31 17:15:00,3.778
2017-08-31 17:00:00,8.066
2017-08-31 16:45:00,29.922
2017-08-31 16:30:00,0.438
2017-08-31 16:15:00,-55.133
2017-08-31 16:00:00,-57.331
2017-08-31 15:45:00,-38.429
2017-08-31 15:30:00,-11.205
2017-08-31 15:15:00,-46.617
2017-08-31 15:00:00,-19.57
2017-08-31 14:45:00,73.975
2017-08-31 14:30:00,75.519
2017-08-31 14:15:00,77.46
2017-08-31 14:00:00,80.764
2017-08-31 13:45:00,82.633
2017-08-31 13:30:00,82.45
2017-08-31 13:15:00,81.195
2017-08-31 13:00:00,79.698
2017-08-31 12:45:00,73.404
2017-08-31 12:30:00,82.418
2017-08-31 12:15:00,73.651
2017-08-31 12:00:00,80.435
2017-08-31 11:45:00,70.818
2017-08-31 11:30:00,81.78
2017-08-31 11:15:00,64.521
2017-08-31 11:00:00,76.545
2017-08-31 10:45:00,69.186
2017-08-31 10:30:00,66.764
2017-08-31 10:15:00,52.653
2017-08-31 10:00:00,57.069
2017-08-31 09:45:00,35.08
2017-08-31 09:30:00,24.442
2017-08-31 09:15:00,30.743
2017-08-31 09:00:00,23.977
2017-08-31 08:45:00,10.64
2017-08-31 08:30:00,0.65
2017-08-31 08:15:00,-12.498
2017-08-31 08:00:00,-18.648
2017-08-31 07:45:00,-6.142
2017-08-31 07:30:00,-4.75
2017-08-31 07:15:00,-1.456
2017-08-31 07:00:00,-13.338
2017-08-31 06:45:00,-16.026
2017-08-31 06:30:00,-11.105
2017-08-31 06:15:00,-13.804
2017-08-31 06:00:00,-8.876
2017-08-31 05:45:00,-14.017
2017-08-31 05:30:00,-13.833
2017-08-31 05:15:00,-17.445
2017-08-31 05:00:00,-11.835
2017-08-31 04:45:00,-6.598
2017-08-31 04:30:00,-7.289
2017-08-31 04:15:00,-8.929
2017-08-31 04:00:00,-9.508
2017-08-31 03:45:00,-18.591
2017-08-31 03:30:00,-15.441
2017-08-31 03:15:00,-15.538
2017-08-31 03:00:00,-17.543
2017-08-31 02:45:00,-25.348
2017-08-31 02:30:00,-19.901
2017-08-31 02:15:00,-20.04
2017-08-31 02:00:00,-18.781
2017-08-31 01:45:00,-26.391
2017-08-31 01:30:00,-21.836
2017-08-31 01:15:00,-24.605
2017-08-31 01:00:00,-22.553
2017-08-31 00:45:00,-27.202
2017-08-31 00:30:00,-25.078
2017-08-31 00:15:00,-24.872
2017-08-31 00:00:00,-28.227
2017-08-30 23:45:00,-27.378
2017-08-30 23:30:00,-26.746
2017-08-30 23:15:00,-28.933
2017-08-30 23:00:00,-30.015
2017-08-30 22:45:00,-27.565
2017-08-30 22:30:00,-31.348
2017-08-30 22:15:00,-31.147
2017-08-30 22:00:00,-29.162
2017-08-30 21:45:00,-30.197
2017-08-30 21:30:00,-35.149
2017-08-30 21:15:00,-29.4
2017-08-30 21:00:00,-31.168
2017-08-30 20:45:00,-36.252
2017-08-30 20:30:00,-31.919
2017-08-30 20:15:00,-31.403
2017-08-30 20:00:00,-40.723
2017-08-30 19:45:00,-37.154
2017-08-30 19:30:00,-39.213
2017-08-30 19:15:00,-41.483
2017-08-30 19:00:00,-33.037
2017-08-30 18:45:00,-38.668
2017-08-30 18:30:00,-39.03
2017-08-30 18:15:00,-44.069
2017-08-30 18:00:00,-34.272
2017-08-30 17:45:00,-18.311
2017-08-30 17:30:00,-19.044
2017-08-30 17:15:00,-2.241
2017-08-30 17:00:00,0.976
2017-08-30 16:45:00,-1.273
2017-08-30 16:30:00,0.57
2017-08-30 16:15:00,-0.211
2017-08-30 16:00:00,0.627
2017-08-30 15:45:00,2.073
2017-08-30 15:30:00,1.73
2017-08-30 15:15:00,3.817
2017-08-30 15:00:00,22.572
2017-08-30 14:45:00,66.109
2017-08-30 14:30:00,75.231
2017-08-30 14:15:00,82.95
2017-08-30 14:00:00,102.28
2017-08-30 13:45:00,117.134
2017-08-30 13:30:00,107.628
2017-08-30 13:15:00,106.015
2017-08-30 13:00:00,113.535
2017-08-30 12:45:00,95.294
2017-08-30 12:30:00,90.391
2017-08-30 12:15:00,75.034
2017-08-30 12:00:00,23.142
2017-08-30 11:45:00,-0.254
2017-08-30 11:30:00,0.0
2017-08-30 11:15:00,0.0
2017-08-30 11:00:00,61.418
2017-08-30 10:45:00,75.516
2017-08-30 10:30:00,76.523
2017-08-30 10:15:00,69.632
2017-08-30 10:00:00,61.817
2017-08-30 09:45:00,57.675
2017-08-30 09:30:00,45.275
2017-08-30 09:15:00,33.121
2017-08-30 09:00:00,23.543
2017-08-30 08:45:00,6.261
2017-08-30 08:30:00,-1.263
2017-08-30 08:15:00,-2.806
2017-08-30 08:00:00,-10.46
2017-08-30 07:45:00,-2.746
2017-08-30 07:30:00,-14.711
2017-08-30 07:15:00,-11.527
2017-08-30 07:00:00,-14.278
2017-08-30 06:45:00,-16.33
2017-08-30 06:30:00,-16.428
2017-08-30 06:15:00,-14.713
2017-08-30 06:00:00,-15.788
2017-08-30 05:45:00,-10.331
2017-08-30 05:30:00,-20.42
2017-08-30 05:15:00,-22.094
2017-08-30 05:00:00,-6.741
2017-08-30 04:45:00,-8.431
2017-08-30 04:30:00,-9.204
2017-08-30 04:15:00,-12.667
2017-08-30 04:00:00,-14.347
2017-08-30 03:45:00,-15.036
2017-08-30 03:30:00,-16.0
2017-08-30 03:15:00,-15.996
2017-08-30 03:00:00,-20.895
2017-08-30 02:45:00,-21.426
2017-08-30 02:30:00,-19.263
2017-08-30 02:15:00,-19.165
2017-08-30 02:00:00,-19.71
2017-08-30 01:45:00,-21.855
2017-08-30 01:30:00,-21.28
2017-08-30 01:15:00,-20.507
2017-08-30 01:00:00,-21.461
2017-08-30 00:45:00,-21.762
2017-08-30 00:30:00,-24.311
2017-08-30 00:15:00,-20.459
2017-08-30 00:00:00,-22.877
2017-08-29 23:45:00,-23.995
2017-08-29 23:30:00,-25.417
2017-08-29 23:15:00,-21.186
2017-08-29 23:00:00,-22.465
2017-08-29 22:45:00,-22.609
2017-08-29 22:30:00,-25.233
2017-08-29 22:15:00,-21.273
2017-08-29 22:00:00,-24.206
2017-08-29 21:45:00,-26.524
2017-08-29 21:30:00,-24.391
2017-08-29 21:15:00,-32.947
2017-08-29 21:00:00,-39.756
2017-08-29 20:45:00,-34.639
2017-08-29 20:30:00,-34.147
2017-08-29 20:15:00,-39.591
2017-08-29 20:00:00,-42.3
2017-08-29 19:45:00,-40.434
2017-08-29 19:30:00,-49.101
2017-08-29 19:15:00,-45.708
2017-08-29 19:00:00,-57.458
2017-08-29 18:45:00,-51.161
2017-08-29 18:30:00,-46.145
2017-08-29 18:15:00,-39.431
2017-08-29 18:00:00,-31.098
2017-08-29 17:45:00,-17.876
2017-08-29 17:30:00,-11.661
2017-08-29 17:15:00,-1.107
2017-08-29 17:00:00,-0.968
2017-08-29 16:45:00,-0.972
2017-08-29 16:30:00,-0.966
2017-08-29 16:15:00,-0.973
2017-08-29 16:00:00,-0.968
2017-08-29 15:45:00,-0.97
2017-08-29 15:30:00,-0.966
2017-08-29 15:15:00,-0.964
2017-08-29 15:00:00,-0.961
2017-08-29 14:45:00,-0.956
2017-08-29 14:30:00,-0.926
2017-08-29 14:15:00,68.781
2017-08-29 14:00:00,84.06
2017-08-29 13:45:00,83.939
2017-08-29 13:30:00,81.853
2017-08-29 13:15:00,91.665
2017-08-29 13:00:00,84.987
2017-08-29 12:45:00,83.977
2017-08-29 12:30:00,90.134
2017-08-29 12:15:00,90.125
2017-08-29 12:00:00,96.094
2017-08-29 11:45:00,93.826
2017-08-29 11:30:00,79.936
2017-08-29 11:15:00,79.747
2017-08-29 11:00:00,92.858
2017-08-29 10:45:00,87.832
2017-08-29 10:30:00,82.384
2017-08-29 10:15:00,69.77
2017-08-29 10:00:00,71.905
2017-08-29 09:45:00,62.885
2017-08-29 09:30:00,50.112
2017-08-29 09:15:00,48.633
2017-08-29 09:00:00,25.652
2017-08-29 08:45:00,-3.777
2017-08-29 08:30:00,3.774
2017-08-29 08:15:00,-27.442
2017-08-29 08:00:00,-23.624
2017-08-29 07:45:00,-31.712
2017-08-29 07:30:00,-29.379
2017-08-29 07:15:00,-15.729
2017-08-29 07:00:00,-10.988
2017-08-29 06:45:00,-14.452
2017-08-29 06:30:00,-10.465
2017-08-29 06:15:00,-6.545
2017-08-29 06:00:00,-12.79
2017-08-29 05:45:00,-9.487
2017-08-29 05:30:00,-10.729
2017-08-29 05:15:00,-10.337
2017-08-29 05:00:00,-3.677
2017-08-29 04:45:00,-3.975
2017-08-29 04:30:00,-1.431
2017-08-29 04:15:00,-1.508
2017-08-29 04:00:00,-1.607
2017-08-29 03:45:00,-5.566
2017-08-29 03:30:00,-9.232
2017-08-29 03:15:00,-1.449
2017-08-29 03:00:00,-1.613
2017-08-29 02:45:00,-1.326
2017-08-29 02:30:00,-5.87
2017-08-29 02:15:00,-6.387
2017-08-29 02:00:00,-1.548
2017-08-29 01:45:00,-1.345
2017-08-29 01:30:00,-5.676
2017-08-29 01:15:00,-14.372
2017-08-29 01:00:00,-11.549
2017-08-29 00:45:00,-8.926
2017-08-29 00:30:00,-9.679
2017-08-29 00:15:00,-9.769
2017-08-29 00:00:00,-10.397
2017-08-28 23:45:00,-16.867
2017-08-28 23:30:00,-11.477
2017-08-28 23:15:00,-10.43
2017-08-28 23:00:00,-23.6
2017-08-28 22:45:00,-26.635
2017-08-28 22:30:00,-30.46
2017-08-28 22:15:00,-28.055
2017-08-28 22:00:00,-27.725
2017-08-28 21:45:00,-28.843
2017-08-28 21:30:00,-27.822
2017-08-28 21:15:00,-32.479
2017-08-28 21:00:00,-32.338
2017-08-28 20:45:00,-30.696
2017-08-28 20:30:00,-33.387
2017-08-28 20:15:00,-37.185
2017-08-28 20:00:00,-38.468
2017-08-28 19:45:00,-39.346
2017-08-28 19:30:00,-37.393
2017-08-28 19:15:00,-46.88
2017-08-28 19:00:00,-42.667
2017-08-28 18:45:00,-40.909
2017-08-28 18:30:00,-41.896
2017-08-28 18:15:00,-50.544
2017-08-28 18:00:00,-58.808
2017-08-28 17:45:00,-52.68
2017-08-28 17:30:00,-62.952
2017-08-28 17:15:00,-68.689
2017-08-28 17:00:00,-13.057
2017-08-28 16:45:00,3.172
2017-08-28 16:30:00,7.271
2017-08-28 16:15:00,-30.231
2017-08-28 16:00:00,-21.362
2017-08-28 15:45:00,-21.773
2017-08-28 15:30:00,10.705
2017-08-28 15:15:00,-42.604
2017-08-28 15:00:00,-2.678
2017-08-28 14:45:00,-1.062
2017-08-28 14:30:00,-5.989
2017-08-28 14:15:00,-4.204
2017-08-28 14:00:00,-0.959
2017-08-28 13:45:00,-0.909
2017-08-28 13:30:00,84.246
2017-08-28 13:15:00,95.485
2017-08-28 13:00:00,95.25
2017-08-28 12:45:00,95.855
2017-08-28 12:30:00,95.494
2017-08-28 12:15:00,93.619
2017-08-28 12:00:00,89.945
2017-08-28 11:45:00,95.138
2017-08-28 11:30:00,84.322
2017-08-28 11:15:00,80.036
2017-08-28 11:00:00,91.114
2017-08-28 10:45:00,84.215
2017-08-28 10:30:00,78.726
2017-08-28 10:15:00,69.786
2017-08-28 10:00:00,65.758
2017-08-28 09:45:00,55.652
2017-08-28 09:30:00,42.206
2017-08-28 09:15:00,38.032
2017-08-28 09:00:00,21.254
2017-08-28 08:45:00,23.953
2017-08-28 08:30:00,5.698
2017-08-28 08:15:00,-12.681
2017-08-28 08:00:00,-29.595
2017-08-28 07:45:00,-50.187
2017-08-28 07:30:00,-46.267
2017-08-28 07:15:00,-37.643
2017-08-28 07:00:00,-28.684
2017-08-28 06:45:00,-21.861
2017-08-28 06:30:00,-22.841
2017-08-28 06:15:00,-20.73
2017-08-28 06:00:00,-20.468
2017-08-28 05:45:00,-22.402
2017-08-28 05:30:00,-19.171
2017-08-28 05:15:00,-19.963
2017-08-28 05:00:00,-13.212
2017-08-28 04:45:00,-3.442
2017-08-28 04:30:00,-3.112
2017-08-28 04:15:00,-3.289
2017-08-28 04:00:00,-2.798
2017-08-28 03:45:00,-6.909
2017-08-28 03:30:00,-17.299
2017-08-28 03:15:00,-13.131
2017-08-28 03:00:00,-2.554
2017-08-28 02:45:00,-3.008
2017-08-28 02:30:00,-3.353
2017-08-28 02:15:00,-3.468
2017-08-28 02:00:00,-3.994
2017-08-28 01:45:00,-5.287
2017-08-28 01:30:00,-19.116
2017-08-28 01:15:00,-10.798
2017-08-28 01:00:00,-4.936
2017-08-28 00:45:00,-6.717
2017-08-28 00:30:00,-5.359
2017-08-28 00:15:00,-6.698
2017-08-28 00:00:00,-19.687
2017-08-27 23:45:00,-19.832
2017-08-27 23:30:00,-5.784
2017-08-27 23:15:00,-5.071
2017-08-27 23:00:00,-17.772
2017-08-27 22:45:00,-25.079
2017-08-27 22:30:00,-15.628
2017-08-27 22:15:00,-6.747
2017-08-27 22:00:00,-35.729
2017-08-27 21:45:00,-37.364
2017-08-27 21:30:00,-29.138
2017-08-27 21:15:00,-31.825
2017-08-27 21:00:00,-34.827
2017-08-27 20:45:00,-36.668
2017-08-27 20:30:00,-38.836
2017-08-27 20:15:00,-36.114
2017-08-27 20:00:00,-37.523
2017-08-27 19:45:00,-38.382
2017-08-27 19:30:00,-44.324
2017-08-27 19:15:00,-40.991
2017-08-27 19:00:00,-41.059
2017-08-27 18:45:00,-37.11
2017-08-27 18:30:00,-33.218
2017-08-27 18:15:00,-22.336
2017-08-27 18:00:00,-14.963
2017-08-27 17:45:00,-2.573
2017-08-27 17:30:00,-0.946
2017-08-27 17:15:00,-0.947
2017-08-27 17:00:00,-0.946
2017-08-27 16:45:00,-0.321
2017-08-27 16:30:00,-0.948
2017-08-27 16:15:00,-0.95
2017-08-27 16:00:00,-0.95
2017-08-27 15:45:00,-0.286
2017-08-27 15:30:00,-0.944
2017-08-27 15:15:00,-0.946
2017-08-27 15:00:00,-0.945
2017-08-27 14:45:00,-0.945
2017-08-27 14:30:00,-0.947
2017-08-27 14:15:00,0.235
2017-08-27 14:00:00,-0.951
2017-08-27 13:45:00,-0.953
2017-08-27 13:30:00,-0.953
2017-08-27 13:15:00,-0.952
2017-08-27 13:00:00,-0.953
2017-08-27 12:45:00,-0.954
2017-08-27 12:30:00,-0.948
2017-08-27 12:15:00,8.333
2017-08-27 12:00:00,164.745
2017-08-27 11:45:00,155.649
2017-08-27 11:30:00,159.804
2017-08-27 11:15:00,153.485
2017-08-27 11:00:00,149.196
2017-08-27 10:45:00,140.684
2017-08-27 10:30:00,104.889
2017-08-27 10:15:00,73.919
2017-08-27 10:00:00,50.718
2017-08-27 09:45:00,41.384
2017-08-27 09:30:00,33.654
2017-08-27 09:15:00,20.271
2017-08-27 09:00:00,7.146
2017-08-27 08:45:00,15.605
2017-08-27 08:30:00,16.512
2017-08-27 08:15:00,11.171
2017-08-27 08:00:00,9.004
2017-08-27 07:45:00,-1.859
2017-08-27 07:30:00,-4.712
2017-08-27 07:15:00,-5.056
2017-08-27 07:00:00,-3.754
2017-08-27 06:45:00,-6.157
2017-08-27 06:30:00,-4.53
2017-08-27 06:15:00,-5.674
2017-08-27 06:00:00,-4.838
2017-08-27 05:45:00,-8.996
2017-08-27 05:30:00,-21.464
2017-08-27 05:15:00,-8.999
2017-08-27 05:00:00,-6.27
2017-08-27 04:45:00,-9.092
2017-08-27 04:30:00,-11.489
2017-08-27 04:15:00,-7.142
2017-08-27 04:00:00,-21.484
2017-08-27 03:45:00,-16.437
2017-08-27 03:30:00,-8.161
2017-08-27 03:15:00,-6.211
2017-08-27 03:00:00,-8.113
2017-08-27 02:45:00,-14.302
2017-08-27 02:30:00,-23.905
2017-08-27 02:15:00,-14.731
2017-08-27 02:00:00,-9.579
2017-08-27 01:45:00,-10.124
2017-08-27 01:30:00,-19.956
2017-08-27 01:15:00,-26.19
2017-08-27 01:00:00,-16.131
2017-08-27 00:45:00,-8.611
2017-08-27 00:30:00,-11.122
2017-08-27 00:15:00,-20.162
2017-08-27 00:00:00,-26.218
2017-08-26 23:45:00,-26.404
2017-08-26 23:30:00,-17.515
2017-08-26 23:15:00,-11.313
2017-08-26 23:00:00,-28.066
2017-08-26 22:45:00,-28.385
2017-08-26 22:30:00,-28.056
2017-08-26 22:15:00,-27.895
2017-08-26 22:00:00,-29.6
2017-08-26 21:45:00,-29.679
2017-08-26 21:30:00,-30.852
2017-08-26 21:15:00,-34.386
2017-08-26 21:00:00,-36.821
2017-08-26 20:45:00,-36.656
2017-08-26 20:30:00,-34.453
2017-08-26 20:15:00,-37.84
2017-08-26 20:00:00,-40.549
2017-08-26 19:45:00,-40.791
2017-08-26 19:30:00,-43.034
2017-08-26 19:15:00,-42.229
2017-08-26 19:00:00,-37.48
2017-08-26 18:45:00,-36.488
2017-08-26 18:30:00,-29.734
2017-08-26 18:15:00,-25.279
2017-08-26 18:00:00,-9.949
2017-08-26 17:45:00,-3.306
2017-08-26 17:30:00,-0.955
2017-08-26 17:15:00,-0.955
2017-08-26 17:00:00,-0.952
2017-08-26 16:45:00,-0.954
2017-08-26 16:30:00,-0.954
2017-08-26 16:15:00,-0.95
2017-08-26 16:00:00,-0.951
2017-08-26 15:45:00,-0.947
2017-08-26 15:30:00,-0.949
2017-08-26 15:15:00,-0.949
2017-08-26 15:00:00,-0.948
2017-08-26 14:45:00,-0.955
2017-08-26 14:30:00,-0.955
2017-08-26 14:15:00,-0.953
2017-08-26 14:00:00,-0.945
2017-08-26 13:45:00,-0.944
2017-08-26 13:30:00,-0.945
2017-08-26 13:15:00,-0.944
2017-08-26 13:00:00,-0.944
2017-08-26 12:45:00,-0.946
2017-08-26 12:30:00,-0.941
2017-08-26 12:15:00,-0.942
2017-08-26 12:00:00,-0.919
2017-08-26 11:45:00,30.554
2017-08-26 11:30:00,159.516
2017-08-26 11:15:00,163.039
2017-08-26 11:00:00,157.6
2017-08-26 10:45:00,154.163
2017-08-26 10:30:00,146.824
2017-08-26 10:15:00,153.058
2017-08-26 10:00:00,144.731
2017-08-26 09:45:00,127.654
2017-08-26 09:30:00,110.059
2017-08-26 09:15:00,84.18
2017-08-26 09:00:00,62.298
2017-08-26 08:45:00,23.859
2017-08-26 08:30:00,17.299
2017-08-26 08:15:00,6.603
2017-08-26 08:00:00,-1.901
2017-08-26 07:45:00,-17.516
2017-08-26 07:30:00,-15.669
2017-08-26 07:15:00,-3.141
2017-08-26 07:00:00,-6.44
2017-08-26 06:45:00,-8.261
2017-08-26 06:30:00,-8.822
2017-08-26 06:15:00,-8.431
2017-08-26 06:00:00,-7.27
2017-08-26 05:45:00,-8.002
2017-08-26 05:30:00,-8.395
2017-08-26 05:15:00,-9.864
2017-08-26 05:00:00,-7.18
2017-08-26 04:45:00,-10.856
2017-08-26 04:30:00,-16.916
2017-08-26 04:15:00,-21.524
2017-08-26 04:00:00,-7.807
2017-08-26 03:45:00,-8.805
2017-08-26 03:30:00,-8.783
2017-08-26 03:15:00,-10.992
2017-08-26 03:00:00,-11.384
2017-08-26 02:45:00,-9.864
2017-08-26 02:30:00,-18.143
2017-08-26 02:15:00,-24.467
2017-08-26 02:00:00,-13.59
2017-08-26 01:45:00,-8.996
2017-08-26 01:30:00,-9.524
2017-08-26 01:15:00,-8.937
2017-08-26 01:00:00,-19.304
2017-08-26 00:45:00,-24.536
2017-08-26 00:30:00,-13.294
2017-08-26 00:15:00,-10.863
2017-08-26 00:00:00,-15.173
2017-08-25 23:45:00,-30.022
2017-08-25 23:30:00,-36.739
2017-08-25 23:15:00,-32.443
2017-08-25 23:00:00,-33.511
2017-08-25 22:45:00,-33.69
2017-08-25 22:30:00,-34.334
2017-08-25 22:15:00,-34.796
2017-08-25 22:00:00,-34.413
2017-08-25 21:45:00,-35.7
2017-08-25 21:30:00,-35.513
2017-08-25 21:15:00,-40.634
2017-08-25 21:00:00,-40.065
2017-08-25 20:45:00,-40.338
2017-08-25 20:30:00,-39.851
2017-08-25 20:15:00,-42.567
2017-08-25 20:00:00,-43.452
2017-08-25 19:45:00,-43.789
2017-08-25 19:30:00,-47.912
2017-08-25 19:15:00,-49.933
2017-08-25 19:00:00,-46.047
2017-08-25 18:45:00,-46.449
2017-08-25 18:30:00,-40.417
2017-08-25 18:15:00,-37.613
2017-08-25 18:00:00,-20.66
2017-08-25 17:45:00,-12.422
2017-08-25 17:30:00,-0.991
2017-08-25 17:15:00,-0.953
2017-08-25 17:00:00,-1.079
2017-08-25 16:45:00,-0.951
2017-08-25 16:30:00,-0.954
2017-08-25 16:15:00,-0.953
2017-08-25 16:00:00,15.882
2017-08-25 15:45:00,42.234
2017-08-25 15:30:00,55.271
2017-08-25 15:15:00,69.953
2017-08-25 15:00:00,113.025
2017-08-25 14:45:00,114.774
2017-08-25 14:30:00,120.785
2017-08-25 14:15:00,121.441
2017-08-25 14:00:00,128.772
2017-08-25 13:45:00,137.106
2017-08-25 13:30:00,137.725
2017-08-25 13:15:00,142.386
2017-08-25 13:00:00,127.028
2017-08-25 12:45:00,139.068
2017-08-25 12:30:00,100.771
2017-08-25 12:15:00,78.933
2017-08-25 12:00:00,61.774
2017-08-25 11:45:00,27.803
2017-08-25 11:30:00,2.585
2017-08-25 11:15:00,-0.95
2017-08-25 11:00:00,-0.949
2017-08-25 10:45:00,-0.95
2017-08-25 10:30:00,-0.951
2017-08-25 10:15:00,-0.945
2017-08-25 10:00:00,-0.944
2017-08-25 09:45:00,-0.942
2017-08-25 09:30:00,-0.944
2017-08-25 09:15:00,-0.945
2017-08-25 09:00:00,-0.947
2017-08-25 08:45:00,-0.94
2017-08-25 08:30:00,-0.944
2017-08-25 08:15:00,-0.945
2017-08-25 08:00:00,-0.95
2017-08-25 07:45:00,-0.952
2017-08-25 07:30:00,-1.289
2017-08-25 07:15:00,-22.077
2017-08-25 07:00:00,-18.502
2017-08-25 06:45:00,-11.896
2017-08-25 06:30:00,-10.522
2017-08-25 06:15:00,-6.351
2017-08-25 06:00:00,-10.257
2017-08-25 05:45:00,-5.3
2017-08-25 05:30:00,-5.739
2017-08-25 05:15:00,-1.566
2017-08-25 05:00:00,-1.239
2017-08-25 04:45:00,-1.293
2017-08-25 04:30:00,-1.281
2017-08-25 04:15:00,-0.976
2017-08-25 04:00:00,-1.226
2017-08-25 03:45:00,-1.22
2017-08-25 03:30:00,-1.009
2017-08-25 03:15:00,-1.164
2017-08-25 03:00:00,-1.362
2017-08-25 02:45:00,-1.343
2017-08-25 02:30:00,-1.284
2017-08-25 02:15:00,-1.355
2017-08-25 02:00:00,-4.001
2017-08-25 01:45:00,-1.752
2017-08-25 01:30:00,-1.125
2017-08-25 01:15:00,-1.398
2017-08-25 01:00:00,-1.303
2017-08-25 00:45:00,-1.032
2017-08-25 00:30:00,-1.317
2017-08-25 00:15:00,-1.366
2017-08-25 00:00:00,-1.333
2017-08-24 23:45:00,-2.939
2017-08-24 23:30:00,-1.465
2017-08-24 23:15:00,-1.178
2017-08-24 23:00:00,-1.306
2017-08-24 22:45:00,-1.382
2017-08-24 22:30:00,-1.418
2017-08-24 22:15:00,-2.474
2017-08-24 22:00:00,-2.305
2017-08-24 21:45:00,-1.089
2017-08-24 21:30:00,-1.005
2017-08-24 21:15:00,-1.569
2017-08-24 21:00:00,-12.833
2017-08-24 20:45:00,-11.726
2017-08-24 20:30:00,-1.75
2017-08-24 20:15:00,-1.293
2017-08-24 20:00:00,-7.793
2017-08-24 19:45:00,-7.507
2017-08-24 19:30:00,-20.839
2017-08-24 19:15:00,-14.416
2017-08-24 19:00:00,-1.956
2017-08-24 18:45:00,-4.046
2017-08-24 18:30:00,-1.137
2017-08-24 18:15:00,-1.286
2017-08-24 18:00:00,1.566
2017-08-24 17:45:00,17.653
2017-08-24 17:30:00,25.366
2017-08-24 17:15:00,32.226
2017-08-24 17:00:00,29.476
2017-08-24 16:45:00,26.493
2017-08-24 16:30:00,36.246
2017-08-24 16:15:00,43.59
2017-08-24 16:00:00,43.724
2017-08-24 15:45:00,32.332
2017-08-24 15:30:00,20.907
2017-08-24 15:15:00,22.185
2017-08-24 15:00:00,4.432
2017-08-24 14:45:00,-0.946
2017-08-24 14:30:00,-0.901
2017-08-24 14:15:00,-0.814
2017-08-24 14:00:00,-0.046
2017-08-24 13:45:00,3.533
2017-08-24 13:30:00,0.933
2017-08-24 13:15:00,-0.946
2017-08-24 13:00:00,-0.948
2017-08-24 12:45:00,-0.949
2017-08-24 12:30:00,-0.946
2017-08-24 12:15:00,-0.944
2017-08-24 12:00:00,-0.945
2017-08-24 11:45:00,-0.947
2017-08-24 11:30:00,-0.948
2017-08-24 11:15:00,-0.948
2017-08-24 11:00:00,-0.946
2017-08-24 10:45:00,-0.947
2017-08-24 10:30:00,-0.947
2017-08-24 10:15:00,-0.945
2017-08-24 10:00:00,-0.944
2017-08-24 09:45:00,-0.949
2017-08-24 09:30:00,-0.946
2017-08-24 09:15:00,-0.945
2017-08-24 09:00:00,-0.948
2017-08-24 08:45:00,-0.95
2017-08-24 08:30:00,-0.942
2017-08-24 08:15:00,-35.606
2017-08-24 08:00:00,-40.69
2017-08-24 07:45:00,-42.637
2017-08-24 07:30:00,-26.954
2017-08-24 07:15:00,-22.332
2017-08-24 07:00:00,-9.812
2017-08-24 06:45:00,-3.327
2017-08-24 06:30:00,-1.461
2017-08-24 06:15:00,-1.535
2017-08-24 06:00:00,-2.238
2017-08-24 05:45:00,-2.243
2017-08-24 05:30:00,-1.423
2017-08-24 05:15:00,7.714
2017-08-24 05:00:00,5.51
2017-08-24 04:45:00,10.921
2017-08-24 04:30:00,8.879
2017-08-24 04:15:00,8.734
2017-08-24 04:00:00,10.084
2017-08-24 03:45:00,10.311
2017-08-24 03:30:00,7.829
2017-08-24 03:15:00,9.359
2017-08-24 03:00:00,2.687
2017-08-24 02:45:00,-1.211
2017-08-24 02:30:00,-0.919
2017-08-24 02:15:00,-0.737
2017-08-24 02:00:00,-1.038
2017-08-24 01:45:00,-0.847
2017-08-24 01:30:00,-1.123
2017-08-24 01:15:00,-0.732
2017-08-24 01:00:00,-0.979
2017-08-24 00:45:00,-1.289
2017-08-24 00:30:00,-1.179
2017-08-24 00:15:00,-1.154
2017-08-24 00:00:00,-1.354
2017-08-23 23:45:00,-1.06
2017-08-23 23:30:00,-1.073
2017-08-23 23:15:00,-0.845
2017-08-23 23:00:00,-0.493
2017-08-23 22:45:00,-1.208
2017-08-23 22:30:00,-1.235
2017-08-23 22:15:00,-1.027
2017-08-23 22:00:00,-1.297
2017-08-23 21:45:00,-1.336
2017-08-23 21:30:00,-1.229
2017-08-23 21:15:00,-1.005
2017-08-23 21:00:00,-1.358
2017-08-23 20:45:00,-1.709
2017-08-23 20:30:00,-1.58
2017-08-23 20:15:00,-1.091
2017-08-23 20:00:00,-4.551
2017-08-23 19:45:00,-0.944
2017-08-23 19:30:00,-1.852
2017-08-23 19:15:00,-1.146
2017-08-23 19:00:00,-0.95
2017-08-23 18:45:00,-1.05
2017-08-23 18:30:00,-0.328
2017-08-23 18:15:00,7.027
2017-08-23 18:00:00,14.175
2017-08-23 17:45:00,16.316
2017-08-23 17:30:00,17.884
2017-08-23 17:15:00,21.738
2017-08-23 17:00:00,1.904
2017-08-23 16:45:00,3.506
2017-08-23 16:30:00,7.61
2017-08-23 16:15:00,7.243
2017-08-23 16:00:00,18.341
2017-08-23 15:45:00,26.796
2017-08-23 15:30:00,31.49
2017-08-23 15:15:00,21.107
2017-08-23 15:00:00,15.884
2017-08-23 14:45:00,4.088
2017-08-23 14:30:00,10.489
2017-08-23 14:15:00,5.545
2017-08-23 14:00:00,-0.53
2017-08-23 13:45:00,-0.949
2017-08-23 13:30:00,-0.948
2017-08-23 13:15:00,-0.95
2017-08-23 13:00:00,-0.948
2017-08-23 12:45:00,-0.928
2017-08-23 12:30:00,-2.577
2017-08-23 12:15:00,4.62
2017-08-23 12:00:00,-0.948
2017-08-23 11:45:00,-1.869
2017-08-23 11:30:00,-13.59
2017-08-23 11:15:00,-21.927
2017-08-23 11:00:00,-28.129
2017-08-23 10:45:00,-28.89
2017-08-23 10:30:00,-29.141
2017-08-23 10:15:00,-33.465
2017-08-23 10:00:00,-32.851
2017-08-23 09:45:00,-33.546
2017-08-23 09:30:00,-37.407
2017-08-23 09:15:00,-58.958
2017-08-23 09:00:00,-70.323
2017-08-23 08:45:00,-18.91
2017-08-23 08:30:00,-12.448
2017-08-23 08:15:00,-38.217
2017-08-23 08:00:00,-36.278
2017-08-23 07:45:00,-33.976
2017-08-23 07:30:00,-29.037
2017-08-23 07:15:00,-27.238
2017-08-23 07:00:00,-22.384
2017-08-23 06:45:00,-22.03
2017-08-23 06:30:00,-24.133
2017-08-23 06:15:00,-21.15
2017-08-23 06:00:00,-20.767
2017-08-23 05:45:00,-22.91
2017-08-23 05:30:00,-18.542
2017-08-23 05:15:00,-12.212
2017-08-23 05:00:00,-12.291
2017-08-23 04:45:00,-12.0
2017-08-23 04:30:00,-12.497
2017-08-23 04:15:00,-12.423
2017-08-23 04:00:00,-11.765
2017-08-23 03:45:00,-14.493
2017-08-23 03:30:00,-13.159
2017-08-23 03:15:00,-12.163
2017-08-23 03:00:00,-12.49
2017-08-23 02:45:00,-12.92
2017-08-23 02:30:00,-12.491
2017-08-23 02:15:00,-13.05
2017-08-23 02:00:00,-13.214
2017-08-23 01:45:00,-13.453
2017-08-23 01:30:00,-12.79
2017-08-23 01:15:00,-14.537
2017-08-23 01:00:00,-16.285
2017-08-23 00:45:00,-13.709
2017-08-23 00:30:00,-13.715
2017-08-23 00:15:00,-14.55
2017-08-23 00:00:00,-13.936
2017-08-22 23:45:00,-14.081
2017-08-22 23:30:00,-14.294
2017-08-22 23:15:00,-16.606
2017-08-22 23:00:00,-15.042
2017-08-22 22:45:00,-14.432
2017-08-22 22:30:00,-15.444
2017-08-22 22:15:00,-14.571
2017-08-22 22:00:00,-15.345
2017-08-22 21:45:00,-15.36
2017-08-22 21:30:00,-17.387
2017-08-22 21:15:00,-20.02
2017-08-22 21:00:00,-22.301
2017-08-22 20:45:00,-20.984
2017-08-22 20:30:00,-22.196
2017-08-22 20:15:00,-22.704
2017-08-22 20:00:00,-27.447
2017-08-22 19:45:00,-24.225
2017-08-22 19:30:00,-25.528
2017-08-22 19:15:00,-26.288
2017-08-22 19:00:00,-25.766
2017-08-22 18:45:00,-21.69
2017-08-22 18:30:00,-23.963
2017-08-22 18:15:00,-19.244
2017-08-22 18:00:00,-13.397
2017-08-22 17:45:00,-7.732
2017-08-22 17:30:00,-5.14
2017-08-22 17:15:00,-1.707
2017-08-22 17:00:00,-1.344
2017-08-22 16:45:00,-8.647
2017-08-22 16:30:00,-1.828
2017-08-22 16:15:00,-5.366
2017-08-22 16:00:00,-3.293
2017-08-22 15:45:00,-3.72
2017-08-22 15:30:00,-1.203
2017-08-22 15:15:00,-0.955
2017-08-22 15:00:00,-0.985
2017-08-22 14:45:00,-0.953
2017-08-22 14:30:00,-0.956
2017-08-22 14:15:00,-0.958
2017-08-22 14:00:00,-0.953
2017-08-22 13:45:00,-0.904
2017-08-22 13:30:00,89.908
2017-08-22 13:15:00,121.23
2017-08-22 13:00:00,117.616
2017-08-22 12:45:00,117.889
2017-08-22 12:30:00,122.066
2017-08-22 12:15:00,118.446
2017-08-22 12:00:00,120.235
2017-08-22 11:45:00,109.857
2017-08-22 11:30:00,114.472
2017-08-22 11:15:00,102.725
2017-08-22 11:00:00,111.332
2017-08-22 10:45:00,100.607
2017-08-22 10:30:00,97.04
2017-08-22 10:15:00,81.434
2017-08-22 10:00:00,77.942
2017-08-22 09:45:00,54.852
2017-08-22 09:30:00,30.944
2017-08-22 09:15:00,27.969
2017-08-22 09:00:00,12.596
2017-08-22 08:45:00,-0.155
2017-08-22 08:30:00,-0.918
2017-08-22 08:15:00,-23.253
2017-08-22 08:00:00,-31.305
2017-08-22 07:45:00,-33.807
2017-08-22 07:30:00,-31.838
2017-08-22 07:15:00,-21.297
2017-08-22 07:00:00,-21.443
2017-08-22 06:45:00,-17.869
2017-08-22 06:30:00,-18.601
2017-08-22 06:15:00,-19.929
2017-08-22 06:00:00,-12.548
2017-08-22 05:45:00,-16.047
2017-08-22 05:30:00,-30.2
2017-08-22 05:15:00,-12.543
2017-08-22 05:00:00,-11.632
2017-08-22 04:45:00,-12.311
2017-08-22 04:30:00,-13.17
2017-08-22 04:15:00,-10.12
2017-08-22 04:00:00,-11.987
2017-08-22 03:45:00,-12.265
2017-08-22 03:30:00,-9.93
2017-08-22 03:15:00,-11.422
2017-08-22 03:00:00,-12.705
2017-08-22 02:45:00,-12.606
2017-08-22 02:30:00,-13.22
2017-08-22 02:15:00,-14.186
2017-08-22 02:00:00,-16.797
2017-08-22 01:45:00,-15.434
2017-08-22 01:30:00,-16.854
2017-08-22 01:15:00,-19.157
2017-08-22 01:00:00,-18.762
2017-08-22 00:45:00,-18.353
2017-08-22 00:30:00,-20.386
2017-08-22 00:15:00,-23.854
2017-08-22 00:00:00,-21.367
2017-08-21 23:45:00,-22.761
2017-08-21 23:30:00,-21.969
2017-08-21 23:15:00,-22.64
2017-08-21 23:00:00,-22.357
2017-08-21 22:45:00,-23.302
2017-08-21 22:30:00,-23.732
2017-08-21 22:15:00,-24.195
2017-08-21 22:00:00,-25.243
2017-08-21 21:45:00,-26.646
2017-08-21 21:30:00,-31.283
2017-08-21 21:15:00,-33.189
2017-08-21 21:00:00,-35.174
2017-08-21 20:45:00,-37.277
2017-08-21 20:30:00,-38.777
2017-08-21 20:15:00,-38.597
2017-08-21 20:00:00,-39.123
2017-08-21 19:45:00,-39.449
2017-08-21 19:30:00,-43.386
2017-08-21 19:15:00,-38.83
2017-08-21 19:00:00,-33.783
2017-08-21 18:45:00,-35.215
2017-08-21 18:30:00,-37.529
2017-08-21 18:15:00,-46.277
2017-08-21 18:00:00,-43.904
2017-08-21 17:45:00,-27.701
2017-08-21 17:30:00,-21.687
2017-08-21 17:15:00,-1.397
2017-08-21 17:00:00,-0.953
2017-08-21 16:45:00,-0.952
2017-08-21 16:30:00,-0.949
2017-08-21 16:15:00,-0.958
2017-08-21 16:00:00,-0.959
2017-08-21 15:45:00,-0.958
2017-08-21 15:30:00,-0.956
2017-08-21 15:15:00,-0.956
2017-08-21 15:00:00,-0.954
2017-08-21 14:45:00,-0.87
2017-08-21 14:30:00,94.902
2017-08-21 14:15:00,102.704
2017-08-21 14:00:00,108.869
2017-08-21 13:45:00,105.243
2017-08-21 13:30:00,110.251
2017-08-21 13:15:00,107.426
2017-08-21 13:00:00,114.365
2017-08-21 12:45:00,115.558
2017-08-21 12:30:00,107.559
2017-08-21 12:15:00,108.852
2017-08-21 12:00:00,108.166
2017-08-21 11:45:00,111.924
2017-08-21 11:30:00,89.432
2017-08-21 11:15:00,59.747
2017-08-21 11:00:00,41.72
2017-08-21 10:45:00,9.168
2017-08-21 10:30:00,3.107
2017-08-21 10:15:00,2.931
2017-08-21 10:00:00,24.975
2017-08-21 09:45:00,37.882
2017-08-21 09:30:00,57.048
2017-08-21 09:15:00,49.388
2017-08-21 09:00:00,11.691
2017-08-21 08:45:00,29.248
2017-08-21 08:30:00,0.971
2017-08-21 08:15:00,-0.944
2017-08-21 08:00:00,-0.949
2017-08-21 07:45:00,-0.952
2017-08-21 07:30:00,-0.95
2017-08-21 07:15:00,-0.942
2017-08-21 07:00:00,-0.995
2017-08-21 06:45:00,-4.252
2017-08-21 06:30:00,-36.139
2017-08-21 06:15:00,-31.62
2017-08-21 06:00:00,-27.624
2017-08-21 05:45:00,-32.295
2017-08-21 05:30:00,-26.55
2017-08-21 05:15:00,-12.589
2017-08-21 05:00:00,-9.156
2017-08-21 04:45:00,-9.758
2017-08-21 04:30:00,-8.335
2017-08-21 04:15:00,-13.341
2017-08-21 04:00:00,-13.233
2017-08-21 03:45:00,-14.946
2017-08-21 03:30:00,-19.887
2017-08-21 03:15:00,-23.347
2017-08-21 03:00:00,-21.301
2017-08-21 02:45:00,-23.181
2017-08-21 02:30:00,-24.325
2017-08-21 02:15:00,-25.153
2017-08-21 02:00:00,-26.215
2017-08-21 01:45:00,-28.468
2017-08-21 01:30:00,-27.544
2017-08-21 01:15:00,-28.632
2017-08-21 01:00:00,-28.788
2017-08-21 00:45:00,-29.061
2017-08-21 00:30:00,-29.057
2017-08-21 00:15:00,-33.206
2017-08-21 00:00:00,-32.621
2017-08-20 23:45:00,-30.474
2017-08-20 23:30:00,-31.413
2017-08-20 23:15:00,-32.943
2017-08-20 23:00:00,-30.649
2017-08-20 22:45:00,-32.705
2017-08-20 22:30:00,-32.525
2017-08-20 22:15:00,-33.471
2017-08-20 22:00:00,-32.832
2017-08-20 21:45:00,-35.472
2017-08-20 21:30:00,-33.159
2017-08-20 21:15:00,-39.849
2017-08-20 21:00:00,-34.601
2017-08-20 20:45:00,-37.28
2017-08-20 20:30:00,-34.178
2017-08-20 20:15:00,-37.813
2017-08-20 20:00:00,-39.543
2017-08-20 19:45:00,-41.97
2017-08-20 19:30:00,-38.796
2017-08-20 19:15:00,-46.635
2017-08-20 19:00:00,-35.621
2017-08-20 18:45:00,-35.888
2017-08-20 18:30:00,-23.255
2017-08-20 18:15:00,-23.084
2017-08-20 18:00:00,-6.504
2017-08-20 17:45:00,-15.889
2017-08-20 17:30:00,0.919
2017-08-20 17:15:00,2.47
2017-08-20 17:00:00,-12.026
2017-08-20 16:45:00,-2.284
2017-08-20 16:30:00,-1.516
2017-08-20 16:15:00,-7.125
2017-08-20 16:00:00,-3.284
2017-08-20 15:45:00,-1.221
2017-08-20 15:30:00,-1.072
2017-08-20 15:15:00,-0.961
2017-08-20 15:00:00,-0.961
2017-08-20 14:45:00,-0.963
2017-08-20 14:30:00,-0.963
2017-08-20 14:15:00,-0.965
2017-08-20 14:00:00,-0.965
2017-08-20 13:45:00,-0.966
2017-08-20 13:30:00,-0.969
2017-08-20 13:15:00,-0.962
2017-08-20 13:00:00,-0.956
2017-08-20 12:45:00,-0.944
2017-08-20 12:30:00,-0.731
2017-08-20 12:15:00,141.567
2017-08-20 12:00:00,176.16
2017-08-20 11:45:00,174.786
2017-08-20 11:30:00,170.652
2017-08-20 11:15:00,169.29
2017-08-20 11:00:00,161.315
2017-08-20 10:45:00,154.181
2017-08-20 10:30:00,146.334
2017-08-20 10:15:00,119.473
2017-08-20 10:00:00,77.906
2017-08-20 09:45:00,50.547
2017-08-20 09:30:00,28.584
2017-08-20 09:15:00,19.079
2017-08-20 09:00:00,13.439
2017-08-20 08:45:00,8.104
2017-08-20 08:30:00,4.391
2017-08-20 08:15:00,0.838
2017-08-20 08:00:00,-1.139
2017-08-20 07:45:00,-0.987
2017-08-20 07:30:00,-1.716
2017-08-20 07:15:00,-3.424
2017-08-20 07:00:00,-6.55
2017-08-20 06:45:00,-6.642
2017-08-20 06:30:00,-8.58
2017-08-20 06:15:00,-7.018
2017-08-20 06:00:00,-8.484
2017-08-20 05:45:00,-6.014
2017-08-20 05:30:00,-10.96
2017-08-20 05:15:00,-11.441
2017-08-20 05:00:00,-15.439
2017-08-20 04:45:00,-17.508
2017-08-20 04:30:00,-21.519
2017-08-20 04:15:00,-21.088
2017-08-20 04:00:00,-26.154
2017-08-20 03:45:00,-25.96
2017-08-20 03:30:00,-25.274
2017-08-20 03:15:00,-24.38
2017-08-20 03:00:00,-26.309
2017-08-20 02:45:00,-27.229
2017-08-20 02:30:00,-26.209
2017-08-20 02:15:00,-25.582
2017-08-20 02:00:00,-26.57
2017-08-20 01:45:00,-26.279
2017-08-20 01:30:00,-26.701
2017-08-20 01:15:00,-32.45
2017-08-20 01:00:00,-28.051
2017-08-20 00:45:00,-27.007
2017-08-20 00:30:00,-28.504
2017-08-20 00:15:00,-28.649
2017-08-20 00:00:00,-27.751
2017-08-19 23:45:00,-28.312
2017-08-19 23:30:00,-31.004
2017-08-19 23:15:00,-28.093
2017-08-19 23:00:00,-30.763
2017-08-19 22:45:00,-30.294
2017-08-19 22:30:00,-30.035
2017-08-19 22:15:00,-30.936
2017-08-19 22:00:00,-31.807
2017-08-19 21:45:00,-30.857
2017-08-19 21:30:00,-31.109
2017-08-19 21:15:00,-38.038
2017-08-19 21:00:00,-35.194
2017-08-19 20:45:00,-34.353
2017-08-19 20:30:00,-35.079
2017-08-19 20:15:00,-37.964
2017-08-19 20:00:00,-37.496
2017-08-19 19:45:00,-40.496
2017-08-19 19:30:00,-39.871
2017-08-19 19:15:00,-48.952
2017-08-19 19:00:00,-38.614
2017-08-19 18:45:00,-37.083
2017-08-19 18:30:00,-29.375
2017-08-19 18:15:00,-22.535
2017-08-19 18:00:00,-10.289
2017-08-19 17:45:00,-2.64
2017-08-19 17:30:00,-0.946
2017-08-19 17:15:00,-0.952
2017-08-19 17:00:00,-0.958
2017-08-19 16:45:00,-0.956
2017-08-19 16:30:00,-0.958
2017-08-19 16:15:00,-0.956
2017-08-19 16:00:00,-0.954
2017-08-19 15:45:00,-0.954
2017-08-19 15:30:00,-0.955
2017-08-19 15:15:00,-0.96
2017-08-19 15:00:00,-0.96
2017-08-19 14:45:00,-0.962
2017-08-19 14:30:00,-0.962
2017-08-19 14:15:00,-0.961
2017-08-19 14:00:00,-0.936
2017-08-19 13:45:00,11.506
2017-08-19 13:30:00,173.219
2017-08-19 13:15:00,170.139
2017-08-19 13:00:00,167.026
2017-08-19 12:45:00,170.674
2017-08-19 12:30:00,170.707
2017-08-19 12:15:00,167.951
2017-08-19 12:00:00,174.016
2017-08-19 11:45:00,131.671
2017-08-19 11:30:00,77.868
2017-08-19 11:15:00,71.166
2017-08-19 11:00:00,42.586
2017-08-19 10:45:00,40.407
2017-08-19 10:30:00,42.979
2017-08-19 10:15:00,33.249
2017-08-19 10:00:00,25.297
2017-08-19 09:45:00,16.312
2017-08-19 09:30:00,14.425
2017-08-19 09:15:00,11.922
2017-08-19 09:00:00,11.205
2017-08-19 08:45:00,2.48
2017-08-19 08:30:00,-0.967
2017-08-19 08:15:00,-1.122
2017-08-19 08:00:00,-1.588
2017-08-19 07:45:00,-1.514
2017-08-19 07:30:00,-1.491
2017-08-19 07:15:00,-4.011
2017-08-19 07:00:00,-8.717
2017-08-19 06:45:00,-6.896
2017-08-19 06:30:00,-7.099
2017-08-19 06:15:00,-8.705
2017-08-19 06:00:00,-11.077
2017-08-19 05:45:00,-6.605
2017-08-19 05:30:00,-9.153
2017-08-19 05:15:00,-6.794
2017-08-19 05:00:00,-7.084
2017-08-19 04:45:00,-8.177
2017-08-19 04:30:00,-8.052
2017-08-19 04:15:00,-9.231
2017-08-19 04:00:00,-8.762
2017-08-19 03:45:00,-13.052
2017-08-19 03:30:00,-12.741
2017-08-19 03:15:00,-12.807
2017-08-19 03:00:00,-13.992
2017-08-19 02:45:00,-14.157
2017-08-19 02:30:00,-14.331
2017-08-19 02:15:00,-15.508
2017-08-19 02:00:00,-16.052
2017-08-19 01:45:00,-16.277
2017-08-19 01:30:00,-17.042
2017-08-19 01:15:00,-21.186
2017-08-19 01:00:00,-26.321
2017-08-19 00:45:00,-28.336
2017-08-19 00:30:00,-33.104
2017-08-19 00:15:00,-31.62
2017-08-19 00:00:00,-30.2
2017-08-18 23:45:00,-31.717
2017-08-18 23:30:00,-33.088
2017-08-18 23:15:00,-33.615
2017-08-18 23:00:00,-36.135
2017-08-18 22:45:00,-36.367
2017-08-18 22:30:00,-36.548
2017-08-18 22:15:00,-38.472
2017-08-18 22:00:00,-39.229
2017-08-18 21:45:00,-38.64
2017-08-18 21:30:00,-42.582
2017-08-18 21:15:00,-42.0
2017-08-18 21:00:00,-41.186
2017-08-18 20:45:00,-42.69
2017-08-18 20:30:00,-43.134
2017-08-18 20:15:00,-44.835
2017-08-18 20:00:00,-46.097
2017-08-18 19:45:00,-51.761
2017-08-18 19:30:00,-49.01
2017-08-18 19:15:00,-51.626
2017-08-18 19:00:00,-48.698
2017-08-18 18:45:00,-48.409
2017-08-18 18:30:00,-38.565
2017-08-18 18:15:00,-36.147
2017-08-18 18:00:00,-35.797
2017-08-18 17:45:00,-20.332
2017-08-18 17:30:00,-4.745
2017-08-18 17:15:00,-0.958
2017-08-18 17:00:00,-0.962
2017-08-18 16:45:00,-0.96
2017-08-18 16:30:00,-0.957
2017-08-18 16:15:00,-0.956
2017-08-18 16:00:00,-0.952
2017-08-18 15:45:00,-0.95
2017-08-18 15:30:00,-0.951
2017-08-18 15:15:00,-0.953
2017-08-18 15:00:00,-0.96
2017-08-18 14:45:00,-0.954
2017-08-18 14:30:00,-0.952
2017-08-18 14:15:00,-0.951
2017-08-18 14:00:00,-0.953
2017-08-18 13:45:00,-0.955
2017-08-18 13:30:00,-0.949
2017-08-18 13:15:00,-0.829
2017-08-18 13:00:00,114.888
2017-08-18 12:45:00,143.355
2017-08-18 12:30:00,141.14
2017-08-18 12:15:00,139.687
2017-08-18 12:00:00,131.331
2017-08-18 11:45:00,130.373
2017-08-18 11:30:00,117.45
2017-08-18 11:15:00,117.292
2017-08-18 11:00:00,108.155
2017-08-18 10:45:00,107.774
2017-08-18 10:30:00,105.521
2017-08-18 10:15:00,98.287
2017-08-18 10:00:00,88.175
2017-08-18 09:45:00,71.852
2017-08-18 09:30:00,-1.595
2017-08-18 09:15:00,-0.941
2017-08-18 09:00:00,-0.724
2017-08-18 08:45:00,-5.351
2017-08-18 08:30:00,-25.819
2017-08-18 08:15:00,-31.649
2017-08-18 08:00:00,-36.565
2017-08-18 07:45:00,-41.016
2017-08-18 07:30:00,-27.663
2017-08-18 07:15:00,-19.636
2017-08-18 07:00:00,-27.393
2017-08-18 06:45:00,-31.008
2017-08-18 06:30:00,-23.698
2017-08-18 06:15:00,-23.357
2017-08-18 06:00:00,-25.567
2017-08-18 05:45:00,-19.142
2017-08-18 05:30:00,-19.885
2017-08-18 05:15:00,-28.041
2017-08-18 05:00:00,-28.163
2017-08-18 04:45:00,-3.754
2017-08-18 04:30:00,-3.824
2017-08-18 04:15:00,-3.752
2017-08-18 04:00:00,-4.935
2017-08-18 03:45:00,-4.132
2017-08-18 03:30:00,-4.086
2017-08-18 03:15:00,-3.328
2017-08-18 03:00:00,-3.245
2017-08-18 02:45:00,-5.807
2017-08-18 02:30:00,-3.953
2017-08-18 02:15:00,-16.063
2017-08-18 02:00:00,-12.812
2017-08-18 01:45:00,-4.815
2017-08-18 01:30:00,-7.718
2017-08-18 01:15:00,-3.712
2017-08-18 01:00:00,-3.842
2017-08-18 00:45:00,-3.838
2017-08-18 00:30:00,-19.278
2017-08-18 00:15:00,-14.904
2017-08-18 00:00:00,-3.162
2017-08-17 23:45:00,-3.417
2017-08-17 23:30:00,-5.13
2017-08-17 23:15:00,-22.876
2017-08-17 23:00:00,-19.336
2017-08-17 22:45:00,-11.649
2017-08-17 22:30:00,-5.999
2017-08-17 22:15:00,-18.223
2017-08-17 22:00:00,-30.266
2017-08-17 21:45:00,-32.911
2017-08-17 21:30:00,-34.853
2017-08-17 21:15:00,-38.489
2017-08-17 21:00:00,-36.755
2017-08-17 20:45:00,-38.822
2017-08-17 20:30:00,-41.672
2017-08-17 20:15:00,-40.738
2017-08-17 20:00:00,-44.44
2017-08-17 19:45:00,-47.291
2017-08-17 19:30:00,-45.076
2017-08-17 19:15:00,-48.756
2017-08-17 19:00:00,-47.906
2017-08-17 18:45:00,-51.59
2017-08-17 18:30:00,-38.698
2017-08-17 18:15:00,-34.261
2017-08-17 18:00:00,-36.311
2017-08-17 17:45:00,-25.009
2017-08-17 17:30:00,-10.665
2017-08-17 17:15:00,-4.205
2017-08-17 17:00:00,-2.191
2017-08-17 16:45:00,-0.957
2017-08-17 16:30:00,-0.958
2017-08-17 16:15:00,-0.96
2017-08-17 16:00:00,-0.957
2017-08-17 15:45:00,-0.957
2017-08-17 15:30:00,-0.955
2017-08-17 15:15:00,-0.956
2017-08-17 15:00:00,-0.953
2017-08-17 14:45:00,-0.949
2017-08-17 14:30:00,-0.95
2017-08-17 14:15:00,-0.948
2017-08-17 14:00:00,-0.941
2017-08-17 13:45:00,22.238
2017-08-17 13:30:00,103.12
2017-08-17 13:15:00,106.585
2017-08-17 13:00:00,101.543
2017-08-17 12:45:00,105.045
2017-08-17 12:30:00,105.318
2017-08-17 12:15:00,104.091
2017-08-17 12:00:00,105.203
2017-08-17 11:45:00,84.484
2017-08-17 11:30:00,90.345
2017-08-17 11:15:00,74.763
2017-08-17 11:00:00,93.153
2017-08-17 10:45:00,84.605
2017-08-17 10:30:00,81.87
2017-08-17 10:15:00,71.731
2017-08-17 10:00:00,68.533
2017-08-17 09:45:00,52.143
2017-08-17 09:30:00,47.589
2017-08-17 09:15:00,40.011
2017-08-17 09:00:00,9.686
2017-08-17 08:45:00,-16.141
2017-08-17 08:30:00,-0.66
2017-08-17 08:15:00,-6.814
2017-08-17 08:00:00,-4.893
2017-08-17 07:45:00,-15.245
2017-08-17 07:30:00,-26.658
2017-08-17 07:15:00,-15.438
2017-08-17 07:00:00,-25.91
2017-08-17 06:45:00,-30.355
2017-08-17 06:30:00,-30.646
2017-08-17 06:15:00,-32.472
2017-08-17 06:00:00,-24.455
2017-08-17 05:45:00,-26.327
2017-08-17 05:30:00,-21.011
2017-08-17 05:15:00,-5.231
2017-08-17 05:00:00,-5.009
2017-08-17 04:45:00,-5.218
2017-08-17 04:30:00,-4.902
2017-08-17 04:15:00,-7.34
2017-08-17 04:00:00,-5.665
2017-08-17 03:45:00,-4.633
2017-08-17 03:30:00,-5.639
2017-08-17 03:15:00,-5.644
2017-08-17 03:00:00,-6.536
2017-08-17 02:45:00,-5.394
2017-08-17 02:30:00,-7.1
2017-08-17 02:15:00,-5.72
2017-08-17 02:00:00,-6.337
2017-08-17 01:45:00,-10.514
2017-08-17 01:30:00,-16.91
2017-08-17 01:15:00,-16.541
2017-08-17 01:00:00,-17.798
2017-08-17 00:45:00,-18.113
2017-08-17 00:30:00,-19.875
2017-08-17 00:15:00,-16.614
2017-08-17 00:00:00,-17.845
2017-08-16 23:45:00,-19.033
2017-08-16 23:30:00,-19.182
2017-08-16 23:15:00,-17.929
2017-08-16 23:00:00,-20.039
2017-08-16 22:45:00,-19.935
2017-08-16 22:30:00,-19.47
2017-08-16 22:15:00,-20.526
2017-08-16 22:00:00,-20.741
2017-08-16 21:45:00,-22.004
2017-08-16 21:30:00,-23.133
2017-08-16 21:15:00,-26.432
2017-08-16 21:00:00,-29.715
2017-08-16 20:45:00,-34.423
2017-08-16 20:30:00,-37.733
2017-08-16 20:15:00,-37.966
2017-08-16 20:00:00,-39.069
2017-08-16 19:45:00,-43.23
2017-08-16 19:30:00,-49.214
2017-08-16 19:15:00,-44.013
2017-08-16 19:00:00,-44.586
2017-08-16 18:45:00,-40.828
2017-08-16 18:30:00,-51.133
2017-08-16 18:15:00,-37.803
2017-08-16 18:00:00,-34.537
2017-08-16 17:45:00,-27.993
2017-08-16 17:30:00,-4.044
2017-08-16 17:15:00,-0.96
2017-08-16 17:00:00,-0.957
2017-08-16 16:45:00,-0.957
2017-08-16 16:30:00,-0.953
2017-08-16 16:15:00,-0.953
2017-08-16 16:00:00,-0.959
2017-08-16 15:45:00,-0.959
2017-08-16 15:30:00,-0.956
2017-08-16 15:15:00,-0.957
2017-08-16 15:00:00,-0.956
2017-08-16 14:45:00,-0.959
2017-08-16 14:30:00,-0.954
2017-08-16 14:15:00,-0.948
2017-08-16 14:00:00,-0.949
2017-08-16 13:45:00,-0.951
2017-08-16 13:30:00,-0.951
2017-08-16 13:15:00,-0.945
2017-08-16 13:00:00,54.383
2017-08-16 12:45:00,127.073
2017-08-16 12:30:00,127.346
2017-08-16 12:15:00,129.147
2017-08-16 12:00:00,126.496
2017-08-16 11:45:00,128.63
2017-08-16 11:30:00,119.942
2017-08-16 11:15:00,110.312
2017-08-16 11:00:00,111.72
2017-08-16 10:45:00,102.127
2017-08-16 10:30:00,103.021
2017-08-16 10:15:00,93.979
2017-08-16 10:00:00,84.46
2017-08-16 09:45:00,78.748
2017-08-16 09:30:00,64.654
2017-08-16 09:15:00,46.351
2017-08-16 09:00:00,47.509
2017-08-16 08:45:00,38.182
2017-08-16 08:30:00,27.52
2017-08-16 08:15:00,10.283
2017-08-16 08:00:00,-0.528
2017-08-16 07:45:00,-0.66
2017-08-16 07:30:00,-0.941
2017-08-16 07:15:00,-0.939
2017-08-16 07:00:00,-0.939
2017-08-16 06:45:00,-0.94
2017-08-16 06:30:00,-0.942
2017-08-16 06:15:00,-0.944
2017-08-16 06:00:00,-0.947
2017-08-16 05:45:00,-0.944
2017-08-16 05:30:00,-0.947
2017-08-16 05:15:00,-0.947
2017-08-16 05:00:00,-0.943
2017-08-16 04:45:00,-0.941
2017-08-16 04:30:00,-0.942
2017-08-16 04:15:00,-0.946
2017-08-16 04:00:00,-0.948
2017-08-16 03:45:00,-0.949
2017-08-16 03:30:00,-0.949
2017-08-16 03:15:00,-0.949
2017-08-16 03:00:00,-0.949
2017-08-16 02:45:00,-0.947
2017-08-16 02:30:00,-0.945
2017-08-16 02:15:00,-0.945
2017-08-16 02:00:00,-0.943
2017-08-16 01:45:00,-0.943
2017-08-16 01:30:00,-0.943
2017-08-16 01:15:00,-0.942
2017-08-16 01:00:00,-0.941
2017-08-16 00:45:00,-0.941
2017-08-16 00:30:00,-0.942
2017-08-16 00:15:00,-0.942
2017-08-16 00:00:00,-0.943
2017-08-15 23:45:00,-0.941
2017-08-15 23:30:00,-0.94
2017-08-15 23:15:00,-0.939
2017-08-15 23:00:00,-0.939
2017-08-15 22:45:00,-0.955
2017-08-15 22:30:00,-0.953
2017-08-15 22:15:00,-0.949
2017-08-15 22:00:00,-0.947
2017-08-15 21:45:00,-0.949
2017-08-15 21:30:00,-0.95
2017-08-15 21:15:00,-0.949
2017-08-15 21:00:00,-0.949
2017-08-15 20:45:00,-0.947
2017-08-15 20:30:00,-1.419
2017-08-15 20:15:00,-6.542
2017-08-15 20:00:00,-6.693
2017-08-15 19:45:00,-10.305
2017-08-15 19:30:00,-19.36
2017-08-15 19:15:00,-25.014
2017-08-15 19:00:00,-17.6
2017-08-15 18:45:00,-7.449
2017-08-15 18:30:00,-1.762
2017-08-15 18:15:00,2.721
2017-08-15 18:00:00,0.271
2017-08-15 17:45:00,5.325
2017-08-15 17:30:00,10.488
2017-08-15 17:15:00,19.652
2017-08-15 17:00:00,19.759
2017-08-15 16:45:00,18.084
2017-08-15 16:30:00,24.294
2017-08-15 16:15:00,12.943
2017-08-15 16:00:00,1.796
2017-08-15 15:45:00,2.755
2017-08-15 15:30:00,-0.676
2017-08-15 15:15:00,2.593
2017-08-15 15:00:00,-0.954
2017-08-15 14:45:00,-0.964
2017-08-15 14:30:00,-0.963
2017-08-15 14:15:00,-0.959
2017-08-15 14:00:00,-0.956
2017-08-15 13:45:00,-0.958
2017-08-15 13:30:00,-0.951
2017-08-15 13:15:00,-0.956
2017-08-15 13:00:00,-0.958
2017-08-15 12:45:00,-0.235
2017-08-15 12:30:00,-0.859
2017-08-15 12:15:00,-0.953
2017-08-15 12:00:00,-0.951
2017-08-15 11:45:00,-0.952
2017-08-15 11:30:00,-0.953
2017-08-15 11:15:00,-0.953
2017-08-15 11:00:00,-0.951
2017-08-15 10:45:00,-0.954
2017-08-15 10:30:00,-0.955
2017-08-15 10:15:00,-0.956
2017-08-15 10:00:00,-0.96
2017-08-15 09:45:00,-0.954
2017-08-15 09:30:00,-0.955
2017-08-15 09:15:00,-0.957
2017-08-15 09:00:00,-0.954
2017-08-15 08:45:00,-0.952
2017-08-15 08:30:00,-2.681
2017-08-15 08:15:00,-39.595
2017-08-15 08:00:00,-30.341
2017-08-15 07:45:00,-32.812
2017-08-15 07:30:00,-14.573
2017-08-15 07:15:00,-31.229
2017-08-15 07:00:00,-27.515
2017-08-15 06:45:00,-11.076
2017-08-15 06:30:00,-11.803
2017-08-15 06:15:00,-2.576
2017-08-15 06:00:00,-4.454
2017-08-15 05:45:00,-5.878
2017-08-15 05:30:00,-12.822
2017-08-15 05:15:00,-10.698
2017-08-15 05:00:00,-10.884
2017-08-15 04:45:00,-9.381
2017-08-15 04:30:00,-10.508
2017-08-15 04:15:00,-11.114
2017-08-15 04:00:00,-11.337
2017-08-15 03:45:00,-13.684
2017-08-15 03:30:00,-13.865
2017-08-15 03:15:00,-12.293
2017-08-15 03:00:00,-14.654
2017-08-15 02:45:00,-12.256
2017-08-15 02:30:00,-16.605
2017-08-15 02:15:00,-18.537
2017-08-15 02:00:00,-19.241
2017-08-15 01:45:00,-20.592
2017-08-15 01:30:00,-20.665
2017-08-15 01:15:00,-20.703
2017-08-15 01:00:00,-24.344
2017-08-15 00:45:00,-23.446
2017-08-15 00:30:00,-21.477
2017-08-15 00:15:00,-22.135
2017-08-15 00:00:00,-26.155
2017-08-14 23:45:00,-24.641
2017-08-14 23:30:00,-25.473
2017-08-14 23:15:00,-27.07
2017-08-14 23:00:00,-27.787
2017-08-14 22:45:00,-28.293
2017-08-14 22:30:00,-31.337
2017-08-14 22:15:00,-31.867
2017-08-14 22:00:00,-31.886
2017-08-14 21:45:00,-32.525
2017-08-14 21:30:00,-33.121
2017-08-14 21:15:00,-34.493
2017-08-14 21:00:00,-33.517
2017-08-14 20:45:00,-34.755
2017-08-14 20:30:00,-35.524
2017-08-14 20:15:00,-38.129
2017-08-14 20:00:00,-40.093
2017-08-14 19:45:00,-40.457
2017-08-14 19:30:00,-39.701
2017-08-14 19:15:00,-45.049
2017-08-14 19:00:00,-49.389
2017-08-14 18:45:00,-51.676
2017-08-14 18:30:00,-41.909
2017-08-14 18:15:00,-38.77
2017-08-14 18:00:00,-34.23
2017-08-14 17:45:00,-26.616
2017-08-14 17:30:00,-4.712
2017-08-14 17:15:00,-0.959
2017-08-14 17:00:00,-0.962
2017-08-14 16:45:00,-0.963
2017-08-14 16:30:00,-0.961
2017-08-14 16:15:00,-0.96
2017-08-14 16:00:00,-0.96
2017-08-14 15:45:00,-0.96
2017-08-14 15:30:00,-0.956
2017-08-14 15:15:00,-0.957
2017-08-14 15:00:00,-0.959
2017-08-14 14:45:00,-0.96
2017-08-14 14:30:00,-0.955
2017-08-14 14:15:00,-0.955
2017-08-14 14:00:00,-0.952
2017-08-14 13:45:00,-0.95
2017-08-14 13:30:00,-0.017
2017-08-14 13:15:00,111.014
2017-08-14 13:00:00,111.622
2017-08-14 12:45:00,109.174
2017-08-14 12:30:00,104.165
2017-08-14 12:15:00,108.789
2017-08-14 12:00:00,107.607
2017-08-14 11:45:00,112.477
2017-08-14 11:30:00,103.763
2017-08-14 11:15:00,100.402
2017-08-14 11:00:00,106.73
2017-08-14 10:45:00,98.0
2017-08-14 10:30:00,88.066
2017-08-14 10:15:00,80.304
2017-08-14 10:00:00,71.925
2017-08-14 09:45:00,59.78
2017-08-14 09:30:00,43.443
2017-08-14 09:15:00,35.028
2017-08-14 09:00:00,18.418
2017-08-14 08:45:00,14.878
2017-08-14 08:30:00,0.595
2017-08-14 08:15:00,-4.752
2017-08-14 08:00:00,-14.954
2017-08-14 07:45:00,-26.26
2017-08-14 07:30:00,-16.939
2017-08-14 07:15:00,-12.121
2017-08-14 07:00:00,-13.17
2017-08-14 06:45:00,-18.926
2017-08-14 06:30:00,-27.752
2017-08-14 06:15:00,-24.924
2017-08-14 06:00:00,-25.579
2017-08-14 05:45:00,-35.419
2017-08-14 05:30:00,-30.814
2017-08-14 05:15:00,-14.813
2017-08-14 05:00:00,-14.96
2017-08-14 04:45:00,-13.114
2017-08-14 04:30:00,-14.906
2017-08-14 04:15:00,-19.184
2017-08-14 04:00:00,-15.311
2017-08-14 03:45:00,-14.187
2017-08-14 03:30:00,-16.907
2017-08-14 03:15:00,-14.266
2017-08-14 03:00:00,-15.308
2017-08-14 02:45:00,-15.51
2017-08-14 02:30:00,-17.848
2017-08-14 02:15:00,-15.171
2017-08-14 02:00:00,-17.567
2017-08-14 01:45:00,-16.992
2017-08-14 01:30:00,-20.977
2017-08-14 01:15:00,-18.155
2017-08-14 01:00:00,-16.418
2017-08-14 00:45:00,-16.428
2017-08-14 00:30:00,-17.323
2017-08-14 00:15:00,-18.087
2017-08-14 00:00:00,-17.588
2017-08-13 23:45:00,-19.376
2017-08-13 23:30:00,-18.709
2017-08-13 23:15:00,-20.282
2017-08-13 23:00:00,-31.481
2017-08-13 22:45:00,-47.468
2017-08-13 22:30:00,-43.156
2017-08-13 22:15:00,-32.075
2017-08-13 22:00:00,-27.909
2017-08-13 21:45:00,-27.89
2017-08-13 21:30:00,-30.837
2017-08-13 21:15:00,-29.374
2017-08-13 21:00:00,-28.622
2017-08-13 20:45:00,-32.956
2017-08-13 20:30:00,-29.308
2017-08-13 20:15:00,-31.19
2017-08-13 20:00:00,-29.171
2017-08-13 19:45:00,-31.403
2017-08-13 19:30:00,-42.172
2017-08-13 19:15:00,-38.458
2017-08-13 19:00:00,-38.155
2017-08-13 18:45:00,-39.461
2017-08-13 18:30:00,-20.41
2017-08-13 18:15:00,-9.393
2017-08-13 18:00:00,-2.25
2017-08-13 17:45:00,-0.963
2017-08-13 17:30:00,-0.97
2017-08-13 17:15:00,-0.972
2017-08-13 17:00:00,-0.971
2017-08-13 16:45:00,-0.971
2017-08-13 16:30:00,-0.973
2017-08-13 16:15:00,-0.966
2017-08-13 16:00:00,-0.959
2017-08-13 15:45:00,-0.961
2017-08-13 15:30:00,-0.962
2017-08-13 15:15:00,-0.964
2017-08-13 15:00:00,-0.966
2017-08-13 14:45:00,-0.967
2017-08-13 14:30:00,-0.97
2017-08-13 14:15:00,-0.969
2017-08-13 14:00:00,-0.968
2017-08-13 13:45:00,-0.969
2017-08-13 13:30:00,-0.953
2017-08-13 13:15:00,-0.954
2017-08-13 13:00:00,-0.948
2017-08-13 12:45:00,-0.952
2017-08-13 12:30:00,-0.953
2017-08-13 12:15:00,-0.949
2017-08-13 12:00:00,-0.952
2017-08-13 11:45:00,-0.936
2017-08-13 11:30:00,-0.962
2017-08-13 11:15:00,169.205
2017-08-13 11:00:00,169.056
2017-08-13 10:45:00,162.189
2017-08-13 10:30:00,155.331
2017-08-13 10:15:00,146.068
2017-08-13 10:00:00,130.591
2017-08-13 09:45:00,122.932
2017-08-13 09:30:00,112.791
2017-08-13 09:15:00,101.386
2017-08-13 09:00:00,89.375
2017-08-13 08:45:00,71.493
2017-08-13 08:30:00,18.309
2017-08-13 08:15:00,27.483
2017-08-13 08:00:00,30.487
2017-08-13 07:45:00,22.675
2017-08-13 07:30:00,12.956
2017-08-13 07:15:00,1.598
2017-08-13 07:00:00,-0.575
2017-08-13 06:45:00,-2.112
2017-08-13 06:30:00,-6.974
2017-08-13 06:15:00,-10.247
2017-08-13 06:00:00,-14.72
2017-08-13 05:45:00,-14.836
2017-08-13 05:30:00,-7.787
2017-08-13 05:15:00,-8.289
2017-08-13 05:00:00,-16.306
2017-08-13 04:45:00,-22.965
2017-08-13 04:30:00,-22.405
2017-08-13 04:15:00,-23.427
2017-08-13 04:00:00,-24.184
2017-08-13 03:45:00,-25.243
2017-08-13 03:30:00,-24.589
2017-08-13 03:15:00,-24.941
2017-08-13 03:00:00,-23.282
2017-08-13 02:45:00,-25.513
2017-08-13 02:30:00,-29.484
2017-08-13 02:15:00,-24.402
2017-08-13 02:00:00,-25.297
2017-08-13 01:45:00,-25.985
2017-08-13 01:30:00,-24.933
2017-08-13 01:15:00,-25.306
2017-08-13 01:00:00,-27.449
2017-08-13 00:45:00,-26.552
2017-08-13 00:30:00,-26.397
2017-08-13 00:15:00,-30.02
2017-08-13 00:00:00,-28.756
2017-08-12 23:45:00,-26.27
2017-08-12 23:30:00,-28.523
2017-08-12 23:15:00,-29.499
2017-08-12 23:00:00,-29.514
2017-08-12 22:45:00,-29.204
2017-08-12 22:30:00,-31.016
2017-08-12 22:15:00,-34.713
2017-08-12 22:00:00,-30.462
2017-08-12 21:45:00,-29.805
2017-08-12 21:30:00,-35.305
2017-08-12 21:15:00,-30.948
2017-08-12 21:00:00,-34.153
2017-08-12 20:45:00,-36.597
2017-08-12 20:30:00,-34.239
2017-08-12 20:15:00,-34.104
2017-08-12 20:00:00,-35.83
2017-08-12 19:45:00,-35.746
2017-08-12 19:30:00,-35.86
2017-08-12 19:15:00,-40.998
2017-08-12 19:00:00,-34.754
2017-08-12 18:45:00,-27.053
2017-08-12 18:30:00,-22.906
2017-08-12 18:15:00,-9.834
2017-08-12 18:00:00,-4.954
2017-08-12 17:45:00,-0.963
2017-08-12 17:30:00,-0.962
2017-08-12 17:15:00,-0.97
2017-08-12 17:00:00,-0.969
2017-08-12 16:45:00,-0.969
2017-08-12 16:30:00,-0.969
2017-08-12 16:15:00,-0.969
2017-08-12 16:00:00,-0.967
2017-08-12 15:45:00,-0.965
2017-08-12 15:30:00,-0.962
2017-08-12 15:15:00,-0.964
2017-08-12 15:00:00,-0.964
2017-08-12 14:45:00,-0.965
2017-08-12 14:30:00,-0.965
2017-08-12 14:15:00,-0.964
2017-08-12 14:00:00,-0.965
2017-08-12 13:45:00,-0.965
2017-08-12 13:30:00,-0.966
2017-08-12 13:15:00,-0.966
2017-08-12 13:00:00,-0.966
2017-08-12 12:45:00,-0.962
2017-08-12 12:30:00,-0.955
2017-08-12 12:15:00,-1.41
2017-08-12 12:00:00,57.073
2017-08-12 11:45:00,191.52
2017-08-12 11:30:00,188.807
2017-08-12 11:15:00,180.504
2017-08-12 11:00:00,177.601
2017-08-12 10:45:00,167.071
2017-08-12 10:30:00,160.507
2017-08-12 10:15:00,144.734
2017-08-12 10:00:00,124.277
2017-08-12 09:45:00,73.148
2017-08-12 09:30:00,60.239
2017-08-12 09:15:00,40.862
2017-08-12 09:00:00,24.328
2017-08-12 08:45:00,19.663
2017-08-12 08:30:00,11.618
2017-08-12 08:15:00,3.471
2017-08-12 08:00:00,-0.105
2017-08-12 07:45:00,-1.156
2017-08-12 07:30:00,-1.732
2017-08-12 07:15:00,-3.646
2017-08-12 07:00:00,-8.388
2017-08-12 06:45:00,-7.148
2017-08-12 06:30:00,-5.27
2017-08-12 06:15:00,-8.479
2017-08-12 06:00:00,-4.231
2017-08-12 05:45:00,-6.919
2017-08-12 05:30:00,-6.753
2017-08-12 05:15:00,-7.496
2017-08-12 05:00:00,-7.697
2017-08-12 04:45:00,-8.82
2017-08-12 04:30:00,-15.368
2017-08-12 04:15:00,-12.996
2017-08-12 04:00:00,-14.011
2017-08-12 03:45:00,-19.497
2017-08-12 03:30:00,-11.922
2017-08-12 03:15:00,-14.488
2017-08-12 03:00:00,-18.896
2017-08-12 02:45:00,-16.917
2017-08-12 02:30:00,-15.188
2017-08-12 02:15:00,-16.086
2017-08-12 02:00:00,-21.867
2017-08-12 01:45:00,-19.294
2017-08-12 01:30:00,-19.487
2017-08-12 01:15:00,-28.367
2017-08-12 01:00:00,-28.686
2017-08-12 00:45:00,-33.431
2017-08-12 00:30:00,-33.179
2017-08-12 00:15:00,-31.202
2017-08-12 00:00:00,-37.273
2017-08-11 23:45:00,-32.726
2017-08-11 23:30:00,-30.579
2017-08-11 23:15:00,-36.54
2017-08-11 23:00:00,-32.696
2017-08-11 22:45:00,-32.205
2017-08-11 22:30:00,-17.419
2017-08-11 22:15:00,-26.685
2017-08-11 22:00:00,-28.101
2017-08-11 21:45:00,-32.362
2017-08-11 21:30:00,-32.526
2017-08-11 21:15:00,-31.026
2017-08-11 21:00:00,-28.289
2017-08-11 20:45:00,-35.204
2017-08-11 20:30:00,-31.206
2017-08-11 20:15:00,-45.388
2017-08-11 20:00:00,-49.469
2017-08-11 19:45:00,-50.751
2017-08-11 19:30:00,-56.031
2017-08-11 19:15:00,-57.25
2017-08-11 19:00:00,-56.251
2017-08-11 18:45:00,-58.44
2017-08-11 18:30:00,-29.602
2017-08-11 18:15:00,-26.957
2017-08-11 18:00:00,-20.618
2017-08-11 17:45:00,-10.194
2017-08-11 17:30:00,-14.341
2017-08-11 17:15:00,-5.045
2017-08-11 17:00:00,-0.965
2017-08-11 16:45:00,-0.963
2017-08-11 16:30:00,-0.959
2017-08-11 16:15:00,-0.958
2017-08-11 16:00:00,-0.965
2017-08-11 15:45:00,-0.961
2017-08-11 15:30:00,-0.96
2017-08-11 15:15:00,-0.959
2017-08-11 15:00:00,-0.969
2017-08-11 14:45:00,-0.965
2017-08-11 14:30:00,-0.964
2017-08-11 14:15:00,-0.961
2017-08-11 14:00:00,-0.962
2017-08-11 13:45:00,-0.961
2017-08-11 13:30:00,-0.908
2017-08-11 13:15:00,91.851
2017-08-11 13:00:00,129.477
2017-08-11 12:45:00,119.096
2017-08-11 12:30:00,126.142
2017-08-11 12:15:00,113.413
2017-08-11 12:00:00,121.117
2017-08-11 11:45:00,118.293
2017-08-11 11:30:00,111.27
2017-08-11 11:15:00,114.369
2017-08-11 11:00:00,111.851
2017-08-11 10:45:00,108.791
2017-08-11 10:30:00,101.011
2017-08-11 10:15:00,96.972
2017-08-11 10:00:00,87.193
2017-08-11 09:45:00,77.272
2017-08-11 09:30:00,42.565
2017-08-11 09:15:00,52.675
2017-08-11 09:00:00,7.603
2017-08-11 08:45:00,2.197
2017-08-11 08:30:00,0.865
2017-08-11 08:15:00,-0.948
2017-08-11 08:00:00,-0.943
2017-08-11 07:45:00,-0.946
2017-08-11 07:30:00,-0.95
2017-08-11 07:15:00,-0.95
2017-08-11 07:00:00,-1.035
2017-08-11 06:45:00,-1.107
2017-08-11 06:30:00,-1.094
2017-08-11 06:15:00,-1.133
2017-08-11 06:00:00,-2.308
2017-08-11 05:45:00,-13.574
2017-08-11 05:30:00,-19.563
2017-08-11 05:15:00,-15.974
2017-08-11 05:00:00,-15.324
2017-08-11 04:45:00,-16.937
2017-08-11 04:30:00,-16.782
2017-08-11 04:15:00,-20.871
2017-08-11 04:00:00,-15.47
2017-08-11 03:45:00,-16.231
2017-08-11 03:30:00,-20.629
2017-08-11 03:15:00,-16.167
2017-08-11 03:00:00,-16.589
2017-08-11 02:45:00,-19.86
2017-08-11 02:30:00,-15.588
2017-08-11 02:15:00,-15.813
2017-08-11 02:00:00,-22.045
2017-08-11 01:45:00,-22.983
2017-08-11 01:30:00,-19.732
2017-08-11 01:15:00,-25.263
2017-08-11 01:00:00,-26.839
2017-08-11 00:45:00,-22.64
2017-08-11 00:30:00,-24.611
2017-08-11 00:15:00,-27.748
2017-08-11 00:00:00,-26.325
2017-08-10 23:45:00,-23.917
2017-08-10 23:30:00,-27.634
2017-08-10 23:15:00,-28.06
2017-08-10 23:00:00,-25.062
2017-08-10 22:45:00,-25.832
2017-08-10 22:30:00,-28.61
2017-08-10 22:15:00,-25.239
2017-08-10 22:00:00,-27.38
2017-08-10 21:45:00,-29.948
2017-08-10 21:30:00,-26.568
2017-08-10 21:15:00,-29.673
2017-08-10 21:00:00,-31.694
2017-08-10 20:45:00,-41.039
2017-08-10 20:30:00,-35.733
2017-08-10 20:15:00,-43.662
2017-08-10 20:00:00,-51.832
2017-08-10 19:45:00,-47.1
2017-08-10 19:30:00,-50.132
2017-08-10 19:15:00,-55.776
2017-08-10 19:00:00,-56.258
2017-08-10 18:45:00,-51.527
2017-08-10 18:30:00,-50.027
2017-08-10 18:15:00,-43.127
2017-08-10 18:00:00,-51.476
2017-08-10 17:45:00,-44.431
2017-08-10 17:30:00,-31.028
2017-08-10 17:15:00,-15.664
2017-08-10 17:00:00,-2.569
2017-08-10 16:45:00,-0.956
2017-08-10 16:30:00,-0.961
2017-08-10 16:15:00,-0.967
2017-08-10 16:00:00,-0.962
2017-08-10 15:45:00,-0.96
2017-08-10 15:30:00,-0.965
2017-08-10 15:15:00,-0.961
2017-08-10 15:00:00,-0.96
2017-08-10 14:45:00,-0.96
2017-08-10 14:30:00,-0.969
2017-08-10 14:15:00,-0.966
2017-08-10 14:00:00,-0.957
2017-08-10 13:45:00,7.369
2017-08-10 13:30:00,107.42
2017-08-10 13:15:00,110.188
2017-08-10 13:00:00,117.458
2017-08-10 12:45:00,108.443
2017-08-10 12:30:00,105.953
2017-08-10 12:15:00,109.126
2017-08-10 12:00:00,103.64
2017-08-10 11:45:00,111.799
2017-08-10 11:30:00,96.361
2017-08-10 11:15:00,98.641
2017-08-10 11:00:00,100.787
2017-08-10 10:45:00,101.136
2017-08-10 10:30:00,94.385
2017-08-10 10:15:00,82.402
2017-08-10 10:00:00,80.741
2017-08-10 09:45:00,66.669
2017-08-10 09:30:00,53.635
2017-08-10 09:15:00,47.664
2017-08-10 09:00:00,26.135
2017-08-10 08:45:00,-0.96
2017-08-10 08:30:00,-0.949
2017-08-10 08:15:00,-28.644
2017-08-10 08:00:00,-24.617
2017-08-10 07:45:00,-26.971
2017-08-10 07:30:00,-24.301
2017-08-10 07:15:00,-8.418
2017-08-10 07:00:00,-11.646
2017-08-10 06:45:00,-9.783
2017-08-10 06:30:00,-17.014
2017-08-10 06:15:00,-12.331
2017-08-10 06:00:00,-9.969
2017-08-10 05:45:00,-17.15
2017-08-10 05:30:00,-22.744
2017-08-10 05:15:00,-15.533
2017-08-10 05:00:00,-9.073
2017-08-10 04:45:00,-8.841
2017-08-10 04:30:00,-10.462
2017-08-10 04:15:00,-10.692
2017-08-10 04:00:00,-16.278
2017-08-10 03:45:00,-13.888
2017-08-10 03:30:00,-19.875
2017-08-10 03:15:00,-16.615
2017-08-10 03:00:00,-20.335
2017-08-10 02:45:00,-20.198
2017-08-10 02:30:00,-20.522
2017-08-10 02:15:00,-20.108
2017-08-10 02:00:00,-23.415
2017-08-10 01:45:00,-21.353
2017-08-10 01:30:00,-23.973
2017-08-10 01:15:00,-27.598
2017-08-10 01:00:00,-26.425
2017-08-10 00:45:00,-23.778
2017-08-10 00:30:00,-24.606
2017-08-10 00:15:00,-25.358
2017-08-10 00:00:00,-24.545
2017-08-09 23:45:00,-26.503
2017-08-09 23:30:00,-26.355
2017-08-09 23:15:00,-30.9
2017-08-09 23:00:00,-27.131
2017-08-09 22:45:00,-29.116
2017-08-09 22:30:00,-29.738
2017-08-09 22:15:00,-32.054
2017-08-09 22:00:00,-30.678
2017-08-09 21:45:00,-35.687
2017-08-09 21:30:00,-34.229
2017-08-09 21:15:00,-34.195
2017-08-09 21:00:00,-35.907
2017-08-09 20:45:00,-37.326
2017-08-09 20:30:00,-36.663
2017-08-09 20:15:00,-38.611
2017-08-09 20:00:00,-45.938
2017-08-09 19:45:00,-40.466
2017-08-09 19:30:00,-41.287
2017-08-09 19:15:00,-42.189
2017-08-09 19:00:00,-37.126
2017-08-09 18:45:00,-28.015
2017-08-09 18:30:00,-33.513
2017-08-09 18:15:00,-37.32
2017-08-09 18:00:00,-37.509
2017-08-09 17:45:00,-4.607
2017-08-09 17:30:00,-0.964
2017-08-09 17:15:00,-0.965
2017-08-09 17:00:00,-0.971
2017-08-09 16:45:00,-0.973
2017-08-09 16:30:00,-0.97
2017-08-09 16:15:00,-0.971
2017-08-09 16:00:00,-0.973
2017-08-09 15:45:00,-0.971
2017-08-09 15:30:00,-0.971
2017-08-09 15:15:00,-0.972
2017-08-09 15:00:00,-0.967
2017-08-09 14:45:00,-0.969
2017-08-09 14:30:00,-0.968
2017-08-09 14:15:00,-0.969
2017-08-09 14:00:00,-0.966
2017-08-09 13:45:00,-0.968
2017-08-09 13:30:00,-0.966
2017-08-09 13:15:00,-0.964
2017-08-09 13:00:00,-0.964
2017-08-09 12:45:00,-0.965
2017-08-09 12:30:00,-0.956
2017-08-09 12:15:00,-0.956
2017-08-09 12:00:00,-0.955
2017-08-09 11:45:00,26.676
2017-08-09 11:30:00,117.954
2017-08-09 11:15:00,113.483
2017-08-09 11:00:00,101.732
2017-08-09 10:45:00,101.954
2017-08-09 10:30:00,86.108
2017-08-09 10:15:00,87.433
2017-08-09 10:00:00,75.94
2017-08-09 09:45:00,76.261
2017-08-09 09:30:00,49.617
2017-08-09 09:15:00,18.233
2017-08-09 09:00:00,-7.467
2017-08-09 08:45:00,-8.555
2017-08-09 08:30:00,-4.904
2017-08-09 08:15:00,-23.77
2017-08-09 08:00:00,-29.443
2017-08-09 07:45:00,-31.314
2017-08-09 07:30:00,-11.483
2017-08-09 07:15:00,-8.191
2017-08-09 07:00:00,-16.07
2017-08-09 06:45:00,-13.307
2017-08-09 06:30:00,-23.655
2017-08-09 06:15:00,-23.228
2017-08-09 06:00:00,-12.067
2017-08-09 05:45:00,-16.237
2017-08-09 05:30:00,-8.589
2017-08-09 05:15:00,-1.947
2017-08-09 05:00:00,-1.949
2017-08-09 04:45:00,-9.69
2017-08-09 04:30:00,-3.317
2017-08-09 04:15:00,-1.965
2017-08-09 04:00:00,-1.971
2017-08-09 03:45:00,-1.983
2017-08-09 03:30:00,-5.156
2017-08-09 03:15:00,-8.038
2017-08-09 03:00:00,-2.135
2017-08-09 02:45:00,-1.991
2017-08-09 02:30:00,-1.99
2017-08-09 02:15:00,-4.75
2017-08-09 02:00:00,-5.642
2017-08-09 01:45:00,-1.995
2017-08-09 01:30:00,-2.022
2017-08-09 01:15:00,-3.997
2017-08-09 01:00:00,-9.146
2017-08-09 00:45:00,-5.283
2017-08-09 00:30:00,-2.117
2017-08-09 00:15:00,-2.225
2017-08-09 00:00:00,-7.274
2017-08-08 23:45:00,-7.724
2017-08-08 23:30:00,-4.779
2017-08-08 23:15:00,-1.736
2017-08-08 23:00:00,-5.315
2017-08-08 22:45:00,-11.675
2017-08-08 22:30:00,-10.243
2017-08-08 22:15:00,-12.548
2017-08-08 22:00:00,-14.706
2017-08-08 21:45:00,-13.52
2017-08-08 21:30:00,-12.183
2017-08-08 21:15:00,-14.656
2017-08-08 21:00:00,-11.339
2017-08-08 20:45:00,-14.597
2017-08-08 20:30:00,-11.937
2017-08-08 20:15:00,-24.567
2017-08-08 20:00:00,-31.884
2017-08-08 19:45:00,-24.858
2017-08-08 19:30:00,-27.887
2017-08-08 19:15:00,-30.232
2017-08-08 19:00:00,-21.741
2017-08-08 18:45:00,-8.764
2017-08-08 18:30:00,-1.216
2017-08-08 18:15:00,-1.167
2017-08-08 18:00:00,-0.619
2017-08-08 17:45:00,-0.524
2017-08-08 17:30:00,-0.053
2017-08-08 17:15:00,-0.592
2017-08-08 17:00:00,0.05
2017-08-08 16:45:00,0.032
2017-08-08 16:30:00,0.01
2017-08-08 16:15:00,18.276
2017-08-08 16:00:00,-0.755
2017-08-08 15:45:00,0.0
2017-08-08 15:30:00,0.0
2017-08-08 15:15:00,0.0
2017-08-08 15:00:00,-0.707
2017-08-08 14:45:00,-0.832
2017-08-08 14:30:00,-0.429
2017-08-08 14:15:00,-0.03
2017-08-08 14:00:00,47.783
2017-08-08 13:45:00,111.202
2017-08-08 13:30:00,119.11
2017-08-08 13:15:00,113.003
2017-08-08 13:00:00,121.181
2017-08-08 12:45:00,111.037
2017-08-08 12:30:00,115.23
2017-08-08 12:15:00,110.613
2017-08-08 12:00:00,118.178
2017-08-08 11:45:00,115.025
2017-08-08 11:30:00,107.765
2017-08-08 11:15:00,105.74
2017-08-08 11:00:00,97.413
2017-08-08 10:45:00,100.236
2017-08-08 10:30:00,85.003
2017-08-08 10:15:00,63.528
2017-08-08 10:00:00,16.062
2017-08-08 09:45:00,1.87
2017-08-08 09:30:00,1.859
2017-08-08 09:15:00,1.819
2017-08-08 09:00:00,1.806
2017-08-08 08:45:00,1.795
2017-08-08 08:30:00,1.804
2017-08-08 08:15:00,1.787
2017-08-08 08:00:00,1.799
2017-08-08 07:45:00,1.791
2017-08-08 07:30:00,1.789
2017-08-08 07:15:00,1.806
2017-08-08 07:00:00,1.718
2017-08-08 06:45:00,1.722
2017-08-08 06:30:00,1.707
2017-08-08 06:15:00,1.696
2017-08-08 06:00:00,1.693
2017-08-08 05:45:00,-21.135
2017-08-08 05:30:00,-35.545
2017-08-08 05:15:00,-20.378
2017-08-08 05:00:00,-18.866
2017-08-08 04:45:00,-23.998
2017-08-08 04:30:00,-18.81
2017-08-08 04:15:00,-21.997
2017-08-08 04:00:00,-19.383
2017-08-08 03:45:00,-20.706
2017-08-08 03:30:00,-25.432
2017-08-08 03:15:00,-21.011
2017-08-08 03:00:00,-22.254
2017-08-08 02:45:00,-22.112
2017-08-08 02:30:00,-20.631
2017-08-08 02:15:00,-21.674
2017-08-08 02:00:00,-21.967
2017-08-08 01:45:00,-26.083
2017-08-08 01:30:00,-22.402
2017-08-08 01:15:00,-22.165
2017-08-08 01:00:00,-26.548
2017-08-08 00:45:00,-25.061
2017-08-08 00:30:00,-29.14
2017-08-08 00:15:00,-30.944
2017-08-08 00:00:00,-26.737
2017-08-07 23:45:00,-28.528
2017-08-07 23:30:00,-29.367
2017-08-07 23:15:00,-31.839
2017-08-07 23:00:00,-35.322
2017-08-07 22:45:00,-34.208
2017-08-07 22:30:00,-33.028
2017-08-07 22:15:00,-35.028
2017-08-07 22:00:00,-36.27
2017-08-07 21:45:00,-39.949
2017-08-07 21:30:00,-36.597
2017-08-07 21:15:00,-36.356
2017-08-07 21:00:00,-38.597
2017-08-07 20:45:00,-41.317
2017-08-07 20:30:00,-36.024
2017-08-07 20:15:00,-39.361
2017-08-07 20:00:00,-39.511
2017-08-07 19:45:00,-40.367
2017-08-07 19:30:00,-40.135
2017-08-07 19:15:00,-39.112
2017-08-07 19:00:00,-39.624
2017-08-07 18:45:00,-24.221
2017-08-07 18:30:00,-18.222
2017-08-07 18:15:00,-24.953
2017-08-07 18:00:00,-43.738
2017-08-07 17:45:00,-39.068
2017-08-07 17:30:00,-31.494
2017-08-07 17:15:00,-16.553
2017-08-07 17:00:00,-2.881
2017-08-07 16:45:00,1.173
2017-08-07 16:30:00,2.254
2017-08-07 16:15:00,2.26
2017-08-07 16:00:00,2.263
2017-08-07 15:45:00,2.264
2017-08-07 15:30:00,2.271
2017-08-07 15:15:00,2.266
2017-08-07 15:00:00,2.268
2017-08-07 14:45:00,2.283
2017-08-07 14:30:00,2.288
2017-08-07 14:15:00,2.314
2017-08-07 14:00:00,2.379
2017-08-07 13:45:00,56.112
2017-08-07 13:30:00,106.815
2017-08-07 13:15:00,112.544
2017-08-07 13:00:00,112.936
2017-08-07 12:45:00,112.232
2017-08-07 12:30:00,112.053
2017-08-07 12:15:00,110.027
2017-08-07 12:00:00,113.546
2017-08-07 11:45:00,111.231
2017-08-07 11:30:00,106.443
2017-08-07 11:15:00,106.436
2017-08-07 11:00:00,99.881
2017-08-07 10:45:00,91.285
2017-08-07 10:30:00,89.208
2017-08-07 10:15:00,80.218
2017-08-07 10:00:00,48.844
2017-08-07 09:45:00,15.255
2017-08-07 09:30:00,1.803
2017-08-07 09:15:00,-0.182
2017-08-07 09:00:00,-23.816
2017-08-07 08:45:00,-16.712
2017-08-07 08:30:00,-25.248
2017-08-07 08:15:00,-24.068
2017-08-07 08:00:00,-18.009
2017-08-07 07:45:00,-24.554
2017-08-07 07:30:00,-36.317
2017-08-07 07:15:00,-52.748
2017-08-07 07:00:00,-61.892
2017-08-07 06:45:00,-66.05
2017-08-07 06:30:00,-58.986
2017-08-07 06:15:00,-50.044
2017-08-07 06:00:00,-35.808
2017-08-07 05:45:00,-22.643
2017-08-07 05:30:00,-34.315
2017-08-07 05:15:00,-13.471
2017-08-07 05:00:00,-2.745
2017-08-07 04:45:00,-1.68
2017-08-07 04:30:00,-0.097
2017-08-07 04:15:00,-2.135
2017-08-07 04:00:00,-4.716
2017-08-07 03:45:00,-17.086
2017-08-07 03:30:00,-10.646
2017-08-07 03:15:00,-1.103
2017-08-07 03:00:00,-0.562
2017-08-07 02:45:00,-0.382
2017-08-07 02:30:00,-1.554
2017-08-07 02:15:00,-17.771
2017-08-07 02:00:00,-7.278
2017-08-07 01:45:00,-0.37
2017-08-07 01:30:00,-1.094
2017-08-07 01:15:00,-1.977
2017-08-07 01:00:00,-11.006
2017-08-07 00:45:00,-16.08
2017-08-07 00:30:00,-6.653
2017-08-07 00:15:00,-2.567
2017-08-07 00:00:00,-3.936
2017-08-06 23:45:00,-20.369
2017-08-06 23:30:00,-18.842
2017-08-06 23:15:00,-12.834
2017-08-06 23:00:00,-4.41
2017-08-06 22:45:00,-40.995
2017-08-06 22:30:00,-41.636
2017-08-06 22:15:00,-27.175
2017-08-06 22:00:00,-24.783
2017-08-06 21:45:00,-32.862
2017-08-06 21:30:00,-26.749
2017-08-06 21:15:00,-28.813
2017-08-06 21:00:00,-25.953
2017-08-06 20:45:00,-33.559
2017-08-06 20:30:00,-26.053
2017-08-06 20:15:00,-30.793
2017-08-06 20:00:00,-30.11
2017-08-06 19:45:00,-34.631
2017-08-06 19:30:00,-31.531
2017-08-06 19:15:00,-30.806
2017-08-06 19:00:00,-34.329
2017-08-06 18:45:00,-19.881
2017-08-06 18:30:00,-16.495
2017-08-06 18:15:00,-3.773
2017-08-06 18:00:00,-1.859
2017-08-06 17:45:00,2.178
2017-08-06 17:30:00,2.179
2017-08-06 17:15:00,2.181
2017-08-06 17:00:00,2.183
2017-08-06 16:45:00,2.179
2017-08-06 16:30:00,2.185
2017-08-06 16:15:00,2.181
2017-08-06 16:00:00,2.182
2017-08-06 15:45:00,2.186
2017-08-06 15:30:00,2.194
2017-08-06 15:15:00,2.193
2017-08-06 15:00:00,2.186
2017-08-06 14:45:00,2.197
2017-08-06 14:30:00,2.202
2017-08-06 14:15:00,2.206
2017-08-06 14:00:00,2.206
2017-08-06 13:45:00,2.204
2017-08-06 13:30:00,2.214
2017-08-06 13:15:00,2.216
2017-08-06 13:00:00,2.231
2017-08-06 12:45:00,2.249
2017-08-06 12:30:00,2.258
2017-08-06 12:15:00,2.261
2017-08-06 12:00:00,2.255
2017-08-06 11:45:00,2.263
2017-08-06 11:30:00,2.287
2017-08-06 11:15:00,2.365
2017-08-06 11:00:00,73.96
2017-08-06 10:45:00,133.719
2017-08-06 10:30:00,128.757
2017-08-06 10:15:00,120.185
2017-08-06 10:00:00,98.499
2017-08-06 09:45:00,80.986
2017-08-06 09:30:00,99.708
2017-08-06 09:15:00,95.403
2017-08-06 09:00:00,67.222
2017-08-06 08:45:00,70.884
2017-08-06 08:30:00,23.115
2017-08-06 08:15:00,4.53
2017-08-06 08:00:00,7.881
2017-08-06 07:45:00,6.157
2017-08-06 07:30:00,3.564
2017-08-06 07:15:00,1.907
2017-08-06 07:00:00,0.73
2017-08-06 06:45:00,-6.535
2017-08-06 06:30:00,-7.695
2017-08-06 06:15:00,-18.046
2017-08-06 06:00:00,-9.517
2017-08-06 05:45:00,-3.379
2017-08-06 05:30:00,-4.061
2017-08-06 05:15:00,-3.299
2017-08-06 05:00:00,-8.831
2017-08-06 04:45:00,-4.227
2017-08-06 04:30:00,-3.89
2017-08-06 04:15:00,-3.677
2017-08-06 04:00:00,-16.127
2017-08-06 03:45:00,-15.29
2017-08-06 03:30:00,-9.088
2017-08-06 03:15:00,-6.405
2017-08-06 03:00:00,-4.863
2017-08-06 02:45:00,-6.196
2017-08-06 02:30:00,-14.357
2017-08-06 02:15:00,-21.37
2017-08-06 02:00:00,-10.426
2017-08-06 01:45:00,-6.007
2017-08-06 01:30:00,-6.898
2017-08-06 01:15:00,-13.281
2017-08-06 01:00:00,-21.981
2017-08-06 00:45:00,-15.56
2017-08-06 00:30:00,-8.088
2017-08-06 00:15:00,-8.072
2017-08-06 00:00:00,-20.323
2017-08-05 23:45:00,-24.153
2017-08-05 23:30:00,-18.604
2017-08-05 23:15:00,-9.281
2017-08-05 23:00:00,-16.166
2017-08-05 22:45:00,-24.075
2017-08-05 22:30:00,-26.434
2017-08-05 22:15:00,-27.532
2017-08-05 22:00:00,-25.402
2017-08-05 21:45:00,-27.104
2017-08-05 21:30:00,-29.75
2017-08-05 21:15:00,-25.669
2017-08-05 21:00:00,-27.06
2017-08-05 20:45:00,-27.125
2017-08-05 20:30:00,-32.73
2017-08-05 20:15:00,-25.599
2017-08-05 20:00:00,-29.407
2017-08-05 19:45:00,-35.196
2017-08-05 19:30:00,-29.891
2017-08-05 19:15:00,-33.231
2017-08-05 19:00:00,-27.124
2017-08-05 18:45:00,-29.09
2017-08-05 18:30:00,-13.795
2017-08-05 18:15:00,-5.083
2017-08-05 18:00:00,-3.373
2017-08-05 17:45:00,2.1
2017-08-05 17:30:00,2.266
2017-08-05 17:15:00,2.261
2017-08-05 17:00:00,2.266
2017-08-05 16:45:00,2.279
2017-08-05 16:30:00,2.284
2017-08-05 16:15:00,2.287
2017-08-05 16:00:00,2.299
2017-08-05 15:45:00,2.295
2017-08-05 15:30:00,2.297
2017-08-05 15:15:00,2.292
2017-08-05 15:00:00,2.288
2017-08-05 14:45:00,2.291
2017-08-05 14:30:00,2.297
2017-08-05 14:15:00,2.304
2017-08-05 14:00:00,2.31
2017-08-05 13:45:00,2.308
2017-08-05 13:30:00,2.315
2017-08-05 13:15:00,2.328
2017-08-05 13:00:00,2.339
2017-08-05 12:45:00,2.38
2017-08-05 12:30:00,2.561
2017-08-05 12:15:00,72.831
2017-08-05 12:00:00,170.063
2017-08-05 11:45:00,170.079
2017-08-05 11:30:00,155.122
2017-08-05 11:15:00,145.548
2017-08-05 11:00:00,139.367
2017-08-05 10:45:00,128.524
2017-08-05 10:30:00,128.805
2017-08-05 10:15:00,117.014
2017-08-05 10:00:00,108.647
2017-08-05 09:45:00,108.048
2017-08-05 09:30:00,46.845
2017-08-05 09:15:00,27.864
2017-08-05 09:00:00,9.696
2017-08-05 08:45:00,6.035
2017-08-05 08:30:00,8.013
2017-08-05 08:15:00,7.367
2017-08-05 08:00:00,3.727
2017-08-05 07:45:00,-1.026
2017-08-05 07:30:00,-5.895
2017-08-05 07:15:00,-17.356
2017-08-05 07:00:00,-20.248
2017-08-05 06:45:00,-29.306
2017-08-05 06:30:00,-6.354
2017-08-05 06:15:00,-19.758
2017-08-05 06:00:00,-14.962
2017-08-05 05:45:00,-6.047
2017-08-05 05:30:00,-9.72
2017-08-05 05:15:00,-10.091
2017-08-05 05:00:00,-19.519
2017-08-05 04:45:00,-21.76
2017-08-05 04:30:00,-6.225
2017-08-05 04:15:00,-9.442
2017-08-05 04:00:00,-8.437
2017-08-05 03:45:00,-20.993
2017-08-05 03:30:00,-22.151
2017-08-05 03:15:00,-23.574
2017-08-05 03:00:00,-9.215
2017-08-05 02:45:00,-7.368
2017-08-05 02:30:00,-19.827
2017-08-05 02:15:00,-28.068
2017-08-05 02:00:00,-23.047
2017-08-05 01:45:00,-23.297
2017-08-05 01:30:00,-23.28
2017-08-05 01:15:00,-29.04
2017-08-05 01:00:00,-22.369
2017-08-05 00:45:00,-22.171
2017-08-05 00:30:00,-24.456
2017-08-05 00:15:00,-26.898
2017-08-05 00:00:00,-23.199
2017-08-04 23:45:00,-23.031
2017-08-04 23:30:00,-28.271
2017-08-04 23:15:00,-26.393
2017-08-04 23:00:00,-21.634
2017-08-04 22:45:00,-27.69
2017-08-04 22:30:00,-28.899
2017-08-04 22:15:00,-26.355
2017-08-04 22:00:00,-24.25
2017-08-04 21:45:00,-28.191
2017-08-04 21:30:00,-27.117
2017-08-04 21:15:00,-26.866
2017-08-04 21:00:00,-28.978
2017-08-04 20:45:00,-32.931
2017-08-04 20:30:00,-37.454
2017-08-04 20:15:00,-39.306
2017-08-04 20:00:00,-44.711
2017-08-04 19:45:00,-38.353
2017-08-04 19:30:00,-46.498
2017-08-04 19:15:00,-47.166
2017-08-04 19:00:00,-45.381
2017-08-04 18:45:00,-38.336
2017-08-04 18:30:00,-38.97
2017-08-04 18:15:00,-21.708
2017-08-04 18:00:00,-20.434
2017-08-04 17:45:00,-8.53
2017-08-04 17:30:00,-0.508
2017-08-04 17:15:00,2.229
2017-08-04 17:00:00,2.247
2017-08-04 16:45:00,2.258
2017-08-04 16:30:00,2.27
2017-08-04 16:15:00,2.269
2017-08-04 16:00:00,2.271
2017-08-04 15:45:00,2.273
2017-08-04 15:30:00,2.282
2017-08-04 15:15:00,2.293
2017-08-04 15:00:00,2.31
2017-08-04 14:45:00,2.344
2017-08-04 14:30:00,2.437
2017-08-04 14:15:00,50.191
2017-08-04 14:00:00,127.664
2017-08-04 13:45:00,131.117
2017-08-04 13:30:00,133.016
2017-08-04 13:15:00,130.156
2017-08-04 13:00:00,130.638
2017-08-04 12:45:00,104.154
2017-08-04 12:30:00,97.681
2017-08-04 12:15:00,103.745
2017-08-04 12:00:00,92.816
2017-08-04 11:45:00,95.718
2017-08-04 11:30:00,95.59
2017-08-04 11:15:00,83.319
2017-08-04 11:00:00,77.686
2017-08-04 10:45:00,79.398
2017-08-04 10:30:00,64.744
2017-08-04 10:15:00,69.053
2017-08-04 10:00:00,59.183
2017-08-04 09:45:00,12.392
2017-08-04 09:30:00,2.379
2017-08-04 09:15:00,1.772
2017-08-04 09:00:00,1.78
2017-08-04 08:45:00,1.798
2017-08-04 08:30:00,1.807
2017-08-04 08:15:00,1.76
2017-08-04 08:00:00,1.786
2017-08-04 07:45:00,1.782
2017-08-04 07:30:00,-15.138
2017-08-04 07:15:00,-29.805
2017-08-04 07:00:00,-10.97
2017-08-04 06:45:00,-14.657
2017-08-04 06:30:00,-19.285
2017-08-04 06:15:00,-29.483
2017-08-04 06:00:00,-25.595
2017-08-04 05:45:00,-27.736
2017-08-04 05:30:00,-16.722
2017-08-04 05:15:00,-2.122
2017-08-04 05:00:00,-6.941
2017-08-04 04:45:00,-7.581
2017-08-04 04:30:00,-18.745
2017-08-04 04:15:00,-14.986
2017-08-04 04:00:00,-17.58
2017-08-04 03:45:00,-16.279
2017-08-04 03:30:00,-23.105
2017-08-04 03:15:00,-21.254
2017-08-04 03:00:00,-22.878
2017-08-04 02:45:00,-22.185
2017-08-04 02:30:00,-21.249
2017-08-04 02:15:00,-26.038
2017-08-04 02:00:00,-21.973
2017-08-04 01:45:00,-23.231
2017-08-04 01:30:00,-24.294
2017-08-04 01:15:00,-24.1
2017-08-04 01:00:00,-22.025
2017-08-04 00:45:00,-24.758
2017-08-04 00:30:00,-23.915
2017-08-04 00:15:00,-22.244
2017-08-04 00:00:00,-29.35
2017-08-03 23:45:00,-22.836
2017-08-03 23:30:00,-25.826
2017-08-03 23:15:00,-28.171
2017-08-03 23:00:00,-25.682
2017-08-03 22:45:00,-22.326
2017-08-03 22:30:00,-28.046
2017-08-03 22:15:00,-25.573
2017-08-03 22:00:00,-24.101
2017-08-03 21:45:00,-28.883
2017-08-03 21:30:00,-25.994
2017-08-03 21:15:00,-27.387
2017-08-03 21:00:00,-41.126
2017-08-03 20:45:00,-36.706
2017-08-03 20:30:00,-36.969
2017-08-03 20:15:00,-39.774
2017-08-03 20:00:00,-40.56
2017-08-03 19:45:00,-48.076
2017-08-03 19:30:00,-40.715
2017-08-03 19:15:00,-52.965
2017-08-03 19:00:00,-51.236
2017-08-03 18:45:00,-44.886
2017-08-03 18:30:00,-35.346
2017-08-03 18:15:00,-29.59
2017-08-03 18:00:00,-27.006
2017-08-03 17:45:00,-15.651
2017-08-03 17:30:00,-7.77
2017-08-03 17:15:00,1.684
2017-08-03 17:00:00,2.263
2017-08-03 16:45:00,2.233
2017-08-03 16:30:00,2.272
2017-08-03 16:15:00,2.28
2017-08-03 16:00:00,2.282
2017-08-03 15:45:00,2.281
2017-08-03 15:30:00,2.289
2017-08-03 15:15:00,2.285
2017-08-03 15:00:00,2.285
2017-08-03 14:45:00,2.309
2017-08-03 14:30:00,2.324
2017-08-03 14:15:00,2.36
2017-08-03 14:00:00,2.556
2017-08-03 13:45:00,111.393
2017-08-03 13:30:00,122.122
2017-08-03 13:15:00,117.972
2017-08-03 13:00:00,121.069
2017-08-03 12:45:00,117.896
2017-08-03 12:30:00,122.124
2017-08-03 12:15:00,117.477
2017-08-03 12:00:00,122.196
2017-08-03 11:45:00,120.028
2017-08-03 11:30:00,111.625
2017-08-03 11:15:00,122.558
2017-08-03 11:00:00,79.906
2017-08-03 10:45:00,82.114
2017-08-03 10:30:00,72.483
2017-08-03 10:15:00,49.984
2017-08-03 10:00:00,61.799
2017-08-03 09:45:00,40.878
2017-08-03 09:30:00,30.066
2017-08-03 09:15:00,10.777
2017-08-03 09:00:00,4.479
2017-08-03 08:45:00,2.277
2017-08-03 08:30:00,1.777
2017-08-03 08:15:00,1.778
2017-08-03 08:00:00,1.839
2017-08-03 07:45:00,1.823
2017-08-03 07:30:00,1.786
2017-08-03 07:15:00,1.793
2017-08-03 07:00:00,1.797
2017-08-03 06:45:00,1.801
2017-08-03 06:30:00,1.79
2017-08-03 06:15:00,1.786
2017-08-03 06:00:00,1.825
2017-08-03 05:45:00,1.803
2017-08-03 05:30:00,1.748
2017-08-03 05:15:00,1.66
2017-08-03 05:00:00,1.743
2017-08-03 04:45:00,1.738
2017-08-03 04:30:00,1.75
2017-08-03 04:15:00,1.759
2017-08-03 04:00:00,1.783
2017-08-03 03:45:00,1.79
2017-08-03 03:30:00,1.812
2017-08-03 03:15:00,1.805
2017-08-03 03:00:00,1.809
2017-08-03 02:45:00,1.804
2017-08-03 02:30:00,1.784
2017-08-03 02:15:00,1.782
2017-08-03 02:00:00,1.773
2017-08-03 01:45:00,1.724
2017-08-03 01:30:00,1.726
2017-08-03 01:15:00,1.78
2017-08-03 01:00:00,1.77
2017-08-03 00:45:00,1.759
2017-08-03 00:30:00,1.745
2017-08-03 00:15:00,1.728
2017-08-03 00:00:00,1.74
2017-08-02 23:45:00,1.722
2017-08-02 23:30:00,1.769
2017-08-02 23:15:00,1.783
2017-08-02 23:00:00,1.763
2017-08-02 22:45:00,1.779
2017-08-02 22:30:00,1.792
2017-08-02 22:15:00,1.77
2017-08-02 22:00:00,1.738
2017-08-02 21:45:00,1.762
2017-08-02 21:30:00,1.823
2017-08-02 21:15:00,1.833
2017-08-02 21:00:00,1.848
2017-08-02 20:45:00,1.849
2017-08-02 20:30:00,1.361
2017-08-02 20:15:00,-28.703
2017-08-02 20:00:00,-24.52
2017-08-02 19:45:00,-25.963
2017-08-02 19:30:00,-22.043
2017-08-02 19:15:00,-26.786
2017-08-02 19:00:00,-17.336
2017-08-02 18:45:00,-14.197
2017-08-02 18:30:00,-24.047
2017-08-02 18:15:00,-30.311
2017-08-02 18:00:00,-21.897
2017-08-02 17:45:00,-7.84
2017-08-02 17:30:00,-24.774
2017-08-02 17:15:00,-28.608
2017-08-02 17:00:00,-23.362
2017-08-02 16:45:00,-5.843
2017-08-02 16:30:00,5.197
2017-08-02 16:15:00,4.985
2017-08-02 16:00:00,1.98
2017-08-02 15:45:00,32.547
2017-08-02 15:30:00,35.337
2017-08-02 15:15:00,-6.587
2017-08-02 15:00:00,-34.401
2017-08-02 14:45:00,-44.153
2017-08-02 14:30:00,-62.859
2017-08-02 14:15:00,-62.074
2017-08-02 14:00:00,-70.628
2017-08-02 13:45:00,-61.33
2017-08-02 13:30:00,-53.267
2017-08-02 13:15:00,61.45
2017-08-02 13:00:00,-5.47
2017-08-02 12:45:00,46.217
2017-08-02 12:30:00,57.311
2017-08-02 12:15:00,79.979
2017-08-02 12:00:00,73.794
2017-08-02 11:45:00,10.475
2017-08-02 11:30:00,12.336
2017-08-02 11:15:00,55.511
2017-08-02 11:00:00,43.858
2017-08-02 10:45:00,34.364
2017-08-02 10:30:00,28.104
2017-08-02 10:15:00,53.189
2017-08-02 10:00:00,31.464
2017-08-02 09:45:00,7.991
2017-08-02 09:30:00,20.758
2017-08-02 09:15:00,-7.802
2017-08-02 09:00:00,25.394
2017-08-02 08:45:00,-3.778
2017-08-02 08:30:00,-13.645
2017-08-02 08:15:00,-6.333
2017-08-02 08:00:00,-19.907
2017-08-02 07:45:00,-9.806
2017-08-02 07:30:00,-20.279
2017-08-02 07:15:00,-7.92
2017-08-02 07:00:00,-14.424
2017-08-02 06:45:00,-24.666
2017-08-02 06:30:00,-21.083
2017-08-02 06:15:00,-14.988
2017-08-02 06:00:00,-19.725
2017-08-02 05:45:00,-22.699
2017-08-02 05:30:00,-30.755
2017-08-02 05:15:00,-12.997
2017-08-02 05:00:00,0.267
2017-08-02 04:45:00,1.445
2017-08-02 04:30:00,-1.415
2017-08-02 04:15:00,-10.331
2017-08-02 04:00:00,-15.116
2017-08-02 03:45:00,-9.095
2017-08-02 03:30:00,-2.251
2017-08-02 03:15:00,0.384
2017-08-02 03:00:00,-5.45
2017-08-02 02:45:00,-14.191
2017-08-02 02:30:00,-12.342
2017-08-02 02:15:00,-12.075
2017-08-02 02:00:00,-17.529
2017-08-02 01:45:00,-14.185
2017-08-02 01:30:00,-13.694
2017-08-02 01:15:00,-12.525
2017-08-02 01:00:00,-14.901
2017-08-02 00:45:00,-14.886
2017-08-02 00:30:00,-15.854
2017-08-02 00:15:00,-14.077
2017-08-02 00:00:00,-15.199
2017-08-01 23:45:00,-18.664
2017-08-01 23:30:00,-17.842
2017-08-01 23:15:00,-13.174
2017-08-01 23:00:00,-17.186
2017-08-01 22:45:00,-14.432
2017-08-01 22:30:00,-17.223
2017-08-01 22:15:00,-13.946
2017-08-01 22:00:00,-17.44
2017-08-01 21:45:00,-15.94
2017-08-01 21:30:00,-22.817
2017-08-01 21:15:00,-16.989
2017-08-01 21:00:00,-20.345
2017-08-01 20:45:00,-26.841
2017-08-01 20:30:00,-25.739
2017-08-01 20:15:00,-31.632
2017-08-01 20:00:00,-31.125
2017-08-01 19:45:00,-37.24
2017-08-01 19:30:00,-42.364
2017-08-01 19:15:00,-34.277
2017-08-01 19:00:00,-37.573
2017-08-01 18:45:00,-35.234
2017-08-01 18:30:00,-32.137
2017-08-01 18:15:00,-33.252
2017-08-01 18:00:00,-30.731
2017-08-01 17:45:00,-35.985
2017-08-01 17:30:00,-44.062
2017-08-01 17:15:00,-39.041
2017-08-01 17:00:00,-29.187
2017-08-01 16:45:00,-37.326
2017-08-01 16:30:00,-22.482
2017-08-01 16:15:00,6.967
2017-08-01 16:00:00,28.418
2017-08-01 15:45:00,14.004
2017-08-01 15:30:00,2.731
2017-08-01 15:15:00,18.406
2017-08-01 15:00:00,89.773
2017-08-01 14:45:00,87.448
2017-08-01 14:30:00,94.734
2017-08-01 14:15:00,104.311
2017-08-01 14:00:00,81.841
2017-08-01 13:45:00,112.29
2017-08-01 13:30:00,93.113
2017-08-01 13:15:00,119.488
2017-08-01 13:00:00,110.491
2017-08-01 12:45:00,111.672
2017-08-01 12:30:00,115.823
2017-08-01 12:15:00,47.899
2017-08-01 12:00:00,2.446
2017-08-01 11:45:00,7.495
2017-08-01 11:30:00,2.298
2017-08-01 11:15:00,7.697
2017-08-01 11:00:00,23.248
2017-08-01 10:45:00,20.687
2017-08-01 10:30:00,75.806
2017-08-01 10:15:00,68.404
2017-08-01 10:00:00,54.079
2017-08-01 09:45:00,56.307
2017-08-01 09:30:00,54.166
2017-08-01 09:15:00,17.757
2017-08-01 09:00:00,-14.326
2017-08-01 08:45:00,-20.391
2017-08-01 08:30:00,-18.255
2017-08-01 08:15:00,-17.016
2017-08-01 08:00:00,-22.939
2017-08-01 07:45:00,-25.477
2017-08-01 07:30:00,-27.588
2017-08-01 07:15:00,-3.701
2017-08-01 07:00:00,-25.794
2017-08-01 06:45:00,-38.706
2017-08-01 06:30:00,-30.776
2017-08-01 06:15:00,-34.916
2017-08-01 06:00:00,-23.151
2017-08-01 05:45:00,-24.913
2017-08-01 05:30:00,-41.723
2017-08-01 05:15:00,-16.776
2017-08-01 05:00:00,-5.539
2017-08-01 04:45:00,-7.207
2017-08-01 04:30:00,-5.344
2017-08-01 04:15:00,-16.959
2017-08-01 04:00:00,-21.346
2017-08-01 03:45:00,-10.969
2017-08-01 03:30:00,-7.908
2017-08-01 03:15:00,-5.653
2017-08-01 03:00:00,-18.895
2017-08-01 02:45:00,-21.462
2017-08-01 02:30:00,-6.074
2017-08-01 02:15:00,-8.479
2017-08-01 02:00:00,-10.187
2017-08-01 01:45:00,-21.873
2017-08-01 01:30:00,-26.235
2017-08-01 01:15:00,-7.894
2017-08-01 01:00:00,-6.535
2017-08-01 00:45:00,-13.148
2017-08-01 00:30:00,-21.705
2017-08-01 00:15:00,-22.733
2017-08-01 00:00:00,-23.254
2017-07-31 23:45:00,-31.109
2017-07-31 23:30:00,-29.148
2017-07-31 23:15:00,-38.446
2017-07-31 23:00:00,-33.146
2017-07-31 22:45:00,-30.932
2017-07-31 22:30:00,-30.414
2017-07-31 22:15:00,-33.645
2017-07-31 22:00:00,-34.085
2017-07-31 21:45:00,-31.757
2017-07-31 21:30:00,-33.258
2017-07-31 21:15:00,-38.118
2017-07-31 21:00:00,-37.767
2017-07-31 20:45:00,-34.432
2017-07-31 20:30:00,-38.036
2017-07-31 20:15:00,-33.622
2017-07-31 20:00:00,-38.984
2017-07-31 19:45:00,-40.135
2017-07-31 19:30:00,-33.93
2017-07-31 19:15:00,-33.37
2017-07-31 19:00:00,-32.793
2017-07-31 18:45:00,-20.394
2017-07-31 18:30:00,-14.084
2017-07-31 18:15:00,-11.776
2017-07-31 18:00:00,-12.331
2017-07-31 17:45:00,-0.194
2017-07-31 17:30:00,2.222
2017-07-31 17:15:00,2.221
2017-07-31 17:00:00,2.234
2017-07-31 16:45:00,2.252
2017-07-31 16:30:00,2.262
2017-07-31 16:15:00,2.262
2017-07-31 16:00:00,2.27
2017-07-31 15:45:00,2.116
2017-07-31 15:30:00,2.307
2017-07-31 15:15:00,1.511
2017-07-31 15:00:00,2.352
2017-07-31 14:45:00,47.12
2017-07-31 14:30:00,76.445
2017-07-31 14:15:00,78.208
2017-07-31 14:00:00,83.567
2017-07-31 13:45:00,83.621
2017-07-31 13:30:00,85.016
2017-07-31 13:15:00,86.543
2017-07-31 13:00:00,93.328
2017-07-31 12:45:00,96.88
2017-07-31 12:30:00,89.935
2017-07-31 12:15:00,94.802
2017-07-31 12:00:00,95.353
2017-07-31 11:45:00,86.735
2017-07-31 11:30:00,83.435
2017-07-31 11:15:00,75.118
2017-07-31 11:00:00,88.895
2017-07-31 10:45:00,89.303
2017-07-31 10:30:00,62.722
2017-07-31 10:15:00,8.857
2017-07-31 10:00:00,-4.112
2017-07-31 09:45:00,-14.873
2017-07-31 09:30:00,-44.164
2017-07-31 09:15:00,-21.766
2017-07-31 09:00:00,-47.016
2017-07-31 08:45:00,-44.908
2017-07-31 08:30:00,-54.143
2017-07-31 08:15:00,-62.134
2017-07-31 08:00:00,-38.073
2017-07-31 07:45:00,-17.754
2017-07-31 07:30:00,-19.569
2017-07-31 07:15:00,-24.078
2017-07-31 07:00:00,-31.913
2017-07-31 06:45:00,-30.298
2017-07-31 06:30:00,-18.683
2017-07-31 06:15:00,-23.532
2017-07-31 06:00:00,-31.415
2017-07-31 05:45:00,-30.79
2017-07-31 05:30:00,-15.51
2017-07-31 05:15:00,-0.891
2017-07-31 05:00:00,1.432
2017-07-31 04:45:00,1.554
2017-07-31 04:30:00,1.578
2017-07-31 04:15:00,-11.992
2017-07-31 04:00:00,-11.44
2017-07-31 03:45:00,-2.943
2017-07-31 03:30:00,0.55
2017-07-31 03:15:00,1.251
2017-07-31 03:00:00,1.17
2017-07-31 02:45:00,0.549
2017-07-31 02:30:00,-12.682
2017-07-31 02:15:00,-12.236
2017-07-31 02:00:00,-3.323
2017-07-31 01:45:00,0.841
2017-07-31 01:30:00,1.338
2017-07-31 01:15:00,0.359
2017-07-31 01:00:00,-12.961
2017-07-31 00:45:00,-15.289
2017-07-31 00:30:00,-12.82
2017-07-31 00:15:00,-8.825
2017-07-31 00:00:00,1.746
2017-07-30 23:45:00,-0.462
2017-07-30 23:30:00,-10.765
2017-07-30 23:15:00,-15.34
2017-07-30 23:00:00,-15.465
2017-07-30 22:45:00,-16.536
2017-07-30 22:30:00,-15.077
2017-07-30 22:15:00,-18.875
2017-07-30 22:00:00,-21.717
2017-07-30 21:45:00,-47.793
2017-07-30 21:30:00,-45.815
2017-07-30 21:15:00,-34.725
2017-07-30 21:00:00,-30.43
2017-07-30 20:45:00,-31.132
2017-07-30 20:30:00,-30.306
2017-07-30 20:15:00,-32.546
2017-07-30 20:00:00,-33.629
2017-07-30 19:45:00,-33.165
2017-07-30 19:30:00,-30.932
2017-07-30 19:15:00,-32.872
2017-07-30 19:00:00,-27.638
2017-07-30 18:45:00,-21.231
2017-07-30 18:30:00,-11.946
2017-07-30 18:15:00,-0.656
2017-07-30 18:00:00,1.398
2017-07-30 17:45:00,2.163
2017-07-30 17:30:00,2.171
2017-07-30 17:15:00,2.177
2017-07-30 17:00:00,2.182
2017-07-30 16:45:00,2.188
2017-07-30 16:30:00,2.2
2017-07-30 16:15:00,2.199
2017-07-30 16:00:00,2.199
2017-07-30 15:45:00,2.197
2017-07-30 15:30:00,2.198
2017-07-30 15:15:00,2.196
2017-07-30 15:00:00,2.196
2017-07-30 14:45:00,2.201
2017-07-30 14:30:00,2.201
2017-07-30 14:15:00,2.214
2017-07-30 14:00:00,2.236
2017-07-30 13:45:00,2.254
2017-07-30 13:30:00,2.258
2017-07-30 13:15:00,2.268
2017-07-30 13:00:00,2.269
2017-07-30 12:45:00,2.286
2017-07-30 12:30:00,2.301
2017-07-30 12:15:00,2.348
2017-07-30 12:00:00,2.589
2017-07-30 11:45:00,138.699
2017-07-30 11:30:00,148.973
2017-07-30 11:15:00,142.033
2017-07-30 11:00:00,138.355
2017-07-30 10:45:00,131.092
2017-07-30 10:30:00,123.882
2017-07-30 10:15:00,116.225
2017-07-30 10:00:00,108.808
2017-07-30 09:45:00,100.541
2017-07-30 09:30:00,99.931
2017-07-30 09:15:00,61.213
2017-07-30 09:00:00,48.731
2017-07-30 08:45:00,36.987
2017-07-30 08:30:00,13.078
2017-07-30 08:15:00,3.397
2017-07-30 08:00:00,15.967
2017-07-30 07:45:00,6.465
2017-07-30 07:30:00,4.765
2017-07-30 07:15:00,1.522
2017-07-30 07:00:00,-1.029
2017-07-30 06:45:00,-6.398
2017-07-30 06:30:00,-11.45
2017-07-30 06:15:00,-15.826
2017-07-30 06:00:00,-21.255
2017-07-30 05:45:00,-20.795
2017-07-30 05:30:00,-21.119
2017-07-30 05:15:00,-23.736
2017-07-30 05:00:00,-21.037
2017-07-30 04:45:00,-21.638
2017-07-30 04:30:00,-20.884
2017-07-30 04:15:00,-22.104
2017-07-30 04:00:00,-22.166
2017-07-30 03:45:00,-21.599
2017-07-30 03:30:00,-20.613
2017-07-30 03:15:00,-23.522
2017-07-30 03:00:00,-21.752
2017-07-30 02:45:00,-25.551
2017-07-30 02:30:00,-21.872
2017-07-30 02:15:00,-22.771
2017-07-30 02:00:00,-21.438
2017-07-30 01:45:00,-24.04
2017-07-30 01:30:00,-23.3
2017-07-30 01:15:00,-23.122
2017-07-30 01:00:00,-22.535
2017-07-30 00:45:00,-26.347
2017-07-30 00:30:00,-24.015
2017-07-30 00:15:00,-24.413
2017-07-30 00:00:00,-25.529
2017-07-29 23:45:00,-25.875
2017-07-29 23:30:00,-24.584
2017-07-29 23:15:00,-25.237
2017-07-29 23:00:00,-27.882
2017-07-29 22:45:00,-26.673
2017-07-29 22:30:00,-27.623
2017-07-29 22:15:00,-27.992
2017-07-29 22:00:00,-28.0
2017-07-29 21:45:00,-27.663
2017-07-29 21:30:00,-32.124
2017-07-29 21:15:00,-31.86
2017-07-29 21:00:00,-29.312
2017-07-29 20:45:00,-30.97
2017-07-29 20:30:00,-29.17
2017-07-29 20:15:00,-32.51
2017-07-29 20:00:00,-31.463
2017-07-29 19:45:00,-31.366
2017-07-29 19:30:00,-31.358
2017-07-29 19:15:00,-28.641
2017-07-29 19:00:00,-19.681
2017-07-29 18:45:00,-20.298
2017-07-29 18:30:00,-10.635
2017-07-29 18:15:00,-0.851
2017-07-29 18:00:00,2.18
2017-07-29 17:45:00,2.179
2017-07-29 17:30:00,2.177
2017-07-29 17:15:00,2.184
2017-07-29 17:00:00,2.193
2017-07-29 16:45:00,2.207
2017-07-29 16:30:00,2.219
2017-07-29 16:15:00,2.214
2017-07-29 16:00:00,2.209
2017-07-29 15:45:00,2.212
2017-07-29 15:30:00,2.224
2017-07-29 15:15:00,2.232
2017-07-29 15:00:00,2.227
2017-07-29 14:45:00,2.242
2017-07-29 14:30:00,2.256
2017-07-29 14:15:00,2.266
2017-07-29 14:00:00,2.276
2017-07-29 13:45:00,2.282
2017-07-29 13:30:00,2.287
2017-07-29 13:15:00,2.296
2017-07-29 13:00:00,2.306
2017-07-29 12:45:00,2.349
2017-07-29 12:30:00,2.49
2017-07-29 12:15:00,72.928
2017-07-29 12:00:00,151.601
2017-07-29 11:45:00,149.492
2017-07-29 11:30:00,144.586
2017-07-29 11:15:00,138.207
2017-07-29 11:00:00,134.071
2017-07-29 10:45:00,123.898
2017-07-29 10:30:00,122.793
2017-07-29 10:15:00,114.854
2017-07-29 10:00:00,105.829
2017-07-29 09:45:00,97.588
2017-07-29 09:30:00,86.431
2017-07-29 09:15:00,50.842
2017-07-29 09:00:00,20.603
2017-07-29 08:45:00,24.054
2017-07-29 08:30:00,3.174
2017-07-29 08:15:00,1.731
2017-07-29 08:00:00,1.654
2017-07-29 07:45:00,-4.228
2017-07-29 07:30:00,0.54
2017-07-29 07:15:00,-0.125
2017-07-29 07:00:00,-3.602
2017-07-29 06:45:00,-11.885
2017-07-29 06:30:00,-14.696
2017-07-29 06:15:00,-17.33
2017-07-29 06:00:00,-18.581
2017-07-29 05:45:00,-18.257
2017-07-29 05:30:00,-17.853
2017-07-29 05:15:00,-19.005
2017-07-29 05:00:00,-18.815
2017-07-29 04:45:00,-19.147
2017-07-29 04:30:00,-18.448
2017-07-29 04:15:00,-18.239
2017-07-29 04:00:00,-18.393
2017-07-29 03:45:00,-19.072
2017-07-29 03:30:00,-18.387
2017-07-29 03:15:00,-19.143
2017-07-29 03:00:00,-22.59
2017-07-29 02:45:00,-20.406
2017-07-29 02:30:00,-19.587
2017-07-29 02:15:00,-20.176
2017-07-29 02:00:00,-19.376
2017-07-29 01:45:00,-20.971
2017-07-29 01:30:00,-20.484
2017-07-29 01:15:00,-21.137
2017-07-29 01:00:00,-21.648
2017-07-29 00:45:00,-24.967
2017-07-29 00:30:00,-22.99
2017-07-29 00:15:00,-23.391
2017-07-29 00:00:00,-23.144
2017-07-28 23:45:00,-24.559
2017-07-28 23:30:00,-24.129
2017-07-28 23:15:00,-24.1
2017-07-28 23:00:00,-25.331
2017-07-28 22:45:00,-24.509
2017-07-28 22:30:00,-29.124
2017-07-28 22:15:00,-25.339
2017-07-28 22:00:00,-25.577
2017-07-28 21:45:00,-27.51
2017-07-28 21:30:00,-34.452
2017-07-28 21:15:00,-36.01
2017-07-28 21:00:00,-38.731
2017-07-28 20:45:00,-40.899
2017-07-28 20:30:00,-36.092
2017-07-28 20:15:00,-42.68
2017-07-28 20:00:00,-39.199
2017-07-28 19:45:00,-44.338
2017-07-28 19:30:00,-43.129
2017-07-28 19:15:00,-42.41
2017-07-28 19:00:00,-38.45
2017-07-28 18:45:00,-38.652
2017-07-28 18:30:00,-22.632
2017-07-28 18:15:00,-15.521
2017-07-28 18:00:00,-7.248
2017-07-28 17:45:00,1.841
2017-07-28 17:30:00,2.112
2017-07-28 17:15:00,2.106
2017-07-28 17:00:00,2.177
2017-07-28 16:45:00,2.182
2017-07-28 16:30:00,2.188
2017-07-28 16:15:00,2.208
2017-07-28 16:00:00,2.245
2017-07-28 15:45:00,2.255
2017-07-28 15:30:00,2.262
2017-07-28 15:15:00,2.274
2017-07-28 15:00:00,2.28
2017-07-28 14:45:00,2.294
2017-07-28 14:30:00,2.314
2017-07-28 14:15:00,2.332
2017-07-28 14:00:00,2.386
2017-07-28 13:45:00,2.594
2017-07-28 13:30:00,115.57
2017-07-28 13:15:00,137.719
2017-07-28 13:00:00,137.334
2017-07-28 12:45:00,129.814
2017-07-28 12:30:00,128.3
2017-07-28 12:15:00,130.121
2017-07-28 12:00:00,118.158
2017-07-28 11:45:00,123.059
2017-07-28 11:30:00,111.395
2017-07-28 11:15:00,104.214
2017-07-28 11:00:00,102.225
2017-07-28 10:45:00,94.012
2017-07-28 10:30:00,85.435
2017-07-28 10:15:00,81.575
2017-07-28 10:00:00,78.312
2017-07-28 09:45:00,48.348
2017-07-28 09:30:00,5.375
2017-07-28 09:15:00,1.485
2017-07-28 09:00:00,2.989
2017-07-28 08:45:00,1.845
2017-07-28 08:30:00,1.813
2017-07-28 08:15:00,-22.058
2017-07-28 08:00:00,-40.689
2017-07-28 07:45:00,-32.02
2017-07-28 07:30:00,-18.835
2017-07-28 07:15:00,-20.722
2017-07-28 07:00:00,-16.945
2017-07-28 06:45:00,-20.372
2017-07-28 06:30:00,-25.409
2017-07-28 06:15:00,-20.218
2017-07-28 06:00:00,-16.081
2017-07-28 05:45:00,-21.271
2017-07-28 05:30:00,-24.578
2017-07-28 05:15:00,-16.365
2017-07-28 05:00:00,-11.604
2017-07-28 04:45:00,-15.881
2017-07-28 04:30:00,-15.158
2017-07-28 04:15:00,-22.825
2017-07-28 04:00:00,-18.976
2017-07-28 03:45:00,-20.277
2017-07-28 03:30:00,-19.618
2017-07-28 03:15:00,-22.411
2017-07-28 03:00:00,-20.485
2017-07-28 02:45:00,-20.416
2017-07-28 02:30:00,-20.938
2017-07-28 02:15:00,-21.917
2017-07-28 02:00:00,-21.655
2017-07-28 01:45:00,-23.585
2017-07-28 01:30:00,-21.135
2017-07-28 01:15:00,-21.943
2017-07-28 01:00:00,-20.917
2017-07-28 00:45:00,-22.942
2017-07-28 00:30:00,-20.731
2017-07-28 00:15:00,-23.484
2017-07-28 00:00:00,-25.842
2017-07-27 23:45:00,-22.509
2017-07-27 23:30:00,-22.36
2017-07-27 23:15:00,-25.624
2017-07-27 23:00:00,-25.185
2017-07-27 22:45:00,-26.233
2017-07-27 22:30:00,-23.65
2017-07-27 22:15:00,-28.148
2017-07-27 22:00:00,-24.701
2017-07-27 21:45:00,-26.829
2017-07-27 21:30:00,-23.202
2017-07-27 21:15:00,-27.071
2017-07-27 21:00:00,-38.755
2017-07-27 20:45:00,-37.32
2017-07-27 20:30:00,-36.385
2017-07-27 20:15:00,-36.567
2017-07-27 20:00:00,-42.808
2017-07-27 19:45:00,-41.082
2017-07-27 19:30:00,-47.227
2017-07-27 19:15:00,-42.077
2017-07-27 19:00:00,-43.304
2017-07-27 18:45:00,-35.958
2017-07-27 18:30:00,-34.911
2017-07-27 18:15:00,-20.568
2017-07-27 18:00:00,-21.802
2017-07-27 17:45:00,2.016
2017-07-27 17:30:00,2.277
2017-07-27 17:15:00,2.284
2017-07-27 17:00:00,2.278
2017-07-27 16:45:00,2.282
2017-07-27 16:30:00,2.283
2017-07-27 16:15:00,2.284
2017-07-27 16:00:00,2.292
2017-07-27 15:45:00,2.306
2017-07-27 15:30:00,2.315
2017-07-27 15:15:00,2.313
2017-07-27 15:00:00,2.317
2017-07-27 14:45:00,2.322
2017-07-27 14:30:00,2.346
2017-07-27 14:15:00,2.362
2017-07-27 14:00:00,2.398
2017-07-27 13:45:00,6.679
2017-07-27 13:30:00,107.303
2017-07-27 13:15:00,113.274
2017-07-27 13:00:00,120.939
2017-07-27 12:45:00,125.525
2017-07-27 12:30:00,121.23
2017-07-27 12:15:00,117.558
2017-07-27 12:00:00,125.651
2017-07-27 11:45:00,118.8
2017-07-27 11:30:00,114.273
2017-07-27 11:15:00,105.232
2017-07-27 11:00:00,96.233
2017-07-27 10:45:00,96.028
2017-07-27 10:30:00,85.635
2017-07-27 10:15:00,80.808
2017-07-27 10:00:00,73.597
2017-07-27 09:45:00,66.073
2017-07-27 09:30:00,48.587
2017-07-27 09:15:00,11.591
2017-07-27 09:00:00,1.735
2017-07-27 08:45:00,1.751
2017-07-27 08:30:00,-10.913
2017-07-27 08:15:00,-28.797
2017-07-27 08:00:00,-32.558
2017-07-27 07:45:00,-29.288
2017-07-27 07:30:00,-23.168
2017-07-27 07:15:00,-20.321
2017-07-27 07:00:00,-18.601
2017-07-27 06:45:00,-22.963
2017-07-27 06:30:00,-21.985
2017-07-27 06:15:00,-18.373
2017-07-27 06:00:00,-19.578
2017-07-27 05:45:00,-26.76
2017-07-27 05:30:00,-24.104
2017-07-27 05:15:00,-13.139
2017-07-27 05:00:00,-16.844
2017-07-27 04:45:00,-16.666
2017-07-27 04:30:00,-16.854
2017-07-27 04:15:00,-18.961
2017-07-27 04:00:00,-19.873
2017-07-27 03:45:00,-19.854
2017-07-27 03:30:00,-19.523
2017-07-27 03:15:00,-20.312
2017-07-27 03:00:00,-24.158
2017-07-27 02:45:00,-20.851
2017-07-27 02:30:00,-20.108
2017-07-27 02:15:00,-21.888
2017-07-27 02:00:00,-20.193
2017-07-27 01:45:00,-22.438
2017-07-27 01:30:00,-20.256
2017-07-27 01:15:00,-22.918
2017-07-27 01:00:00,-21.22
2017-07-27 00:45:00,-24.19
2017-07-27 00:30:00,-22.582
2017-07-27 00:15:00,-25.838
2017-07-27 00:00:00,-21.246
2017-07-26 23:45:00,-23.073
2017-07-26 23:30:00,-22.326
2017-07-26 23:15:00,-27.119
2017-07-26 23:00:00,-23.843
2017-07-26 22:45:00,-24.545
2017-07-26 22:30:00,-22.629
2017-07-26 22:15:00,-29.038
2017-07-26 22:00:00,-23.133
2017-07-26 21:45:00,-24.824
2017-07-26 21:30:00,-24.991
2017-07-26 21:15:00,-25.415
2017-07-26 21:00:00,-25.682
2017-07-26 20:45:00,-28.037
2017-07-26 20:30:00,-32.533
2017-07-26 20:15:00,-34.984
2017-07-26 20:00:00,-42.617
2017-07-26 19:45:00,-39.291
2017-07-26 19:30:00,-39.859
2017-07-26 19:15:00,-36.759
2017-07-26 19:00:00,-30.659
2017-07-26 18:45:00,-24.354
2017-07-26 18:30:00,-24.634
2017-07-26 18:15:00,-19.695
2017-07-26 18:00:00,-23.089
2017-07-26 17:45:00,-19.932
2017-07-26 17:30:00,-7.416
2017-07-26 17:15:00,-3.122
2017-07-26 17:00:00,-1.883
2017-07-26 16:45:00,-5.196
2017-07-26 16:30:00,-3.235
2017-07-26 16:15:00,0.584
2017-07-26 16:00:00,2.295
2017-07-26 15:45:00,2.302
2017-07-26 15:30:00,2.31
2017-07-26 15:15:00,2.318
2017-07-26 15:00:00,2.319
2017-07-26 14:45:00,2.331
2017-07-26 14:30:00,2.345
2017-07-26 14:15:00,2.359
2017-07-26 14:00:00,2.389
2017-07-26 13:45:00,2.455
2017-07-26 13:30:00,8.075
2017-07-26 13:15:00,148.972
2017-07-26 13:00:00,143.494
2017-07-26 12:45:00,150.732
2017-07-26 12:30:00,144.375
2017-07-26 12:15:00,144.885
2017-07-26 12:00:00,137.312
2017-07-26 11:45:00,134.091
2017-07-26 11:30:00,136.987
2017-07-26 11:15:00,127.231
2017-07-26 11:00:00,125.982
2017-07-26 10:45:00,104.474
2017-07-26 10:30:00,110.479
2017-07-26 10:15:00,54.185
2017-07-26 10:00:00,28.209
2017-07-26 09:45:00,31.947
2017-07-26 09:30:00,5.996
2017-07-26 09:15:00,1.789
2017-07-26 09:00:00,1.739
2017-07-26 08:45:00,1.745
2017-07-26 08:30:00,1.771
2017-07-26 08:15:00,1.77
2017-07-26 08:00:00,1.745
2017-07-26 07:45:00,1.719
2017-07-26 07:30:00,-29.546
2017-07-26 07:15:00,-38.356
2017-07-26 07:00:00,-21.646
2017-07-26 06:45:00,-25.769
2017-07-26 06:30:00,-23.5
2017-07-26 06:15:00,-21.66
2017-07-26 06:00:00,-19.41
2017-07-26 05:45:00,-15.07
2017-07-26 05:30:00,-19.45
2017-07-26 05:15:00,-9.424
2017-07-26 05:00:00,-8.168
2017-07-26 04:45:00,-2.837
2017-07-26 04:30:00,-2.752
2017-07-26 04:15:00,-9.513
2017-07-26 04:00:00,-8.812
2017-07-26 03:45:00,-7.596
2017-07-26 03:30:00,-7.065
2017-07-26 03:15:00,-13.765
2017-07-26 03:00:00,-8.832
2017-07-26 02:45:00,-13.507
2017-07-26 02:30:00,-10.725
2017-07-26 02:15:00,-10.335
2017-07-26 02:00:00,-11.372
2017-07-26 01:45:00,-12.679
2017-07-26 01:30:00,-9.571
2017-07-26 01:15:00,-10.882
2017-07-26 01:00:00,-14.818
2017-07-26 00:45:00,-9.737
2017-07-26 00:30:00,-11.777
2017-07-26 00:15:00,-12.385
2017-07-26 00:00:00,-15.489
2017-07-25 23:45:00,-9.769
2017-07-25 23:30:00,-12.469
2017-07-25 23:15:00,-10.979
2017-07-25 23:00:00,-16.16
2017-07-25 22:45:00,-13.094
2017-07-25 22:30:00,-13.848
2017-07-25 22:15:00,-13.671
2017-07-25 22:00:00,-17.618
2017-07-25 21:45:00,-14.167
2017-07-25 21:30:00,-19.492
2017-07-25 21:15:00,-31.43
2017-07-25 21:00:00,-27.175
2017-07-25 20:45:00,-25.754
2017-07-25 20:30:00,-28.478
2017-07-25 20:15:00,-27.946
2017-07-25 20:00:00,-31.001
2017-07-25 19:45:00,-37.854
2017-07-25 19:30:00,-33.572
2017-07-25 19:15:00,-34.109
2017-07-25 19:00:00,-37.179
2017-07-25 18:45:00,-37.201
2017-07-25 18:30:00,-27.857
2017-07-25 18:15:00,-32.298
2017-07-25 18:00:00,-35.844
2017-07-25 17:45:00,-23.658
2017-07-25 17:30:00,-14.583
2017-07-25 17:15:00,-8.634
2017-07-25 17:00:00,20.523
2017-07-25 16:45:00,4.373
2017-07-25 16:30:00,-35.79
2017-07-25 16:15:00,-12.995
2017-07-25 16:00:00,6.713
2017-07-25 15:45:00,36.282
2017-07-25 15:30:00,14.125
2017-07-25 15:15:00,22.953
2017-07-25 15:00:00,107.659
2017-07-25 14:45:00,100.658
2017-07-25 14:30:00,111.241
2017-07-25 14:15:00,117.612
2017-07-25 14:00:00,119.83
2017-07-25 13:45:00,114.009
2017-07-25 13:30:00,77.825
2017-07-25 13:15:00,65.064
2017-07-25 13:00:00,86.868
2017-07-25 12:45:00,124.732
2017-07-25 12:30:00,78.815
2017-07-25 12:15:00,53.526
2017-07-25 12:00:00,21.543
2017-07-25 11:45:00,51.036
2017-07-25 11:30:00,25.848
2017-07-25 11:15:00,1.888
2017-07-25 11:00:00,1.814
2017-07-25 10:45:00,1.829
2017-07-25 10:30:00,1.845
2017-07-25 10:15:00,1.846
2017-07-25 10:00:00,1.811
2017-07-25 09:45:00,1.803
2017-07-25 09:30:00,1.819
2017-07-25 09:15:00,1.832
2017-07-25 09:00:00,1.83
2017-07-25 08:45:00,1.787
2017-07-25 08:30:00,1.679
2017-07-25 08:15:00,-39.555
2017-07-25 08:00:00,-31.688
2017-07-25 07:45:00,-36.315
2017-07-25 07:30:00,-36.681
2017-07-25 07:15:00,-33.906
2017-07-25 07:00:00,-23.881
2017-07-25 06:45:00,-19.416
2017-07-25 06:30:00,-16.624
2017-07-25 06:15:00,-22.588
2017-07-25 06:00:00,-24.904
2017-07-25 05:45:00,-23.961
2017-07-25 05:30:00,-29.381
2017-07-25 05:15:00,-15.087
2017-07-25 05:00:00,-12.447
2017-07-25 04:45:00,-10.317
2017-07-25 04:30:00,-9.775
2017-07-25 04:15:00,-11.066
2017-07-25 04:00:00,-10.403
2017-07-25 03:45:00,-12.125
2017-07-25 03:30:00,-10.818
2017-07-25 03:15:00,-11.318
2017-07-25 03:00:00,-10.353
2017-07-25 02:45:00,-13.36
2017-07-25 02:30:00,-12.701
2017-07-25 02:15:00,-13.042
2017-07-25 02:00:00,-13.63
2017-07-25 01:45:00,-13.982
2017-07-25 01:30:00,-14.89
2017-07-25 01:15:00,-15.859
2017-07-25 01:00:00,-16.435
2017-07-25 00:45:00,-15.649
2017-07-25 00:30:00,-17.234
2017-07-25 00:15:00,-19.639
2017-07-25 00:00:00,-18.213
2017-07-24 23:45:00,-16.627
2017-07-24 23:30:00,-20.967
2017-07-24 23:15:00,-19.408
2017-07-24 23:00:00,-20.458
2017-07-24 22:45:00,-20.8
2017-07-24 22:30:00,-20.785
2017-07-24 22:15:00,-21.931
2017-07-24 22:00:00,-20.95
2017-07-24 21:45:00,-20.478
2017-07-24 21:30:00,-24.402
2017-07-24 21:15:00,-24.414
2017-07-24 21:00:00,-26.405
2017-07-24 20:45:00,-30.06
2017-07-24 20:30:00,-26.949
2017-07-24 20:15:00,-27.746
2017-07-24 20:00:00,-30.653
2017-07-24 19:45:00,-29.691
2017-07-24 19:30:00,-28.948
2017-07-24 19:15:00,-29.926
2017-07-24 19:00:00,-24.857
2017-07-24 18:45:00,-14.213
2017-07-24 18:30:00,-6.375
2017-07-24 18:15:00,-7.599
2017-07-24 18:00:00,-21.337
2017-07-24 17:45:00,-16.449
2017-07-24 17:30:00,0.718
2017-07-24 17:15:00,9.124
2017-07-24 17:00:00,-10.568
2017-07-24 16:45:00,-25.59
2017-07-24 16:30:00,-6.91
2017-07-24 16:15:00,-21.71
2017-07-24 16:00:00,3.831
2017-07-24 15:45:00,-5.503
2017-07-24 15:30:00,0.849
2017-07-24 15:15:00,53.138
2017-07-24 15:00:00,97.159
2017-07-24 14:45:00,100.28
2017-07-24 14:30:00,83.142
2017-07-24 14:15:00,131.733
2017-07-24 14:00:00,121.085
2017-07-24 13:45:00,134.567
2017-07-24 13:30:00,142.04
2017-07-24 13:15:00,112.248
2017-07-24 13:00:00,57.348
2017-07-24 12:45:00,41.246
2017-07-24 12:30:00,22.954
2017-07-24 12:15:00,17.441
2017-07-24 12:00:00,26.209
2017-07-24 11:45:00,37.333
2017-07-24 11:30:00,28.496
2017-07-24 11:15:00,76.919
2017-07-24 11:00:00,27.306
2017-07-24 10:45:00,19.826
2017-07-24 10:30:00,40.672
2017-07-24 10:15:00,8.776
2017-07-24 10:00:00,29.561
2017-07-24 09:45:00,63.481
2017-07-24 09:30:00,26.176
2017-07-24 09:15:00,0.765
2017-07-24 09:00:00,-17.296
2017-07-24 08:45:00,-35.846
2017-07-24 08:30:00,-44.653
2017-07-24 08:15:00,-40.52
2017-07-24 08:00:00,-32.088
2017-07-24 07:45:00,-29.265
2017-07-24 07:30:00,-41.44
2017-07-24 07:15:00,-37.903
2017-07-24 07:00:00,-30.232
2017-07-24 06:45:00,-37.373
2017-07-24 06:30:00,-42.675
2017-07-24 06:15:00,-33.18
2017-07-24 06:00:00,-29.173
2017-07-24 05:45:00,-29.465
2017-07-24 05:30:00,-29.415
2017-07-24 05:15:00,-29.202
2017-07-24 05:00:00,-16.668
2017-07-24 04:45:00,-15.471
2017-07-24 04:30:00,-14.902
2017-07-24 04:15:00,-12.635
2017-07-24 04:00:00,-12.826
2017-07-24 03:45:00,-17.056
2017-07-24 03:30:00,-13.47
2017-07-24 03:15:00,-13.189
2017-07-24 03:00:00,-18.038
2017-07-24 02:45:00,-13.063
2017-07-24 02:30:00,-14.26
2017-07-24 02:15:00,-18.132
2017-07-24 02:00:00,-15.965
2017-07-24 01:45:00,-15.712
2017-07-24 01:30:00,-20.148
2017-07-24 01:15:00,-16.707
2017-07-24 01:00:00,-17.111
2017-07-24 00:45:00,-19.396
2017-07-24 00:30:00,-17.028
2017-07-24 00:15:00,-18.826
2017-07-24 00:00:00,-19.407
2017-07-23 23:45:00,-18.906
2017-07-23 23:30:00,-22.848
2017-07-23 23:15:00,-18.763
2017-07-23 23:00:00,-22.248
2017-07-23 22:45:00,-19.833
2017-07-23 22:30:00,-21.359
2017-07-23 22:15:00,-32.775
2017-07-23 22:00:00,-29.155
2017-07-23 21:45:00,-24.625
2017-07-23 21:30:00,-28.032
2017-07-23 21:15:00,-28.641
2017-07-23 21:00:00,-28.511
2017-07-23 20:45:00,-29.968
2017-07-23 20:30:00,-27.724
2017-07-23 20:15:00,-33.9
2017-07-23 20:00:00,-27.293
2017-07-23 19:45:00,-35.786
2017-07-23 19:30:00,-29.013
2017-07-23 19:15:00,-33.616
2017-07-23 19:00:00,-28.449
2017-07-23 18:45:00,-23.774
2017-07-23 18:30:00,-14.54
2017-07-23 18:15:00,-2.559
2017-07-23 18:00:00,1.885
2017-07-23 17:45:00,2.249
2017-07-23 17:30:00,2.262
2017-07-23 17:15:00,2.264
2017-07-23 17:00:00,2.269
2017-07-23 16:45:00,2.271
2017-07-23 16:30:00,2.273
2017-07-23 16:15:00,2.276
2017-07-23 16:00:00,2.278
2017-07-23 15:45:00,2.281
2017-07-23 15:30:00,2.288
2017-07-23 15:15:00,2.286
2017-07-23 15:00:00,2.286
2017-07-23 14:45:00,2.279
2017-07-23 14:30:00,2.262
2017-07-23 14:15:00,2.265
2017-07-23 14:00:00,2.278
2017-07-23 13:45:00,2.292
2017-07-23 13:30:00,2.294
2017-07-23 13:15:00,2.298
2017-07-23 13:00:00,2.299
2017-07-23 12:45:00,2.305
2017-07-23 12:30:00,2.317
2017-07-23 12:15:00,2.332
2017-07-23 12:00:00,2.373
2017-07-23 11:45:00,2.573
2017-07-23 11:30:00,125.812
2017-07-23 11:15:00,137.411
2017-07-23 11:00:00,138.104
2017-07-23 10:45:00,134.35
2017-07-23 10:30:00,126.065
2017-07-23 10:15:00,116.94
2017-07-23 10:00:00,111.98
2017-07-23 09:45:00,110.627
2017-07-23 09:30:00,99.935
2017-07-23 09:15:00,95.61
2017-07-23 09:00:00,53.011
2017-07-23 08:45:00,59.317
2017-07-23 08:30:00,48.649
2017-07-23 08:15:00,30.052
2017-07-23 08:00:00,22.963
2017-07-23 07:45:00,8.092
2017-07-23 07:30:00,2.15
2017-07-23 07:15:00,0.167
2017-07-23 07:00:00,-6.007
2017-07-23 06:45:00,-15.37
2017-07-23 06:30:00,-20.943
2017-07-23 06:15:00,-18.623
2017-07-23 06:00:00,-17.972
2017-07-23 05:45:00,-21.33
2017-07-23 05:30:00,-17.039
2017-07-23 05:15:00,-18.971
2017-07-23 05:00:00,-20.549
2017-07-23 04:45:00,-20.252
2017-07-23 04:30:00,-18.655
2017-07-23 04:15:00,-21.909
2017-07-23 04:00:00,-20.801
2017-07-23 03:45:00,-19.474
2017-07-23 03:30:00,-19.976
2017-07-23 03:15:00,-22.068
2017-07-23 03:00:00,-18.255
2017-07-23 02:45:00,-24.193
2017-07-23 02:30:00,-20.12
2017-07-23 02:15:00,-20.391
2017-07-23 02:00:00,-22.888
2017-07-23 01:45:00,-22.905
2017-07-23 01:30:00,-20.857
2017-07-23 01:15:00,-27.126
2017-07-23 01:00:00,-22.491
2017-07-23 00:45:00,-25.269
2017-07-23 00:30:00,-24.239
2017-07-23 00:15:00,-22.151
2017-07-23 00:00:00,-27.123
2017-07-22 23:45:00,-23.603
2017-07-22 23:30:00,-28.672
2017-07-22 23:15:00,-26.319
2017-07-22 23:00:00,-25.859
2017-07-22 22:45:00,-28.347
2017-07-22 22:30:00,-24.614
2017-07-22 22:15:00,-31.329
2017-07-22 22:00:00,-24.117
2017-07-22 21:45:00,-29.717
2017-07-22 21:30:00,-28.716
2017-07-22 21:15:00,-28.451
2017-07-22 21:00:00,-30.761
2017-07-22 20:45:00,-27.792
2017-07-22 20:30:00,-30.219
2017-07-22 20:15:00,-29.862
2017-07-22 20:00:00,-31.743
2017-07-22 19:45:00,-27.697
2017-07-22 19:30:00,-34.802
2017-07-22 19:15:00,-27.075
2017-07-22 19:00:00,-25.245
2017-07-22 18:45:00,-9.56
2017-07-22 18:30:00,-10.345
2017-07-22 18:15:00,-1.747
2017-07-22 18:00:00,-3.567
2017-07-22 17:45:00,2.27
2017-07-22 17:30:00,2.272
2017-07-22 17:15:00,2.277
2017-07-22 17:00:00,2.288
2017-07-22 16:45:00,2.284
2017-07-22 16:30:00,2.28
2017-07-22 16:15:00,2.285
2017-07-22 16:00:00,2.301
2017-07-22 15:45:00,2.296
2017-07-22 15:30:00,2.298
2017-07-22 15:15:00,2.295
2017-07-22 15:00:00,2.297
2017-07-22 14:45:00,2.289
2017-07-22 14:30:00,2.298
2017-07-22 14:15:00,2.294
2017-07-22 14:00:00,2.293
2017-07-22 13:45:00,2.291
2017-07-22 13:30:00,2.306
2017-07-22 13:15:00,2.315
2017-07-22 13:00:00,2.353
2017-07-22 12:45:00,2.461
2017-07-22 12:30:00,41.487
2017-07-22 12:15:00,156.33
2017-07-22 12:00:00,154.287
2017-07-22 11:45:00,146.949
2017-07-22 11:30:00,143.29
2017-07-22 11:15:00,141.525
2017-07-22 11:00:00,127.293
2017-07-22 10:45:00,123.931
2017-07-22 10:30:00,115.23
2017-07-22 10:15:00,111.853
2017-07-22 10:00:00,104.99
2017-07-22 09:45:00,95.354
2017-07-22 09:30:00,86.661
2017-07-22 09:15:00,75.739
2017-07-22 09:00:00,61.147
2017-07-22 08:45:00,40.293
2017-07-22 08:30:00,6.543
2017-07-22 08:15:00,5.167
2017-07-22 08:00:00,2.232
2017-07-22 07:45:00,1.719
2017-07-22 07:30:00,-10.285
2017-07-22 07:15:00,-21.651
2017-07-22 07:00:00,-24.289
2017-07-22 06:45:00,-24.641
2017-07-22 06:30:00,-27.228
2017-07-22 06:15:00,-25.741
2017-07-22 06:00:00,-24.759
2017-07-22 05:45:00,-20.185
2017-07-22 05:30:00,-21.874
2017-07-22 05:15:00,-21.376
2017-07-22 05:00:00,-21.507
2017-07-22 04:45:00,-21.637
2017-07-22 04:30:00,-22.779
2017-07-22 04:15:00,-21.965
2017-07-22 04:00:00,-23.573
2017-07-22 03:45:00,-21.86
2017-07-22 03:30:00,-22.453
2017-07-22 03:15:00,-22.347
2017-07-22 03:00:00,-22.585
2017-07-22 02:45:00,-23.122
2017-07-22 02:30:00,-23.273
2017-07-22 02:15:00,-22.705
2017-07-22 02:00:00,-24.336
2017-07-22 01:45:00,-23.53
2017-07-22 01:30:00,-24.893
2017-07-22 01:15:00,-23.944
2017-07-22 01:00:00,-24.544
2017-07-22 00:45:00,-23.67
2017-07-22 00:30:00,-26.089
2017-07-22 00:15:00,-24.068
2017-07-22 00:00:00,-27.158
2017-07-21 23:45:00,-25.792
2017-07-21 23:30:00,-26.066
2017-07-21 23:15:00,-24.972
2017-07-21 23:00:00,-27.431
2017-07-21 22:45:00,-26.283
2017-07-21 22:30:00,-27.583
2017-07-21 22:15:00,-24.882
2017-07-21 22:00:00,-31.459
2017-07-21 21:45:00,-36.874
2017-07-21 21:30:00,-41.512
2017-07-21 21:15:00,-38.078
2017-07-21 21:00:00,-38.969
2017-07-21 20:45:00,-38.606
2017-07-21 20:30:00,-38.475
2017-07-21 20:15:00,-42.223
2017-07-21 20:00:00,-40.712
2017-07-21 19:45:00,-41.283
2017-07-21 19:30:00,-48.205
2017-07-21 19:15:00,-44.466
2017-07-21 19:00:00,-42.074
2017-07-21 18:45:00,-38.874
2017-07-21 18:30:00,-29.472
2017-07-21 18:15:00,-18.886
2017-07-21 18:00:00,-2.347
2017-07-21 17:45:00,2.101
2017-07-21 17:30:00,2.28
2017-07-21 17:15:00,2.282
2017-07-21 17:00:00,2.287
2017-07-21 16:45:00,2.284
2017-07-21 16:30:00,2.288
2017-07-21 16:15:00,2.298
2017-07-21 16:00:00,2.307
2017-07-21 15:45:00,2.307
2017-07-21 15:30:00,2.319
2017-07-21 15:15:00,2.316
2017-07-21 15:00:00,2.316
2017-07-21 14:45:00,2.317
2017-07-21 14:30:00,2.322
2017-07-21 14:15:00,2.337
2017-07-21 14:00:00,2.36
2017-07-21 13:45:00,2.407
2017-07-21 13:30:00,21.804
2017-07-21 13:15:00,127.193
2017-07-21 13:00:00,123.183
2017-07-21 12:45:00,129.01
2017-07-21 12:30:00,123.136
2017-07-21 12:15:00,129.43
2017-07-21 12:00:00,122.675
2017-07-21 11:45:00,119.699
2017-07-21 11:30:00,116.03
2017-07-21 11:15:00,104.803
2017-07-21 11:00:00,105.054
2017-07-21 10:45:00,91.867
2017-07-21 10:30:00,85.682
2017-07-21 10:15:00,86.25
2017-07-21 10:00:00,73.343
2017-07-21 09:45:00,61.662
2017-07-21 09:30:00,49.934
2017-07-21 09:15:00,44.566
2017-07-21 09:00:00,23.289
2017-07-21 08:45:00,7.46
2017-07-21 08:30:00,-9.192
2017-07-21 08:15:00,-21.083
2017-07-21 08:00:00,-25.167
2017-07-21 07:45:00,-17.695
2017-07-21 07:30:00,-26.294
2017-07-21 07:15:00,-24.154
2017-07-21 07:00:00,-7.742
2017-07-21 06:45:00,-18.557
2017-07-21 06:30:00,-18.636
2017-07-21 06:15:00,-14.206
2017-07-21 06:00:00,-14.63
2017-07-21 05:45:00,-19.255
2017-07-21 05:30:00,-22.218
2017-07-21 05:15:00,-15.366
2017-07-21 05:00:00,-9.448
2017-07-21 04:45:00,-9.941
2017-07-21 04:30:00,-13.72
2017-07-21 04:15:00,-13.39
2017-07-21 04:00:00,-14.304
2017-07-21 03:45:00,-17.23
2017-07-21 03:30:00,-18.283
2017-07-21 03:15:00,-19.557
2017-07-21 03:00:00,-19.127
2017-07-21 02:45:00,-21.469
2017-07-21 02:30:00,-20.912
2017-07-21 02:15:00,-21.287
2017-07-21 02:00:00,-19.804
2017-07-21 01:45:00,-21.356
2017-07-21 01:30:00,-22.839
2017-07-21 01:15:00,-22.599
2017-07-21 01:00:00,-26.254
2017-07-21 00:45:00,-23.17
2017-07-21 00:30:00,-23.716
2017-07-21 00:15:00,-22.404
2017-07-21 00:00:00,-25.531
2017-07-20 23:45:00,-23.343
2017-07-20 23:30:00,-23.495
2017-07-20 23:15:00,-25.391
2017-07-20 23:00:00,-24.044
2017-07-20 22:45:00,-24.148
2017-07-20 22:30:00,-26.457
2017-07-20 22:15:00,-25.696
2017-07-20 22:00:00,-25.931
2017-07-20 21:45:00,-30.719
2017-07-20 21:30:00,-35.524
2017-07-20 21:15:00,-35.629
2017-07-20 21:00:00,-37.246
2017-07-20 20:45:00,-34.155
2017-07-20 20:30:00,-38.675
2017-07-20 20:15:00,-35.917
2017-07-20 20:00:00,-45.38
2017-07-20 19:45:00,-40.525
2017-07-20 19:30:00,-44.999
2017-07-20 19:15:00,-45.246
2017-07-20 19:00:00,-45.715
2017-07-20 18:45:00,-41.844
2017-07-20 18:30:00,-32.794
2017-07-20 18:15:00,-20.677
2017-07-20 18:00:00,-12.687
2017-07-20 17:45:00,-2.138
2017-07-20 17:30:00,2.285
2017-07-20 17:15:00,2.281
2017-07-20 17:00:00,2.283
2017-07-20 16:45:00,2.289
2017-07-20 16:30:00,2.294
2017-07-20 16:15:00,2.292
2017-07-20 16:00:00,2.298
2017-07-20 15:45:00,2.304
2017-07-20 15:30:00,2.317
2017-07-20 15:15:00,2.315
2017-07-20 15:00:00,2.32
2017-07-20 14:45:00,2.328
2017-07-20 14:30:00,2.326
2017-07-20 14:15:00,2.337
2017-07-20 14:00:00,2.359
2017-07-20 13:45:00,2.444
2017-07-20 13:30:00,56.545
2017-07-20 13:15:00,132.878
2017-07-20 13:00:00,130.804
2017-07-20 12:45:00,123.414
2017-07-20 12:30:00,125.869
2017-07-20 12:15:00,114.721
2017-07-20 12:00:00,117.461
2017-07-20 11:45:00,114.516
2017-07-20 11:30:00,110.543
2017-07-20 11:15:00,114.746
2017-07-20 11:00:00,94.612
2017-07-20 10:45:00,93.001
2017-07-20 10:30:00,83.612
2017-07-20 10:15:00,14.715
2017-07-20 10:00:00,17.235
2017-07-20 09:45:00,-4.627
2017-07-20 09:30:00,31.106
2017-07-20 09:15:00,45.998
2017-07-20 09:00:00,20.685
2017-07-20 08:45:00,17.606
2017-07-20 08:30:00,7.387
2017-07-20 08:15:00,-3.681
2017-07-20 08:00:00,-13.185
2017-07-20 07:45:00,-19.636
2017-07-20 07:30:00,-31.646
2017-07-20 07:15:00,-23.848
2017-07-20 07:00:00,-6.23
2017-07-20 06:45:00,-18.828
2017-07-20 06:30:00,-22.685
2017-07-20 06:15:00,-28.939
2017-07-20 06:00:00,-44.044
2017-07-20 05:45:00,-37.204
2017-07-20 05:30:00,-34.451
2017-07-20 05:15:00,-23.521
2017-07-20 05:00:00,-16.731
2017-07-20 04:45:00,-17.038
2017-07-20 04:30:00,-21.079
2017-07-20 04:15:00,-16.43
2017-07-20 04:00:00,-17.78
2017-07-20 03:45:00,-17.783
2017-07-20 03:30:00,-18.165
2017-07-20 03:15:00,-16.99
2017-07-20 03:00:00,-18.599
2017-07-20 02:45:00,-17.751
2017-07-20 02:30:00,-18.794
2017-07-20 02:15:00,-18.742
2017-07-20 02:00:00,-18.59
2017-07-20 01:45:00,-19.838
2017-07-20 01:30:00,-19.104
2017-07-20 01:15:00,-22.002
2017-07-20 01:00:00,-25.684
2017-07-20 00:45:00,-21.77
2017-07-20 00:30:00,-21.267
2017-07-20 00:15:00,-21.735
2017-07-20 00:00:00,-21.388
2017-07-19 23:45:00,-22.312
2017-07-19 23:30:00,-21.535
2017-07-19 23:15:00,-23.732
2017-07-19 23:00:00,-22.927
2017-07-19 22:45:00,-26.234
2017-07-19 22:30:00,-21.526
2017-07-19 22:15:00,-22.812
2017-07-19 22:00:00,-22.707
2017-07-19 21:45:00,-23.613
2017-07-19 21:30:00,-25.666
2017-07-19 21:15:00,-26.909
2017-07-19 21:00:00,-22.312
2017-07-19 20:45:00,-33.482
2017-07-19 20:30:00,-32.027
2017-07-19 20:15:00,-35.577
2017-07-19 20:00:00,-35.382
2017-07-19 19:45:00,-34.698
2017-07-19 19:30:00,-33.256
2017-07-19 19:15:00,-25.919
2017-07-19 19:00:00,-18.212
2017-07-19 18:45:00,-10.91
2017-07-19 18:30:00,-4.272
2017-07-19 18:15:00,-1.804
2017-07-19 18:00:00,-11.7
2017-07-19 17:45:00,-4.083
2017-07-19 17:30:00,2.092
2017-07-19 17:15:00,5.227
2017-07-19 17:00:00,16.908
2017-07-19 16:45:00,-2.431
2017-07-19 16:30:00,1.494
2017-07-19 16:15:00,6.106
2017-07-19 16:00:00,-12.525
2017-07-19 15:45:00,1.762
2017-07-19 15:30:00,3.095
2017-07-19 15:15:00,3.397
2017-07-19 15:00:00,4.569
2017-07-19 14:45:00,-0.793
2017-07-19 14:30:00,2.411
2017-07-19 14:15:00,61.93
2017-07-19 14:00:00,132.039
2017-07-19 13:45:00,117.066
2017-07-19 13:30:00,122.574
2017-07-19 13:15:00,115.6
2017-07-19 13:00:00,111.727
2017-07-19 12:45:00,125.908
2017-07-19 12:30:00,91.597
2017-07-19 12:15:00,53.899
2017-07-19 12:00:00,48.585
2017-07-19 11:45:00,95.595
2017-07-19 11:30:00,126.002
2017-07-19 11:15:00,106.016
2017-07-19 11:00:00,26.52
2017-07-19 10:45:00,35.313
2017-07-19 10:30:00,53.184
2017-07-19 10:15:00,1.957
2017-07-19 10:00:00,37.591
2017-07-19 09:45:00,54.043
2017-07-19 09:30:00,63.109
2017-07-19 09:15:00,40.399
2017-07-19 09:00:00,27.158
2017-07-19 08:45:00,15.227
2017-07-19 08:30:00,10.607
2017-07-19 08:15:00,1.785
2017-07-19 08:00:00,-7.332
2017-07-19 07:45:00,-27.167
2017-07-19 07:30:00,-27.663
2017-07-19 07:15:00,-10.854
2017-07-19 07:00:00,-15.995
2017-07-19 06:45:00,-12.694
2017-07-19 06:30:00,-24.586
2017-07-19 06:15:00,-15.868
2017-07-19 06:00:00,-22.088
2017-07-19 05:45:00,-14.464
2017-07-19 05:30:00,-26.116
2017-07-19 05:15:00,-12.17
2017-07-19 05:00:00,-9.833
2017-07-19 04:45:00,-9.73
2017-07-19 04:30:00,-10.329
2017-07-19 04:15:00,-17.323
2017-07-19 04:00:00,-13.101
2017-07-19 03:45:00,-15.884
2017-07-19 03:30:00,-12.705
2017-07-19 03:15:00,-19.861
2017-07-19 03:00:00,-17.261
2017-07-19 02:45:00,-21.548
2017-07-19 02:30:00,-23.16
2017-07-19 02:15:00,-21.018
2017-07-19 02:00:00,-22.0
2017-07-19 01:45:00,-23.178
2017-07-19 01:30:00,-22.702
2017-07-19 01:15:00,-22.602
2017-07-19 01:00:00,-29.464
2017-07-19 00:45:00,-21.064
2017-07-19 00:30:00,-24.454
2017-07-19 00:15:00,-23.145
2017-07-19 00:00:00,-23.166
2017-07-18 23:45:00,-29.109
2017-07-18 23:30:00,-24.192
2017-07-18 23:15:00,-23.707
2017-07-18 23:00:00,-24.366
2017-07-18 22:45:00,-25.28
2017-07-18 22:30:00,-27.409
2017-07-18 22:15:00,-25.433
2017-07-18 22:00:00,-25.91
2017-07-18 21:45:00,-24.669
2017-07-18 21:30:00,-37.037
2017-07-18 21:15:00,-34.296
2017-07-18 21:00:00,-39.702
2017-07-18 20:45:00,-35.419
2017-07-18 20:30:00,-36.183
2017-07-18 20:15:00,-38.41
2017-07-18 20:00:00,-46.398
2017-07-18 19:45:00,-42.409
2017-07-18 19:30:00,-44.884
2017-07-18 19:15:00,-45.789
2017-07-18 19:00:00,-43.99
2017-07-18 18:45:00,-39.853
2017-07-18 18:30:00,-32.359
2017-07-18 18:15:00,-21.884
2017-07-18 18:00:00,-17.434
2017-07-18 17:45:00,-1.617
2017-07-18 17:30:00,2.108
2017-07-18 17:15:00,-3.394
2017-07-18 17:00:00,2.449
2017-07-18 16:45:00,2.497
2017-07-18 16:30:00,2.526
2017-07-18 16:15:00,2.949
2017-07-18 16:00:00,2.687
2017-07-18 15:45:00,2.715
2017-07-18 15:30:00,3.33
2017-07-18 15:15:00,3.827
2017-07-18 15:00:00,4.8
2017-07-18 14:45:00,9.173
2017-07-18 14:30:00,60.992
2017-07-18 14:15:00,75.272
2017-07-18 14:00:00,76.022
2017-07-18 13:45:00,85.152
2017-07-18 13:30:00,52.031
2017-07-18 13:15:00,10.822
2017-07-18 13:00:00,12.569
2017-07-18 12:45:00,40.306
2017-07-18 12:30:00,79.943
2017-07-18 12:15:00,90.702
2017-07-18 12:00:00,79.455
2017-07-18 11:45:00,84.455
2017-07-18 11:30:00,67.696
2017-07-18 11:15:00,71.281
2017-07-18 11:00:00,80.312
2017-07-18 10:45:00,78.276
2017-07-18 10:30:00,65.59
2017-07-18 10:15:00,66.705
2017-07-18 10:00:00,44.778
2017-07-18 09:45:00,41.767
2017-07-18 09:30:00,23.441
2017-07-18 09:15:00,21.583
2017-07-18 09:00:00,8.209
2017-07-18 08:45:00,2.086
2017-07-18 08:30:00,-11.288
2017-07-18 08:15:00,-34.203
2017-07-18 08:00:00,-42.343
2017-07-18 07:45:00,-34.678
2017-07-18 07:30:00,-29.08
2017-07-18 07:15:00,-17.19
2017-07-18 07:00:00,-21.124
2017-07-18 06:45:00,-19.14
2017-07-18 06:30:00,-27.093
2017-07-18 06:15:00,-13.073
2017-07-18 06:00:00,-17.716
2017-07-18 05:45:00,-11.272
2017-07-18 05:30:00,-25.646
2017-07-18 05:15:00,-17.14
2017-07-18 05:00:00,1.926
2017-07-18 04:45:00,1.798
2017-07-18 04:30:00,0.63
2017-07-18 04:15:00,1.875
2017-07-18 04:00:00,1.744
2017-07-18 03:45:00,-2.518
2017-07-18 03:30:00,-9.284
2017-07-18 03:15:00,0.719
2017-07-18 03:00:00,1.876
2017-07-18 02:45:00,-0.913
2017-07-18 02:30:00,-1.071
2017-07-18 02:15:00,-9.583
2017-07-18 02:00:00,-2.756
2017-07-18 01:45:00,-1.658
2017-07-18 01:30:00,1.492
2017-07-18 01:15:00,-10.446
2017-07-18 01:00:00,-16.515
2017-07-18 00:45:00,-1.137
2017-07-18 00:30:00,1.604
2017-07-18 00:15:00,-14.196
2017-07-18 00:00:00,-14.857
2017-07-17 23:45:00,-14.348
2017-07-17 23:30:00,-18.032
2017-07-17 23:15:00,-14.413
2017-07-17 23:00:00,-34.03
2017-07-17 22:45:00,-39.103
2017-07-17 22:30:00,-45.324
2017-07-17 22:15:00,-44.203
2017-07-17 22:00:00,-50.999
2017-07-17 21:45:00,-33.591
2017-07-17 21:30:00,-38.534
2017-07-17 21:15:00,-33.814
2017-07-17 21:00:00,-38.706
2017-07-17 20:45:00,-34.47
2017-07-17 20:30:00,-37.852
2017-07-17 20:15:00,-34.191
2017-07-17 20:00:00,-41.308
2017-07-17 19:45:00,-34.844
2017-07-17 19:30:00,-42.042
2017-07-17 19:15:00,-28.63
2017-07-17 19:00:00,-31.606
2017-07-17 18:45:00,-18.812
2017-07-17 18:30:00,-15.704
2017-07-17 18:15:00,-3.896
2017-07-17 18:00:00,-16.156
2017-07-17 17:45:00,1.785
2017-07-17 17:30:00,0.243
2017-07-17 17:15:00,2.027
2017-07-17 17:00:00,2.238
2017-07-17 16:45:00,2.25
2017-07-17 16:30:00,2.262
2017-07-17 16:15:00,2.258
2017-07-17 16:00:00,17.389
2017-07-17 15:45:00,31.862
2017-07-17 15:30:00,48.981
2017-07-17 15:15:00,49.642
2017-07-17 15:00:00,52.518
2017-07-17 14:45:00,48.224
2017-07-17 14:30:00,42.729
2017-07-17 14:15:00,47.034
2017-07-17 14:00:00,56.083
2017-07-17 13:45:00,58.236
2017-07-17 13:30:00,59.91
2017-07-17 13:15:00,63.169
2017-07-17 13:00:00,65.882
2017-07-17 12:45:00,67.779
2017-07-17 12:30:00,67.478
2017-07-17 12:15:00,69.791
2017-07-17 12:00:00,69.631
2017-07-17 11:45:00,69.769
2017-07-17 11:30:00,66.759
2017-07-17 11:15:00,52.254
2017-07-17 11:00:00,64.34
2017-07-17 10:45:00,59.416
2017-07-17 10:30:00,59.102
2017-07-17 10:15:00,46.469
2017-07-17 10:00:00,42.416
2017-07-17 09:45:00,33.298
2017-07-17 09:30:00,24.006
2017-07-17 09:15:00,17.724
2017-07-17 09:00:00,21.362
2017-07-17 08:45:00,5.964
2017-07-17 08:30:00,-25.6
2017-07-17 08:15:00,-40.607
2017-07-17 08:00:00,-30.117
2017-07-17 07:45:00,-32.003
2017-07-17 07:30:00,-28.695
2017-07-17 07:15:00,-19.065
2017-07-17 07:00:00,-22.403
2017-07-17 06:45:00,-26.7
2017-07-17 06:30:00,-34.75
2017-07-17 06:15:00,-28.749
2017-07-17 06:00:00,-33.611
2017-07-17 05:45:00,-24.191
2017-07-17 05:30:00,-18.347
2017-07-17 05:15:00,-10.489
2017-07-17 05:00:00,-7.595
2017-07-17 04:45:00,-11.983
2017-07-17 04:30:00,-6.558
2017-07-17 04:15:00,-10.156
2017-07-17 04:00:00,-8.901
2017-07-17 03:45:00,-9.343
2017-07-17 03:30:00,-7.949
2017-07-17 03:15:00,-7.351
2017-07-17 03:00:00,-11.933
2017-07-17 02:45:00,-5.961
2017-07-17 02:30:00,-12.535
2017-07-17 02:15:00,-8.167
2017-07-17 02:00:00,-21.737
2017-07-17 01:45:00,-15.053
2017-07-17 01:30:00,-10.816
2017-07-17 01:15:00,-11.829
2017-07-17 01:00:00,-9.372
2017-07-17 00:45:00,-15.061
2017-07-17 00:30:00,-10.432
2017-07-17 00:15:00,-28.374
2017-07-17 00:00:00,-15.899
2017-07-16 23:45:00,-13.771
2017-07-16 23:30:00,-13.911
2017-07-16 23:15:00,-24.716
2017-07-16 23:00:00,-26.993
2017-07-16 22:45:00,-22.198
2017-07-16 22:30:00,-30.647
2017-07-16 22:15:00,-20.237
2017-07-16 22:00:00,-32.856
2017-07-16 21:45:00,-21.511
2017-07-16 21:30:00,-19.387
2017-07-16 21:15:00,-22.822
2017-07-16 21:00:00,-31.871
2017-07-16 20:45:00,-30.953
2017-07-16 20:30:00,-31.939
2017-07-16 20:15:00,-31.059
2017-07-16 20:00:00,-34.885
2017-07-16 19:45:00,-35.558
2017-07-16 19:30:00,-31.177
2017-07-16 19:15:00,-35.979
2017-07-16 19:00:00,-23.687
2017-07-16 18:45:00,-21.67
2017-07-16 18:30:00,-14.071
2017-07-16 18:15:00,-3.45
2017-07-16 18:00:00,0.916
2017-07-16 17:45:00,2.156
2017-07-16 17:30:00,2.178
2017-07-16 17:15:00,2.179
2017-07-16 17:00:00,2.187
2017-07-16 16:45:00,2.19
2017-07-16 16:30:00,2.181
2017-07-16 16:15:00,2.181
2017-07-16 16:00:00,2.18
2017-07-16 15:45:00,2.175
2017-07-16 15:30:00,2.172
2017-07-16 15:15:00,2.174
2017-07-16 15:00:00,2.172
2017-07-16 14:45:00,2.167
2017-07-16 14:30:00,2.169
2017-07-16 14:15:00,2.173
2017-07-16 14:00:00,2.172
2017-07-16 13:45:00,2.18
2017-07-16 13:30:00,2.199
2017-07-16 13:15:00,2.205
2017-07-16 13:00:00,2.229
2017-07-16 12:45:00,2.253
2017-07-16 12:30:00,2.26
2017-07-16 12:15:00,2.269
2017-07-16 12:00:00,2.298
2017-07-16 11:45:00,47.239
2017-07-16 11:30:00,107.4
2017-07-16 11:15:00,121.544
2017-07-16 11:00:00,70.292
2017-07-16 10:45:00,45.308
2017-07-16 10:30:00,46.404
2017-07-16 10:15:00,60.317
2017-07-16 10:00:00,74.402
2017-07-16 09:45:00,106.971
2017-07-16 09:30:00,94.736
2017-07-16 09:15:00,83.406
2017-07-16 09:00:00,56.454
2017-07-16 08:45:00,32.02
2017-07-16 08:30:00,13.694
2017-07-16 08:15:00,8.585
2017-07-16 08:00:00,2.243
2017-07-16 07:45:00,1.892
2017-07-16 07:30:00,2.439
2017-07-16 07:15:00,2.206
2017-07-16 07:00:00,0.609
2017-07-16 06:45:00,-17.831
2017-07-16 06:30:00,-3.911
2017-07-16 06:15:00,-1.552
2017-07-16 06:00:00,-1.398
2017-07-16 05:45:00,-2.787
2017-07-16 05:30:00,-7.052
2017-07-16 05:15:00,-1.25
2017-07-16 05:00:00,-3.539
2017-07-16 04:45:00,-1.434
2017-07-16 04:30:00,-3.626
2017-07-16 04:15:00,-5.566
2017-07-16 04:00:00,-1.516
2017-07-16 03:45:00,-1.062
2017-07-16 03:30:00,-3.996
2017-07-16 03:15:00,-8.836
2017-07-16 03:00:00,-1.975
2017-07-16 02:45:00,-3.051
2017-07-16 02:30:00,-15.168
2017-07-16 02:15:00,-14.678
2017-07-16 02:00:00,-3.379
2017-07-16 01:45:00,-5.251
2017-07-16 01:30:00,-13.796
2017-07-16 01:15:00,-19.814
2017-07-16 01:00:00,-7.415
2017-07-16 00:45:00,-6.775
2017-07-16 00:30:00,-8.62
2017-07-16 00:15:00,-16.629
2017-07-16 00:00:00,-23.478
2017-07-15 23:45:00,-23.003
2017-07-15 23:30:00,-9.72
2017-07-15 23:15:00,-18.288
2017-07-15 23:00:00,-23.982
2017-07-15 22:45:00,-24.384
2017-07-15 22:30:00,-30.356
2017-07-15 22:15:00,-23.683
2017-07-15 22:00:00,-31.807
2017-07-15 21:45:00,-25.315
2017-07-15 21:30:00,-26.433
2017-07-15 21:15:00,-30.467
2017-07-15 21:00:00,-25.991
2017-07-15 20:45:00,-30.056
2017-07-15 20:30:00,-29.673
2017-07-15 20:15:00,-33.969
2017-07-15 20:00:00,-28.157
2017-07-15 19:45:00,-34.874
2017-07-15 19:30:00,-28.628
2017-07-15 19:15:00,-31.773
2017-07-15 19:00:00,-22.492
2017-07-15 18:45:00,-29.7
2017-07-15 18:30:00,-16.001
2017-07-15 18:15:00,-9.873
2017-07-15 18:00:00,1.823
2017-07-15 17:45:00,2.081
2017-07-15 17:30:00,2.207
2017-07-15 17:15:00,2.204
2017-07-15 17:00:00,2.205
2017-07-15 16:45:00,2.21
2017-07-15 16:30:00,2.214
2017-07-15 16:15:00,2.217
2017-07-15 16:00:00,2.223
2017-07-15 15:45:00,2.227
2017-07-15 15:30:00,2.236
2017-07-15 15:15:00,2.242
2017-07-15 15:00:00,2.247
2017-07-15 14:45:00,2.266
2017-07-15 14:30:00,2.278
2017-07-15 14:15:00,2.287
2017-07-15 14:00:00,2.275
2017-07-15 13:45:00,2.283
2017-07-15 13:30:00,2.289
2017-07-15 13:15:00,2.282
2017-07-15 13:00:00,2.292
2017-07-15 12:45:00,2.298
2017-07-15 12:30:00,2.306
2017-07-15 12:15:00,2.324
2017-07-15 12:00:00,2.365
2017-07-15 11:45:00,2.59
2017-07-15 11:30:00,135.795
2017-07-15 11:15:00,146.23
2017-07-15 11:00:00,142.512
2017-07-15 10:45:00,131.639
2017-07-15 10:30:00,137.637
2017-07-15 10:15:00,105.326
2017-07-15 10:00:00,119.619
2017-07-15 09:45:00,111.891
2017-07-15 09:30:00,111.054
2017-07-15 09:15:00,88.719
2017-07-15 09:00:00,70.224
2017-07-15 08:45:00,63.82
2017-07-15 08:30:00,29.635
2017-07-15 08:15:00,37.837
2017-07-15 08:00:00,40.722
2017-07-15 07:45:00,27.299
2017-07-15 07:30:00,3.901
2017-07-15 07:15:00,0.854
2017-07-15 07:00:00,1.719
2017-07-15 06:45:00,1.703
2017-07-15 06:30:00,1.054
2017-07-15 06:15:00,-19.445
2017-07-15 06:00:00,-21.985
2017-07-15 05:45:00,-12.108
2017-07-15 05:30:00,-9.403
2017-07-15 05:15:00,-15.175
2017-07-15 05:00:00,-20.313
2017-07-15 04:45:00,-20.597
2017-07-15 04:30:00,-20.267
2017-07-15 04:15:00,-20.456
2017-07-15 04:00:00,-20.43
2017-07-15 03:45:00,-19.647
2017-07-15 03:30:00,-22.447
2017-07-15 03:15:00,-18.857
2017-07-15 03:00:00,-24.691
2017-07-15 02:45:00,-22.169
2017-07-15 02:30:00,-20.842
2017-07-15 02:15:00,-21.507
2017-07-15 02:00:00,-23.176
2017-07-15 01:45:00,-20.563
2017-07-15 01:30:00,-22.205
2017-07-15 01:15:00,-22.46
2017-07-15 01:00:00,-22.094
2017-07-15 00:45:00,-22.06
2017-07-15 00:30:00,-24.408
2017-07-15 00:15:00,-22.636
2017-07-15 00:00:00,-24.071
2017-07-14 23:45:00,-30.666
2017-07-14 23:30:00,-26.098
2017-07-14 23:15:00,-24.791
2017-07-14 23:00:00,-26.661
2017-07-14 22:45:00,-25.487
2017-07-14 22:30:00,-26.386
2017-07-14 22:15:00,-28.753
2017-07-14 22:00:00,-29.829
2017-07-14 21:45:00,-28.38
2017-07-14 21:30:00,-29.922
2017-07-14 21:15:00,-40.139
2017-07-14 21:00:00,-40.763
2017-07-14 20:45:00,-40.113
2017-07-14 20:30:00,-41.156
2017-07-14 20:15:00,-40.267
2017-07-14 20:00:00,-42.014
2017-07-14 19:45:00,-46.131
2017-07-14 19:30:00,-42.287
2017-07-14 19:15:00,-43.69
2017-07-14 19:00:00,-43.524
2017-07-14 18:45:00,-34.044
2017-07-14 18:30:00,-24.397
2017-07-14 18:15:00,-12.459
2017-07-14 18:00:00,-4.193
2017-07-14 17:45:00,2.165
2017-07-14 17:30:00,2.189
2017-07-14 17:15:00,2.182
2017-07-14 17:00:00,2.183
2017-07-14 16:45:00,2.185
2017-07-14 16:30:00,2.203
2017-07-14 16:15:00,2.202
2017-07-14 16:00:00,2.214
2017-07-14 15:45:00,2.221
2017-07-14 15:30:00,2.232
2017-07-14 15:15:00,2.224
2017-07-14 15:00:00,2.226
2017-07-14 14:45:00,2.227
2017-07-14 14:30:00,2.228
2017-07-14 14:15:00,2.239
2017-07-14 14:00:00,2.245
2017-07-14 13:45:00,2.24
2017-07-14 13:30:00,2.244
2017-07-14 13:15:00,2.249
2017-07-14 13:00:00,2.258
2017-07-14 12:45:00,2.272
2017-07-14 12:30:00,2.292
2017-07-14 12:15:00,2.309
2017-07-14 12:00:00,2.339
2017-07-14 11:45:00,54.813
2017-07-14 11:30:00,114.095
2017-07-14 11:15:00,105.593
2017-07-14 11:00:00,103.371
2017-07-14 10:45:00,93.127
2017-07-14 10:30:00,94.249
2017-07-14 10:15:00,90.362
2017-07-14 10:00:00,69.789
2017-07-14 09:45:00,46.165
2017-07-14 09:30:00,3.62
2017-07-14 09:15:00,-3.306
2017-07-14 09:00:00,-10.88
2017-07-14 08:45:00,-25.374
2017-07-14 08:30:00,-32.129
2017-07-14 08:15:00,-40.277
2017-07-14 08:00:00,-43.598
2017-07-14 07:45:00,-25.777
2017-07-14 07:30:00,-17.514
2017-07-14 07:15:00,-7.836
2017-07-14 07:00:00,-10.0
2017-07-14 06:45:00,-29.655
2017-07-14 06:30:00,-16.59
2017-07-14 06:15:00,-7.343
2017-07-14 06:00:00,-3.797
2017-07-14 05:45:00,-2.709
2017-07-14 05:30:00,-18.755
2017-07-14 05:15:00,3.093
2017-07-14 05:00:00,5.626
2017-07-14 04:45:00,5.247
2017-07-14 04:30:00,4.86
2017-07-14 04:15:00,2.645
2017-07-14 04:00:00,5.689
2017-07-14 03:45:00,4.199
2017-07-14 03:30:00,6.561
2017-07-14 03:15:00,1.812
2017-07-14 03:00:00,5.228
2017-07-14 02:45:00,5.14
2017-07-14 02:30:00,3.536
2017-07-14 02:15:00,1.733
2017-07-14 02:00:00,5.431
2017-07-14 01:45:00,4.94
2017-07-14 01:30:00,4.056
2017-07-14 01:15:00,1.807
2017-07-14 01:00:00,1.923
2017-07-14 00:45:00,3.106
2017-07-14 00:30:00,2.161
2017-07-14 00:15:00,1.623
2017-07-14 00:00:00,1.142
2017-07-13 23:45:00,1.931
2017-07-13 23:30:00,0.189
2017-07-13 23:15:00,1.697
2017-07-13 23:00:00,1.336
2017-07-13 22:45:00,0.468
2017-07-13 22:30:00,1.761
2017-07-13 22:15:00,0.58
2017-07-13 22:00:00,0.616
2017-07-13 21:45:00,-0.062
2017-07-13 21:30:00,-9.17
2017-07-13 21:15:00,-9.447
2017-07-13 21:00:00,-10.326
2017-07-13 20:45:00,-7.77
2017-07-13 20:30:00,-8.133
2017-07-13 20:15:00,-10.989
2017-07-13 20:00:00,-9.276
2017-07-13 19:45:00,-9.067
2017-07-13 19:30:00,-10.119
2017-07-13 19:15:00,-6.872
2017-07-13 19:00:00,0.148
2017-07-13 18:45:00,1.626
2017-07-13 18:30:00,4.528
2017-07-13 18:15:00,22.096
2017-07-13 18:00:00,29.232
2017-07-13 17:45:00,39.547
2017-07-13 17:30:00,51.404
2017-07-13 17:15:00,52.537
2017-07-13 17:00:00,59.562
2017-07-13 16:45:00,67.344
2017-07-13 16:30:00,71.415
2017-07-13 16:15:00,79.527
2017-07-13 16:00:00,90.783
2017-07-13 15:45:00,104.35
2017-07-13 15:30:00,108.06
2017-07-13 15:15:00,113.332
2017-07-13 15:00:00,121.899
2017-07-13 14:45:00,108.69
2017-07-13 14:30:00,60.945
2017-07-13 14:15:00,-0.986
2017-07-13 14:00:00,-0.902
2017-07-13 13:45:00,-0.435
2017-07-13 13:30:00,-0.26
2017-07-13 13:15:00,0.0
2017-07-13 13:00:00,0.0
2017-07-13 12:45:00,0.0
2017-07-13 12:30:00,0.0
2017-07-13 12:15:00,0.0
2017-07-13 12:00:00,0.0
2017-07-13 11:45:00,0.0
2017-07-13 11:30:00,0.0
2017-07-13 11:15:00,-0.585
2017-07-13 11:00:00,-0.967
2017-07-13 10:45:00,-0.965
2017-07-13 10:30:00,-0.969
2017-07-13 10:15:00,-0.966
2017-07-13 10:00:00,-0.97
2017-07-13 09:45:00,-0.965
2017-07-13 09:30:00,42.934
2017-07-13 09:15:00,41.283
2017-07-13 09:00:00,20.01
2017-07-13 08:45:00,2.848
2017-07-13 08:30:00,0.058
2017-07-13 08:15:00,-17.046
2017-07-13 08:00:00,-6.868
2017-07-13 07:45:00,-12.516
2017-07-13 07:30:00,-21.808
2017-07-13 07:15:00,-10.606
2017-07-13 07:00:00,-3.063
2017-07-13 06:45:00,-10.366
2017-07-13 06:30:00,-21.272
2017-07-13 06:15:00,-41.81
2017-07-13 06:00:00,-28.99
2017-07-13 05:45:00,-34.155
2017-07-13 05:30:00,-32.401
2017-07-13 05:15:00,-32.295
2017-07-13 05:00:00,-10.817
2017-07-13 04:45:00,-6.46
2017-07-13 04:30:00,-2.505
2017-07-13 04:15:00,-17.387
2017-07-13 04:00:00,-15.001
2017-07-13 03:45:00,-4.811
2017-07-13 03:30:00,-3.227
2017-07-13 03:15:00,-16.168
2017-07-13 03:00:00,-19.773
2017-07-13 02:45:00,-7.139
2017-07-13 02:30:00,-6.389
2017-07-13 02:15:00,-7.989
2017-07-13 02:00:00,-22.604
2017-07-13 01:45:00,-20.139
2017-07-13 01:30:00,-9.534
2017-07-13 01:15:00,-7.812
2017-07-13 01:00:00,-19.935
2017-07-13 00:45:00,-24.08
2017-07-13 00:30:00,-22.585
2017-07-13 00:15:00,-24.576
2017-07-13 00:00:00,-23.83
2017-07-12 23:45:00,-23.687
2017-07-12 23:30:00,-24.369
2017-07-12 23:15:00,-24.247
2017-07-12 23:00:00,-24.278
2017-07-12 22:45:00,-23.122
2017-07-12 22:30:00,-26.54
2017-07-12 22:15:00,-24.643
2017-07-12 22:00:00,-23.987
2017-07-12 21:45:00,-27.555
2017-07-12 21:30:00,-31.617
2017-07-12 21:15:00,-35.338
2017-07-12 21:00:00,-36.18
2017-07-12 20:45:00,-36.717
2017-07-12 20:30:00,-33.026
2017-07-12 20:15:00,-43.015
2017-07-12 20:00:00,-44.559
2017-07-12 19:45:00,-44.497
2017-07-12 19:30:00,-45.792
2017-07-12 19:15:00,-48.924
2017-07-12 19:00:00,-43.53
2017-07-12 18:45:00,-34.552
2017-07-12 18:30:00,-27.984
2017-07-12 18:15:00,-25.785
2017-07-12 18:00:00,-28.404
2017-07-12 17:45:00,-16.079
2017-07-12 17:30:00,-2.624
2017-07-12 17:15:00,2.293
2017-07-12 17:00:00,2.308
2017-07-12 16:45:00,2.314
2017-07-12 16:30:00,2.317
2017-07-12 16:15:00,2.328
2017-07-12 16:00:00,2.334
2017-07-12 15:45:00,2.342
2017-07-12 15:30:00,2.34
2017-07-12 15:15:00,2.346
2017-07-12 15:00:00,2.352
2017-07-12 14:45:00,2.358
2017-07-12 14:30:00,2.355
2017-07-12 14:15:00,2.362
2017-07-12 14:00:00,2.373
2017-07-12 13:45:00,2.396
2017-07-12 13:30:00,2.505
2017-07-12 13:15:00,79.379
2017-07-12 13:00:00,115.181
2017-07-12 12:45:00,109.539
2017-07-12 12:30:00,105.569
2017-07-12 12:15:00,110.812
2017-07-12 12:00:00,107.164
2017-07-12 11:45:00,107.387
2017-07-12 11:30:00,99.849
2017-07-12 11:15:00,98.853
2017-07-12 11:00:00,96.605
2017-07-12 10:45:00,92.283
2017-07-12 10:30:00,82.627
2017-07-12 10:15:00,75.325
2017-07-12 10:00:00,70.188
2017-07-12 09:45:00,61.901
2017-07-12 09:30:00,56.939
2017-07-12 09:15:00,47.282
2017-07-12 09:00:00,25.69
2017-07-12 08:45:00,14.993
2017-07-12 08:30:00,8.343
2017-07-12 08:15:00,4.712
2017-07-12 08:00:00,-2.048
2017-07-12 07:45:00,-6.325
2017-07-12 07:30:00,-6.336
2017-07-12 07:15:00,-9.895
2017-07-12 07:00:00,-9.728
2017-07-12 06:45:00,-26.596
2017-07-12 06:30:00,-25.11
2017-07-12 06:15:00,-32.619
2017-07-12 06:00:00,-36.357
2017-07-12 05:45:00,-42.536
2017-07-12 05:30:00,-36.404
2017-07-12 05:15:00,-12.467
2017-07-12 05:00:00,-6.428
2017-07-12 04:45:00,-10.736
2017-07-12 04:30:00,-19.585
2017-07-12 04:15:00,-8.86
2017-07-12 04:00:00,-3.401
2017-07-12 03:45:00,-5.344
2017-07-12 03:30:00,-18.967
2017-07-12 03:15:00,-17.904
2017-07-12 03:00:00,-4.628
2017-07-12 02:45:00,-7.322
2017-07-12 02:30:00,-11.92
2017-07-12 02:15:00,-20.386
2017-07-12 02:00:00,-23.747
2017-07-12 01:45:00,-13.705
2017-07-12 01:30:00,-7.144
2017-07-12 01:15:00,-20.099
2017-07-12 01:00:00,-25.605
2017-07-12 00:45:00,-23.902
2017-07-12 00:30:00,-22.93
2017-07-12 00:15:00,-28.019
2017-07-12 00:00:00,-24.703
2017-07-11 23:45:00,-25.981
2017-07-11 23:30:00,-25.486
2017-07-11 23:15:00,-25.186
2017-07-11 23:00:00,-25.641
2017-07-11 22:45:00,-24.955
2017-07-11 22:30:00,-28.257
2017-07-11 22:15:00,-26.244
2017-07-11 22:00:00,-25.124
2017-07-11 21:45:00,-26.372
2017-07-11 21:30:00,-27.081
2017-07-11 21:15:00,-33.966
2017-07-11 21:00:00,-38.49
2017-07-11 20:45:00,-37.378
2017-07-11 20:30:00,-40.281
2017-07-11 20:15:00,-39.423
2017-07-11 20:00:00,-44.224
2017-07-11 19:45:00,-43.383
2017-07-11 19:30:00,-44.614
2017-07-11 19:15:00,-46.136
2017-07-11 19:00:00,-45.557
2017-07-11 18:45:00,-38.236
2017-07-11 18:30:00,-29.805
2017-07-11 18:15:00,-9.359
2017-07-11 18:00:00,-3.401
2017-07-11 17:45:00,2.283
2017-07-11 17:30:00,2.281
2017-07-11 17:15:00,2.279
2017-07-11 17:00:00,2.285
2017-07-11 16:45:00,2.283
2017-07-11 16:30:00,2.298
2017-07-11 16:15:00,2.279
2017-07-11 16:00:00,2.268
2017-07-11 15:45:00,2.284
2017-07-11 15:30:00,2.31
2017-07-11 15:15:00,2.319
2017-07-11 15:00:00,2.328
2017-07-11 14:45:00,2.325
2017-07-11 14:30:00,2.322
2017-07-11 14:15:00,2.319
2017-07-11 14:00:00,2.321
2017-07-11 13:45:00,2.339
2017-07-11 13:30:00,2.357
2017-07-11 13:15:00,2.418
2017-07-11 13:00:00,13.216
2017-07-11 12:45:00,129.003
2017-07-11 12:30:00,131.954
2017-07-11 12:15:00,123.794
2017-07-11 12:00:00,120.43
2017-07-11 11:45:00,122.909
2017-07-11 11:30:00,115.752
2017-07-11 11:15:00,108.392
2017-07-11 11:00:00,105.377
2017-07-11 10:45:00,99.006
2017-07-11 10:30:00,90.823
2017-07-11 10:15:00,84.514
2017-07-11 10:00:00,74.561
2017-07-11 09:45:00,71.552
2017-07-11 09:30:00,62.221
2017-07-11 09:15:00,50.239
2017-07-11 09:00:00,43.623
2017-07-11 08:45:00,23.301
2017-07-11 08:30:00,13.346
2017-07-11 08:15:00,2.476
2017-07-11 08:00:00,-12.49
2017-07-11 07:45:00,-8.982
2017-07-11 07:30:00,-9.157
2017-07-11 07:15:00,-10.924
2017-07-11 07:00:00,-11.402
2017-07-11 06:45:00,-12.189
2017-07-11 06:30:00,-6.698
2017-07-11 06:15:00,-2.52
2017-07-11 06:00:00,-16.019
2017-07-11 05:45:00,-24.925
2017-07-11 05:30:00,-28.21
2017-07-11 05:15:00,-16.628
2017-07-11 05:00:00,-14.72
2017-07-11 04:45:00,-21.236
2017-07-11 04:30:00,-10.951
2017-07-11 04:15:00,-6.821
2017-07-11 04:00:00,-9.484
2017-07-11 03:45:00,-21.139
2017-07-11 03:30:00,-22.479
2017-07-11 03:15:00,-7.816
2017-07-11 03:00:00,-11.32
2017-07-11 02:45:00,-10.194
2017-07-11 02:30:00,-24.321
2017-07-11 02:15:00,-22.613
2017-07-11 02:00:00,-12.788
2017-07-11 01:45:00,-9.44
2017-07-11 01:30:00,-24.549
2017-07-11 01:15:00,-23.538
2017-07-11 01:00:00,-28.851
2017-07-11 00:45:00,-25.621
2017-07-11 00:30:00,-27.968
2017-07-11 00:15:00,-28.415
2017-07-11 00:00:00,-27.909
2017-07-10 23:45:00,-29.149
2017-07-10 23:30:00,-28.303
2017-07-10 23:15:00,-27.714
2017-07-10 23:00:00,-30.462
2017-07-10 22:45:00,-27.635
2017-07-10 22:30:00,-40.07
2017-07-10 22:15:00,-31.453
2017-07-10 22:00:00,-35.525
2017-07-10 21:45:00,-32.871
2017-07-10 21:30:00,-36.667
2017-07-10 21:15:00,-33.947
2017-07-10 21:00:00,-37.285
2017-07-10 20:45:00,-34.037
2017-07-10 20:30:00,-37.563
2017-07-10 20:15:00,-36.164
2017-07-10 20:00:00,-39.415
2017-07-10 19:45:00,-43.914
2017-07-10 19:30:00,-42.939
2017-07-10 19:15:00,-43.714
2017-07-10 19:00:00,-41.122
2017-07-10 18:45:00,-32.61
2017-07-10 18:30:00,-22.232
2017-07-10 18:15:00,-11.264
2017-07-10 18:00:00,-5.87
2017-07-10 17:45:00,2.237
2017-07-10 17:30:00,2.271
2017-07-10 17:15:00,2.275
2017-07-10 17:00:00,2.278
2017-07-10 16:45:00,2.287
2017-07-10 16:30:00,2.293
2017-07-10 16:15:00,2.299
2017-07-10 16:00:00,2.301
2017-07-10 15:45:00,2.312
2017-07-10 15:30:00,2.31
2017-07-10 15:15:00,2.309
2017-07-10 15:00:00,2.316
2017-07-10 14:45:00,2.324
2017-07-10 14:30:00,2.322
2017-07-10 14:15:00,2.349
2017-07-10 14:00:00,2.402
2017-07-10 13:45:00,33.853
2017-07-10 13:30:00,92.161
2017-07-10 13:15:00,94.563
2017-07-10 13:00:00,94.843
2017-07-10 12:45:00,93.086
2017-07-10 12:30:00,93.041
2017-07-10 12:15:00,91.337
2017-07-10 12:00:00,95.239
2017-07-10 11:45:00,90.981
2017-07-10 11:30:00,87.035
2017-07-10 11:15:00,77.836
2017-07-10 11:00:00,94.651
2017-07-10 10:45:00,85.713
2017-07-10 10:30:00,83.178
2017-07-10 10:15:00,77.604
2017-07-10 10:00:00,66.988
2017-07-10 09:45:00,63.326
2017-07-10 09:30:00,39.802
2017-07-10 09:15:00,40.341
2017-07-10 09:00:00,28.184
2017-07-10 08:45:00,13.3
2017-07-10 08:30:00,6.193
2017-07-10 08:15:00,3.896
2017-07-10 08:00:00,1.76
2017-07-10 07:45:00,-2.285
2017-07-10 07:30:00,-3.207
2017-07-10 07:15:00,-8.824
2017-07-10 07:00:00,-37.355
2017-07-10 06:45:00,-38.019
2017-07-10 06:30:00,-34.026
2017-07-10 06:15:00,-32.802
2017-07-10 06:00:00,-34.321
2017-07-10 05:45:00,-31.803
2017-07-10 05:30:00,-30.026
2017-07-10 05:15:00,-16.748
2017-07-10 05:00:00,-20.213
2017-07-10 04:45:00,-7.948
2017-07-10 04:30:00,-8.121
2017-07-10 04:15:00,-7.974
2017-07-10 04:00:00,-12.579
2017-07-10 03:45:00,-21.906
2017-07-10 03:30:00,-12.45
2017-07-10 03:15:00,-10.987
2017-07-10 03:00:00,-7.851
2017-07-10 02:45:00,-19.204
2017-07-10 02:30:00,-25.075
2017-07-10 02:15:00,-10.294
2017-07-10 02:00:00,-11.633
2017-07-10 01:45:00,-12.595
2017-07-10 01:30:00,-25.413
2017-07-10 01:15:00,-21.081
2017-07-10 01:00:00,-11.27
2017-07-10 00:45:00,-12.908
2017-07-10 00:30:00,-27.839
2017-07-10 00:15:00,-26.187
2017-07-10 00:00:00,-18.031
2017-07-09 23:45:00,-16.583
2017-07-09 23:30:00,-24.415
2017-07-09 23:15:00,-30.531
2017-07-09 23:00:00,-30.606
2017-07-09 22:45:00,-28.508
2017-07-09 22:30:00,-28.906
2017-07-09 22:15:00,-29.919
2017-07-09 22:00:00,-29.908
2017-07-09 21:45:00,-31.938
2017-07-09 21:30:00,-28.464
2017-07-09 21:15:00,-30.238
2017-07-09 21:00:00,-30.898
2017-07-09 20:45:00,-32.841
2017-07-09 20:30:00,-29.445
2017-07-09 20:15:00,-34.019
2017-07-09 20:00:00,-37.42
2017-07-09 19:45:00,-30.377
2017-07-09 19:30:00,-28.03
2017-07-09 19:15:00,-24.22
2017-07-09 19:00:00,-15.578
2017-07-09 18:45:00,-23.056
2017-07-09 18:30:00,-28.794
2017-07-09 18:15:00,-3.948
2017-07-09 18:00:00,1.064
2017-07-09 17:45:00,-0.511
2017-07-09 17:30:00,1.723
2017-07-09 17:15:00,2.185
2017-07-09 17:00:00,2.769
2017-07-09 16:45:00,2.202
2017-07-09 16:30:00,2.203
2017-07-09 16:15:00,2.206
2017-07-09 16:00:00,3.026
2017-07-09 15:45:00,2.228
2017-07-09 15:30:00,2.58
2017-07-09 15:15:00,2.213
2017-07-09 15:00:00,2.222
2017-07-09 14:45:00,2.237
2017-07-09 14:30:00,3.108
2017-07-09 14:15:00,3.006
2017-07-09 14:00:00,2.246
2017-07-09 13:45:00,3.275
2017-07-09 13:30:00,3.077
2017-07-09 13:15:00,3.337
2017-07-09 13:00:00,3.882
2017-07-09 12:45:00,5.516
2017-07-09 12:30:00,19.003
2017-07-09 12:15:00,127.816
2017-07-09 12:00:00,162.59
2017-07-09 11:45:00,112.601
2017-07-09 11:30:00,32.216
2017-07-09 11:15:00,24.625
2017-07-09 11:00:00,124.286
2017-07-09 10:45:00,101.088
2017-07-09 10:30:00,99.139
2017-07-09 10:15:00,51.871
2017-07-09 10:00:00,100.104
2017-07-09 09:45:00,82.136
2017-07-09 09:30:00,65.183
2017-07-09 09:15:00,12.517
2017-07-09 09:00:00,21.238
2017-07-09 08:45:00,33.282
2017-07-09 08:30:00,29.075
2017-07-09 08:15:00,33.189
2017-07-09 08:00:00,9.728
2017-07-09 07:45:00,-0.86
2017-07-09 07:30:00,1.598
2017-07-09 07:15:00,1.843
2017-07-09 07:00:00,1.847
2017-07-09 06:45:00,-1.378
2017-07-09 06:30:00,-10.262
2017-07-09 06:15:00,-21.352
2017-07-09 06:00:00,-7.322
2017-07-09 05:45:00,-6.807
2017-07-09 05:30:00,-6.079
2017-07-09 05:15:00,-7.134
2017-07-09 05:00:00,-7.665
2017-07-09 04:45:00,-8.738
2017-07-09 04:30:00,-12.212
2017-07-09 04:15:00,-20.687
2017-07-09 04:00:00,-20.744
2017-07-09 03:45:00,-13.967
2017-07-09 03:30:00,-14.357
2017-07-09 03:15:00,-11.554
2017-07-09 03:00:00,-12.31
2017-07-09 02:45:00,-22.094
2017-07-09 02:30:00,-19.233
2017-07-09 02:15:00,-8.606
2017-07-09 02:00:00,-9.108
2017-07-09 01:45:00,-16.017
2017-07-09 01:30:00,-29.118
2017-07-09 01:15:00,-32.57
2017-07-09 01:00:00,-20.016
2017-07-09 00:45:00,-11.846
2017-07-09 00:30:00,-18.552
2017-07-09 00:15:00,-24.852
2017-07-09 00:00:00,-19.589
2017-07-08 23:45:00,-11.03
2017-07-08 23:30:00,-20.516
2017-07-08 23:15:00,-25.868
2017-07-08 23:00:00,-28.382
2017-07-08 22:45:00,-26.948
2017-07-08 22:30:00,-29.069
2017-07-08 22:15:00,-29.91
2017-07-08 22:00:00,-27.308
2017-07-08 21:45:00,-28.791
2017-07-08 21:30:00,-28.984
2017-07-08 21:15:00,-29.918
2017-07-08 21:00:00,-29.583
2017-07-08 20:45:00,-30.942
2017-07-08 20:30:00,-28.567
2017-07-08 20:15:00,-32.55
2017-07-08 20:00:00,-30.453
2017-07-08 19:45:00,-31.091
2017-07-08 19:30:00,-31.994
2017-07-08 19:15:00,-27.959
2017-07-08 19:00:00,-19.353
2017-07-08 18:45:00,-21.939
2017-07-08 18:30:00,-16.765
2017-07-08 18:15:00,-2.291
2017-07-08 18:00:00,1.559
2017-07-08 17:45:00,-9.45
2017-07-08 17:30:00,-1.086
2017-07-08 17:15:00,7.375
2017-07-08 17:00:00,-2.68
2017-07-08 16:45:00,-4.037
2017-07-08 16:30:00,8.809
2017-07-08 16:15:00,15.248
2017-07-08 16:00:00,-9.987
2017-07-08 15:45:00,-11.077
2017-07-08 15:30:00,2.227
2017-07-08 15:15:00,2.218
2017-07-08 15:00:00,2.53
2017-07-08 14:45:00,2.246
2017-07-08 14:30:00,2.254
2017-07-08 14:15:00,2.264
2017-07-08 14:00:00,2.265
2017-07-08 13:45:00,3.927
2017-07-08 13:30:00,2.734
2017-07-08 13:15:00,2.282
2017-07-08 13:00:00,4.051
2017-07-08 12:45:00,3.133
2017-07-08 12:30:00,5.135
2017-07-08 12:15:00,8.138
2017-07-08 12:00:00,76.253
2017-07-08 11:45:00,134.374
2017-07-08 11:30:00,134.757
2017-07-08 11:15:00,138.098
2017-07-08 11:00:00,118.297
2017-07-08 10:45:00,128.691
2017-07-08 10:30:00,124.638
2017-07-08 10:15:00,116.605
2017-07-08 10:00:00,100.296
2017-07-08 09:45:00,109.736
2017-07-08 09:30:00,46.157
2017-07-08 09:15:00,37.822
2017-07-08 09:00:00,42.128
2017-07-08 08:45:00,65.45
2017-07-08 08:30:00,48.63
2017-07-08 08:15:00,13.233
2017-07-08 08:00:00,21.551
2017-07-08 07:45:00,2.842
2017-07-08 07:30:00,1.966
2017-07-08 07:15:00,0.427
2017-07-08 07:00:00,-3.937
2017-07-08 06:45:00,0.45
2017-07-08 06:30:00,-3.987
2017-07-08 06:15:00,-13.506
2017-07-08 06:00:00,-22.696
2017-07-08 05:45:00,-7.166
2017-07-08 05:30:00,-5.611
2017-07-08 05:15:00,-10.63
2017-07-08 05:00:00,-21.354
2017-07-08 04:45:00,-17.158
2017-07-08 04:30:00,-7.654
2017-07-08 04:15:00,-6.096
2017-07-08 04:00:00,-18.476
2017-07-08 03:45:00,-24.246
2017-07-08 03:30:00,-14.908
2017-07-08 03:15:00,-12.019
2017-07-08 03:00:00,-19.427
2017-07-08 02:45:00,-25.387
2017-07-08 02:30:00,-24.798
2017-07-08 02:15:00,-25.312
2017-07-08 02:00:00,-27.961
2017-07-08 01:45:00,-26.212
2017-07-08 01:30:00,-23.516
2017-07-08 01:15:00,-27.438
2017-07-08 01:00:00,-28.597
2017-07-08 00:45:00,-26.964
2017-07-08 00:30:00,-29.647
2017-07-08 00:15:00,-29.515
2017-07-08 00:00:00,-26.772
2017-07-07 23:45:00,-29.793
2017-07-07 23:30:00,-31.424
2017-07-07 23:15:00,-28.199
2017-07-07 23:00:00,-29.713
2017-07-07 22:45:00,-30.566
2017-07-07 22:30:00,-27.676
2017-07-07 22:15:00,-37.181
2017-07-07 22:00:00,-40.509
2017-07-07 21:45:00,-40.512
2017-07-07 21:30:00,-39.486
2017-07-07 21:15:00,-41.926
2017-07-07 21:00:00,-38.775
2017-07-07 20:45:00,-42.68
2017-07-07 20:30:00,-43.784
2017-07-07 20:15:00,-42.312
2017-07-07 20:00:00,-45.738
2017-07-07 19:45:00,-44.792
2017-07-07 19:30:00,-37.242
2017-07-07 19:15:00,-37.478
2017-07-07 19:00:00,-37.064
2017-07-07 18:45:00,-28.913
2017-07-07 18:30:00,-26.807
2017-07-07 18:15:00,-11.425
2017-07-07 18:00:00,0.982
2017-07-07 17:45:00,2.249
2017-07-07 17:30:00,2.259
2017-07-07 17:15:00,2.273
2017-07-07 17:00:00,2.284
2017-07-07 16:45:00,2.282
2017-07-07 16:30:00,2.292
2017-07-07 16:15:00,2.307
2017-07-07 16:00:00,14.599
2017-07-07 15:45:00,49.222
2017-07-07 15:30:00,53.244
2017-07-07 15:15:00,74.134
2017-07-07 15:00:00,70.892
2017-07-07 14:45:00,67.137
2017-07-07 14:30:00,56.547
2017-07-07 14:15:00,59.262
2017-07-07 14:00:00,64.073
2017-07-07 13:45:00,68.816
2017-07-07 13:30:00,62.35
2017-07-07 13:15:00,61.95
2017-07-07 13:00:00,61.065
2017-07-07 12:45:00,60.477
2017-07-07 12:30:00,65.734
2017-07-07 12:15:00,67.139
2017-07-07 12:00:00,63.816
2017-07-07 11:45:00,63.692
2017-07-07 11:30:00,58.911
2017-07-07 11:15:00,58.524
2017-07-07 11:00:00,72.66
2017-07-07 10:45:00,66.815
2017-07-07 10:30:00,12.672
2017-07-07 10:15:00,-51.211
2017-07-07 10:00:00,6.894
2017-07-07 09:45:00,35.649
2017-07-07 09:30:00,20.08
2017-07-07 09:15:00,12.817
2017-07-07 09:00:00,4.752
2017-07-07 08:45:00,1.983
2017-07-07 08:30:00,-3.9
2017-07-07 08:15:00,-6.868
2017-07-07 08:00:00,-1.881
2017-07-07 07:45:00,1.25
2017-07-07 07:30:00,-10.227
2017-07-07 07:15:00,-20.731
2017-07-07 07:00:00,-24.11
2017-07-07 06:45:00,-27.88
2017-07-07 06:30:00,-32.253
2017-07-07 06:15:00,-32.5
2017-07-07 06:00:00,-32.107
2017-07-07 05:45:00,-27.074
2017-07-07 05:30:00,-28.414
2017-07-07 05:15:00,-2.635
2017-07-07 05:00:00,-2.194
2017-07-07 04:45:00,0.011
2017-07-07 04:30:00,-1.548
2017-07-07 04:15:00,-0.894
2017-07-07 04:00:00,-0.368
2017-07-07 03:45:00,-2.77
2017-07-07 03:30:00,-2.049
2017-07-07 03:15:00,-1.56
2017-07-07 03:00:00,-1.929
2017-07-07 02:45:00,-3.422
2017-07-07 02:30:00,-15.434
2017-07-07 02:15:00,-3.849
2017-07-07 02:00:00,-2.282
2017-07-07 01:45:00,-0.596
2017-07-07 01:30:00,-13.071
2017-07-07 01:15:00,-14.513
2017-07-07 01:00:00,-1.152
2017-07-07 00:45:00,-5.473
2017-07-07 00:30:00,-14.119
2017-07-07 00:15:00,-16.175
2017-07-07 00:00:00,-3.425
2017-07-06 23:45:00,-6.335
2017-07-06 23:30:00,-20.159
2017-07-06 23:15:00,-22.088
2017-07-06 23:00:00,-20.735
2017-07-06 22:45:00,-21.619
2017-07-06 22:30:00,-20.389
2017-07-06 22:15:00,-21.403
2017-07-06 22:00:00,-22.926
2017-07-06 21:45:00,-23.246
2017-07-06 21:30:00,-23.163
2017-07-06 21:15:00,-32.317
2017-07-06 21:00:00,-30.518
2017-07-06 20:45:00,-31.942
2017-07-06 20:30:00,-36.702
2017-07-06 20:15:00,-38.25
2017-07-06 20:00:00,-40.338
2017-07-06 19:45:00,-43.771
2017-07-06 19:30:00,-38.636
2017-07-06 19:15:00,-39.697
2017-07-06 19:00:00,-37.249
2017-07-06 18:45:00,-30.382
2017-07-06 18:30:00,-24.531
2017-07-06 18:15:00,-18.811
2017-07-06 18:00:00,-26.015
2017-07-06 17:45:00,-9.978
2017-07-06 17:30:00,1.33
2017-07-06 17:15:00,2.244
2017-07-06 17:00:00,10.604
2017-07-06 16:45:00,20.888
2017-07-06 16:30:00,7.932
2017-07-06 16:15:00,-31.285
2017-07-06 16:00:00,-44.535
2017-07-06 15:45:00,-6.999
2017-07-06 15:30:00,28.869
2017-07-06 15:15:00,73.567
2017-07-06 15:00:00,60.895
2017-07-06 14:45:00,50.823
2017-07-06 14:30:00,54.298
2017-07-06 14:15:00,64.534
2017-07-06 14:00:00,52.46
2017-07-06 13:45:00,49.366
2017-07-06 13:30:00,58.322
2017-07-06 13:15:00,67.604
2017-07-06 13:00:00,79.384
2017-07-06 12:45:00,79.935
2017-07-06 12:30:00,74.965
2017-07-06 12:15:00,68.117
2017-07-06 12:00:00,69.431
2017-07-06 11:45:00,68.849
2017-07-06 11:30:00,62.007
2017-07-06 11:15:00,54.48
2017-07-06 11:00:00,73.53
2017-07-06 10:45:00,66.498
2017-07-06 10:30:00,60.023
2017-07-06 10:15:00,51.592
2017-07-06 10:00:00,41.369
2017-07-06 09:45:00,31.584
2017-07-06 09:30:00,27.559
2017-07-06 09:15:00,14.138
2017-07-06 09:00:00,4.612
2017-07-06 08:45:00,7.609
2017-07-06 08:30:00,1.799
2017-07-06 08:15:00,-14.811
2017-07-06 08:00:00,-28.496
2017-07-06 07:45:00,-29.102
2017-07-06 07:30:00,-41.058
2017-07-06 07:15:00,-37.427
2017-07-06 07:00:00,-24.43
2017-07-06 06:45:00,-29.534
2017-07-06 06:30:00,-34.339
2017-07-06 06:15:00,-34.965
2017-07-06 06:00:00,-34.82
2017-07-06 05:45:00,-32.453
2017-07-06 05:30:00,-28.08
2017-07-06 05:15:00,-5.339
2017-07-06 05:00:00,-5.154
2017-07-06 04:45:00,-11.222
2017-07-06 04:30:00,-6.959
2017-07-06 04:15:00,-5.711
2017-07-06 04:00:00,-8.088
2017-07-06 03:45:00,-7.271
2017-07-06 03:30:00,-6.977
2017-07-06 03:15:00,-6.497
2017-07-06 03:00:00,-7.54
2017-07-06 02:45:00,-9.821
2017-07-06 02:30:00,-7.982
2017-07-06 02:15:00,-6.681
2017-07-06 02:00:00,-11.048
2017-07-06 01:45:00,-8.588
2017-07-06 01:30:00,-5.693
2017-07-06 01:15:00,-9.146
2017-07-06 01:00:00,-11.289
2017-07-06 00:45:00,-9.085
2017-07-06 00:30:00,-11.632
2017-07-06 00:15:00,-8.954
2017-07-06 00:00:00,-11.799
2017-07-05 23:45:00,-26.339
2017-07-05 23:30:00,-16.494
2017-07-05 23:15:00,-13.446
2017-07-05 23:00:00,-13.531
2017-07-05 22:45:00,-13.595
2017-07-05 22:30:00,-23.672
2017-07-05 22:15:00,-31.002
2017-07-05 22:00:00,-26.605
2017-07-05 21:45:00,-30.812
2017-07-05 21:30:00,-27.747
2017-07-05 21:15:00,-31.674
2017-07-05 21:00:00,-29.215
2017-07-05 20:45:00,-32.333
2017-07-05 20:30:00,-31.649
2017-07-05 20:15:00,-31.659
2017-07-05 20:00:00,-42.602
2017-07-05 19:45:00,-44.928
2017-07-05 19:30:00,-46.009
2017-07-05 19:15:00,-48.315
2017-07-05 19:00:00,-41.106
2017-07-05 18:45:00,-24.568
2017-07-05 18:30:00,-14.393
2017-07-05 18:15:00,-9.909
2017-07-05 18:00:00,-3.43
2017-07-05 17:45:00,2.198
2017-07-05 17:30:00,2.203
2017-07-05 17:15:00,2.196
2017-07-05 17:00:00,1.85
2017-07-05 16:45:00,-9.24
2017-07-05 16:30:00,0.823
2017-07-05 16:15:00,2.223
2017-07-05 16:00:00,2.234
2017-07-05 15:45:00,2.25
2017-07-05 15:30:00,2.264
2017-07-05 15:15:00,2.272
2017-07-05 15:00:00,2.271
2017-07-05 14:45:00,2.288
2017-07-05 14:30:00,2.293
2017-07-05 14:15:00,2.299
2017-07-05 14:00:00,2.327
2017-07-05 13:45:00,2.356
2017-07-05 13:30:00,28.817
2017-07-05 13:15:00,86.764
2017-07-05 13:00:00,92.141
2017-07-05 12:45:00,87.196
2017-07-05 12:30:00,86.518
2017-07-05 12:15:00,88.016
2017-07-05 12:00:00,78.261
2017-07-05 11:45:00,58.063
2017-07-05 11:30:00,89.877
2017-07-05 11:15:00,50.617
2017-07-05 11:00:00,93.942
2017-07-05 10:45:00,66.29
2017-07-05 10:30:00,17.007
2017-07-05 10:15:00,48.328
2017-07-05 10:00:00,-1.551
2017-07-05 09:45:00,22.119
2017-07-05 09:30:00,46.539
2017-07-05 09:15:00,29.135
2017-07-05 09:00:00,25.661
2017-07-05 08:45:00,21.302
2017-07-05 08:30:00,2.852
2017-07-05 08:15:00,-1.158
2017-07-05 08:00:00,-17.062
2017-07-05 07:45:00,-12.242
2017-07-05 07:30:00,-18.999
2017-07-05 07:15:00,-37.27
2017-07-05 07:00:00,-22.226
2017-07-05 06:45:00,-24.533
2017-07-05 06:30:00,-28.528
2017-07-05 06:15:00,-33.227
2017-07-05 06:00:00,-34.279
2017-07-05 05:45:00,-34.625
2017-07-05 05:30:00,-33.452
2017-07-05 05:15:00,-10.925
2017-07-05 05:00:00,-6.919
2017-07-05 04:45:00,-6.73
2017-07-05 04:30:00,-6.899
2017-07-05 04:15:00,-6.448
2017-07-05 04:00:00,-4.492
2017-07-05 03:45:00,-7.036
2017-07-05 03:30:00,-7.763
2017-07-05 03:15:00,-6.667
2017-07-05 03:00:00,-5.04
2017-07-05 02:45:00,-6.401
2017-07-05 02:30:00,-5.645
2017-07-05 02:15:00,-8.194
2017-07-05 02:00:00,-4.441
2017-07-05 01:45:00,-6.712
2017-07-05 01:30:00,-7.165
2017-07-05 01:15:00,-8.695
2017-07-05 01:00:00,-6.856
2017-07-05 00:45:00,-8.437
2017-07-05 00:30:00,-8.176
2017-07-05 00:15:00,-10.216
2017-07-05 00:00:00,-11.39
2017-07-04 23:45:00,-10.527
2017-07-04 23:30:00,-11.017
2017-07-04 23:15:00,-13.222
2017-07-04 23:00:00,-12.488
2017-07-04 22:45:00,-14.281
2017-07-04 22:30:00,-21.523
2017-07-04 22:15:00,-27.959
2017-07-04 22:00:00,-28.288
2017-07-04 21:45:00,-21.348
2017-07-04 21:30:00,-12.636
2017-07-04 21:15:00,-16.523
2017-07-04 21:00:00,-13.506
2017-07-04 20:45:00,-17.989
2017-07-04 20:30:00,-23.942
2017-07-04 20:15:00,-29.151
2017-07-04 20:00:00,-30.485
2017-07-04 19:45:00,-30.778
2017-07-04 19:30:00,-28.589
2017-07-04 19:15:00,-38.534
2017-07-04 19:00:00,-27.909
2017-07-04 18:45:00,-22.387
2017-07-04 18:30:00,-13.688
2017-07-04 18:15:00,-0.584
2017-07-04 18:00:00,2.192
2017-07-04 17:45:00,2.195
2017-07-04 17:30:00,2.192
2017-07-04 17:15:00,2.19
2017-07-04 17:00:00,2.192
2017-07-04 16:45:00,2.208
2017-07-04 16:30:00,2.214
2017-07-04 16:15:00,2.212
2017-07-04 16:00:00,2.214
2017-07-04 15:45:00,2.227
2017-07-04 15:30:00,2.217
2017-07-04 15:15:00,2.242
2017-07-04 15:00:00,2.251
2017-07-04 14:45:00,2.262
2017-07-04 14:30:00,2.264
2017-07-04 14:15:00,2.266
2017-07-04 14:00:00,2.263
2017-07-04 13:45:00,2.271
2017-07-04 13:30:00,2.281
2017-07-04 13:15:00,2.282
2017-07-04 13:00:00,2.275
2017-07-04 12:45:00,2.309
2017-07-04 12:30:00,2.326
2017-07-04 12:15:00,2.342
2017-07-04 12:00:00,2.424
2017-07-04 11:45:00,9.373
2017-07-04 11:30:00,155.435
2017-07-04 11:15:00,149.696
2017-07-04 11:00:00,145.116
2017-07-04 10:45:00,139.108
2017-07-04 10:30:00,128.454
2017-07-04 10:15:00,116.452
2017-07-04 10:00:00,108.281
2017-07-04 09:45:00,105.67
2017-07-04 09:30:00,109.145
2017-07-04 09:15:00,100.128
2017-07-04 09:00:00,99.28
2017-07-04 08:45:00,44.204
2017-07-04 08:30:00,21.202
2017-07-04 08:15:00,6.523
2017-07-04 08:00:00,7.155
2017-07-04 07:45:00,6.355
2017-07-04 07:30:00,2.016
2017-07-04 07:15:00,-3.351
2017-07-04 07:00:00,-1.848
2017-07-04 06:45:00,-2.563
2017-07-04 06:30:00,-12.768
2017-07-04 06:15:00,-12.187
2017-07-04 06:00:00,-15.812
2017-07-04 05:45:00,-15.567
2017-07-04 05:30:00,-14.698
2017-07-04 05:15:00,-13.418
2017-07-04 05:00:00,-15.765
2017-07-04 04:45:00,-13.967
2017-07-04 04:30:00,-15.924
2017-07-04 04:15:00,-14.705
2017-07-04 04:00:00,-14.09
2017-07-04 03:45:00,-15.552
2017-07-04 03:30:00,-16.151
2017-07-04 03:15:00,-14.921
2017-07-04 03:00:00,-14.396
2017-07-04 02:45:00,-14.411
2017-07-04 02:30:00,-15.108
2017-07-04 02:15:00,-17.006
2017-07-04 02:00:00,-14.678
2017-07-04 01:45:00,-15.975
2017-07-04 01:30:00,-19.384
2017-07-04 01:15:00,-16.73
2017-07-04 01:00:00,-16.975
2017-07-04 00:45:00,-17.712
2017-07-04 00:30:00,-16.434
2017-07-04 00:15:00,-19.373
2017-07-04 00:00:00,-21.412
2017-07-03 23:45:00,-17.946
2017-07-03 23:30:00,-21.411
2017-07-03 23:15:00,-32.197
2017-07-03 23:00:00,-36.876
2017-07-03 22:45:00,-21.522
2017-07-03 22:30:00,-21.241
2017-07-03 22:15:00,-21.499
2017-07-03 22:00:00,-23.612
2017-07-03 21:45:00,-20.572
2017-07-03 21:30:00,-35.231
2017-07-03 21:15:00,-35.085
2017-07-03 21:00:00,-35.065
2017-07-03 20:45:00,-37.64
2017-07-03 20:30:00,-38.756
2017-07-03 20:15:00,-35.504
2017-07-03 20:00:00,-38.289
2017-07-03 19:45:00,-36.802
2017-07-03 19:30:00,-45.472
2017-07-03 19:15:00,-45.427
2017-07-03 19:00:00,-40.749
2017-07-03 18:45:00,-33.222
2017-07-03 18:30:00,-25.067
2017-07-03 18:15:00,-15.001
2017-07-03 18:00:00,-10.25
2017-07-03 17:45:00,1.011
2017-07-03 17:30:00,2.135
2017-07-03 17:15:00,2.214
2017-07-03 17:00:00,2.223
2017-07-03 16:45:00,2.22
2017-07-03 16:30:00,2.22
2017-07-03 16:15:00,2.209
2017-07-03 16:00:00,2.215
2017-07-03 15:45:00,2.216
2017-07-03 15:30:00,2.227
2017-07-03 15:15:00,2.233
2017-07-03 15:00:00,1.837
2017-07-03 14:45:00,2.233
2017-07-03 14:30:00,2.23
2017-07-03 14:15:00,2.224
2017-07-03 14:00:00,2.224
2017-07-03 13:45:00,2.221
2017-07-03 13:30:00,2.23
2017-07-03 13:15:00,2.24
2017-07-03 13:00:00,2.249
2017-07-03 12:45:00,2.278
2017-07-03 12:30:00,5.813
2017-07-03 12:15:00,85.16
2017-07-03 12:00:00,85.6
2017-07-03 11:45:00,86.027
2017-07-03 11:30:00,78.813
2017-07-03 11:15:00,76.995
2017-07-03 11:00:00,96.076
2017-07-03 10:45:00,87.681
2017-07-03 10:30:00,84.836
2017-07-03 10:15:00,87.858
2017-07-03 10:00:00,71.77
2017-07-03 09:45:00,58.34
2017-07-03 09:30:00,55.635
2017-07-03 09:15:00,46.533
2017-07-03 09:00:00,19.04
2017-07-03 08:45:00,6.452
2017-07-03 08:30:00,8.223
2017-07-03 08:15:00,-15.798
2017-07-03 08:00:00,-20.617
2017-07-03 07:45:00,-24.323
2017-07-03 07:30:00,-29.982
2017-07-03 07:15:00,-21.016
2017-07-03 07:00:00,-22.744
2017-07-03 06:45:00,-26.803
2017-07-03 06:30:00,-27.614
2017-07-03 06:15:00,-24.831
2017-07-03 06:00:00,-27.605
2017-07-03 05:45:00,-27.432
2017-07-03 05:30:00,-24.74
2017-07-03 05:15:00,-16.929
2017-07-03 05:00:00,-0.394
2017-07-03 04:45:00,-0.139
2017-07-03 04:30:00,-1.694
2017-07-03 04:15:00,-0.558
2017-07-03 04:00:00,0.153
2017-07-03 03:45:00,-0.16
2017-07-03 03:30:00,-1.417
2017-07-03 03:15:00,-1.065
2017-07-03 03:00:00,-0.005
2017-07-03 02:45:00,1.386
2017-07-03 02:30:00,-1.377
2017-07-03 02:15:00,-1.258
2017-07-03 02:00:00,-1.493
2017-07-03 01:45:00,-0.435
2017-07-03 01:30:00,-0.36
2017-07-03 01:15:00,-2.616
2017-07-03 01:00:00,-5.105
2017-07-03 00:45:00,-4.346
2017-07-03 00:30:00,-3.363
2017-07-03 00:15:00,-5.583
2017-07-03 00:00:00,-3.463
2017-07-02 23:45:00,-8.179
2017-07-02 23:30:00,-9.802
2017-07-02 23:15:00,-16.766
2017-07-02 23:00:00,-16.349
2017-07-02 22:45:00,-18.954
2017-07-02 22:30:00,-18.212
2017-07-02 22:15:00,-19.501
2017-07-02 22:00:00,-17.643
2017-07-02 21:45:00,-34.536
2017-07-02 21:30:00,-33.624
2017-07-02 21:15:00,-23.76
2017-07-02 21:00:00,-20.094
2017-07-02 20:45:00,-21.682
2017-07-02 20:30:00,-21.628
2017-07-02 20:15:00,-24.352
2017-07-02 20:00:00,-20.259
2017-07-02 19:45:00,-32.206
2017-07-02 19:30:00,-36.251
2017-07-02 19:15:00,-36.276
2017-07-02 19:00:00,-25.757
2017-07-02 18:45:00,-20.95
2017-07-02 18:30:00,-8.127
2017-07-02 18:15:00,1.04
2017-07-02 18:00:00,2.191
2017-07-02 17:45:00,2.191
2017-07-02 17:30:00,2.199
2017-07-02 17:15:00,2.189
2017-07-02 17:00:00,2.197
2017-07-02 16:45:00,2.199
2017-07-02 16:30:00,2.206
2017-07-02 16:15:00,2.209
2017-07-02 16:00:00,2.212
2017-07-02 15:45:00,2.202
2017-07-02 15:30:00,2.211
2017-07-02 15:15:00,2.22
2017-07-02 15:00:00,2.209
2017-07-02 14:45:00,2.219
2017-07-02 14:30:00,2.233
2017-07-02 14:15:00,2.225
2017-07-02 14:00:00,2.218
2017-07-02 13:45:00,2.23
2017-07-02 13:30:00,2.222
2017-07-02 13:15:00,2.223
2017-07-02 13:00:00,2.242
2017-07-02 12:45:00,2.231
2017-07-02 12:30:00,2.215
2017-07-02 12:15:00,2.227
2017-07-02 12:00:00,2.254
2017-07-02 11:45:00,2.268
2017-07-02 11:30:00,2.268
2017-07-02 11:15:00,2.281
2017-07-02 11:00:00,2.316
2017-07-02 10:45:00,2.503
2017-07-02 10:30:00,110.007
2017-07-02 10:15:00,142.368
2017-07-02 10:00:00,137.78
2017-07-02 09:45:00,112.535
2017-07-02 09:30:00,106.662
2017-07-02 09:15:00,113.43
2017-07-02 09:00:00,94.694
2017-07-02 08:45:00,40.436
2017-07-02 08:30:00,38.883
2017-07-02 08:15:00,34.159
2017-07-02 08:00:00,19.867
2017-07-02 07:45:00,7.31
2017-07-02 07:30:00,2.324
2017-07-02 07:15:00,1.888
2017-07-02 07:00:00,0.969
2017-07-02 06:45:00,-5.312
2017-07-02 06:30:00,-6.803
2017-07-02 06:15:00,-9.836
2017-07-02 06:00:00,-11.287
2017-07-02 05:45:00,-9.306
2017-07-02 05:30:00,-9.873
2017-07-02 05:15:00,-10.5
2017-07-02 05:00:00,-13.51
2017-07-02 04:45:00,-13.877
2017-07-02 04:30:00,-10.013
2017-07-02 04:15:00,-11.778
2017-07-02 04:00:00,-14.262
2017-07-02 03:45:00,-13.379
2017-07-02 03:30:00,-14.91
2017-07-02 03:15:00,-13.99
2017-07-02 03:00:00,-12.661
2017-07-02 02:45:00,-14.83
2017-07-02 02:30:00,-14.216
2017-07-02 02:15:00,-12.887
2017-07-02 02:00:00,-15.632
2017-07-02 01:45:00,-14.481
2017-07-02 01:30:00,-13.732
2017-07-02 01:15:00,-15.546
2017-07-02 01:00:00,-12.888
2017-07-02 00:45:00,-15.824
2017-07-02 00:30:00,-15.733
2017-07-02 00:15:00,-15.99
2017-07-02 00:00:00,-14.706
2017-07-01 23:45:00,-18.095
2017-07-01 23:30:00,-14.915
2017-07-01 23:15:00,-19.81
2017-07-01 23:00:00,-18.954
2017-07-01 22:45:00,-17.555
2017-07-01 22:30:00,-18.422
2017-07-01 22:15:00,-18.149
2017-07-01 22:00:00,-19.485
2017-07-01 21:45:00,-19.15
2017-07-01 21:30:00,-17.647
2017-07-01 21:15:00,-22.386
2017-07-01 21:00:00,-18.737
2017-07-01 20:45:00,-35.117
2017-07-01 20:30:00,-39.316
2017-07-01 20:15:00,-38.396
2017-07-01 20:00:00,-27.612
2017-07-01 19:45:00,-27.288
2017-07-01 19:30:00,-19.768
2017-07-01 19:15:00,-18.295
2017-07-01 19:00:00,-7.594
2017-07-01 18:45:00,-13.558
2017-07-01 18:30:00,-9.219
2017-07-01 18:15:00,0.453
2017-07-01 18:00:00,2.232
2017-07-01 17:45:00,2.234
2017-07-01 17:30:00,2.223
2017-07-01 17:15:00,2.224
2017-07-01 17:00:00,2.231
2017-07-01 16:45:00,2.229
2017-07-01 16:30:00,2.233
2017-07-01 16:15:00,2.24
2017-07-01 16:00:00,2.25
2017-07-01 15:45:00,2.239
2017-07-01 15:30:00,2.234
2017-07-01 15:15:00,2.245
2017-07-01 15:00:00,2.243
2017-07-01 14:45:00,2.253
2017-07-01 14:30:00,2.265
2017-07-01 14:15:00,2.269
2017-07-01 14:00:00,2.287
2017-07-01 13:45:00,2.306
2017-07-01 13:30:00,2.296
2017-07-01 13:15:00,2.318
2017-07-01 13:00:00,2.349
2017-07-01 12:45:00,2.371
2017-07-01 12:30:00,2.461
2017-07-01 12:15:00,11.873
2017-07-01 12:00:00,155.29
2017-07-01 11:45:00,157.868
2017-07-01 11:30:00,150.161
2017-07-01 11:15:00,145.95
2017-07-01 11:00:00,140.194
2017-07-01 10:45:00,136.996
2017-07-01 10:30:00,109.103
2017-07-01 10:15:00,135.539
2017-07-01 10:00:00,108.241
2017-07-01 09:45:00,94.044
2017-07-01 09:30:00,99.821
2017-07-01 09:15:00,61.601
2017-07-01 09:00:00,38.473
2017-07-01 08:45:00,17.723
2017-07-01 08:30:00,1.995
2017-07-01 08:15:00,9.109
2017-07-01 08:00:00,6.376
2017-07-01 07:45:00,4.584
2017-07-01 07:30:00,1.779
2017-07-01 07:15:00,1.679
2017-07-01 07:00:00,-4.471
2017-07-01 06:45:00,-8.965
2017-07-01 06:30:00,-13.546
2017-07-01 06:15:00,-9.95
2017-07-01 06:00:00,-12.524
2017-07-01 05:45:00,-10.816
2017-07-01 05:30:00,-12.58
2017-07-01 05:15:00,-13.482
2017-07-01 05:00:00,-11.965
2017-07-01 04:45:00,-11.508
2017-07-01 04:30:00,-14.822
2017-07-01 04:15:00,-12.424
2017-07-01 04:00:00,-13.536
2017-07-01 03:45:00,-12.56
2017-07-01 03:30:00,-11.542
2017-07-01 03:15:00,-15.074
2017-07-01 03:00:00,-15.777
2017-07-01 02:45:00,-17.327
2017-07-01 02:30:00,-15.43
2017-07-01 02:15:00,-26.942
2017-07-01 02:00:00,-30.355
2017-07-01 01:45:00,-22.393
2017-07-01 01:30:00,-21.242
2017-07-01 01:15:00,-20.681
2017-07-01 01:00:00,-19.971
2017-07-01 00:45:00,-20.646
2017-07-01 00:30:00,-26.509
2017-07-01 00:15:00,-32.387
2017-07-01 00:00:00,-31.878
2017-06-30 23:45:00,-32.489
2017-06-30 23:30:00,-33.277
2017-06-30 23:15:00,-35.323
2017-06-30 23:00:00,-35.828
2017-06-30 22:45:00,-35.026
2017-06-30 22:30:00,-36.214
2017-06-30 22:15:00,-37.949
2017-06-30 22:00:00,-36.318
2017-06-30 21:45:00,-38.018
2017-06-30 21:30:00,-38.452
2017-06-30 21:15:00,-40.262
2017-06-30 21:00:00,-40.738
2017-06-30 20:45:00,-39.174
2017-06-30 20:30:00,-39.904
2017-06-30 20:15:00,-41.548
2017-06-30 20:00:00,-43.199
2017-06-30 19:45:00,-43.897
2017-06-30 19:30:00,-44.517
2017-06-30 19:15:00,-39.352
2017-06-30 19:00:00,-38.58
2017-06-30 18:45:00,-32.266
2017-06-30 18:30:00,-19.571
2017-06-30 18:15:00,-13.796
2017-06-30 18:00:00,-10.309
2017-06-30 17:45:00,1.046
2017-06-30 17:30:00,2.197
2017-06-30 17:15:00,2.207
2017-06-30 17:00:00,2.213
2017-06-30 16:45:00,2.216
2017-06-30 16:30:00,2.227
2017-06-30 16:15:00,2.229
2017-06-30 16:00:00,2.252
2017-06-30 15:45:00,2.251
2017-06-30 15:30:00,2.239
2017-06-30 15:15:00,2.259
2017-06-30 15:00:00,2.274
2017-06-30 14:45:00,2.276
2017-06-30 14:30:00,2.293
2017-06-30 14:15:00,2.306
2017-06-30 14:00:00,2.334
2017-06-30 13:45:00,2.384
2017-06-30 13:30:00,28.158
2017-06-30 13:15:00,100.449
2017-06-30 13:00:00,105.639
2017-06-30 12:45:00,99.483
2017-06-30 12:30:00,102.673
2017-06-30 12:15:00,103.559
2017-06-30 12:00:00,109.718
2017-06-30 11:45:00,104.183
2017-06-30 11:30:00,100.615
2017-06-30 11:15:00,83.515
2017-06-30 11:00:00,96.933
2017-06-30 10:45:00,90.445
2017-06-30 10:30:00,82.334
2017-06-30 10:15:00,74.936
2017-06-30 10:00:00,62.744
2017-06-30 09:45:00,47.867
2017-06-30 09:30:00,40.643
2017-06-30 09:15:00,17.933
2017-06-30 09:00:00,35.778
2017-06-30 08:45:00,-0.56
2017-06-30 08:30:00,-27.491
2017-06-30 08:15:00,-41.539
2017-06-30 08:00:00,-48.803
2017-06-30 07:45:00,-46.492
2017-06-30 07:30:00,-46.577
2017-06-30 07:15:00,-33.948
2017-06-30 07:00:00,-38.278
2017-06-30 06:45:00,-37.619
2017-06-30 06:30:00,-35.525
2017-06-30 06:15:00,-32.316
2017-06-30 06:00:00,-32.427
2017-06-30 05:45:00,-33.641
2017-06-30 05:30:00,-34.3
2017-06-30 05:15:00,-13.31
2017-06-30 05:00:00,-7.719
2017-06-30 04:45:00,-7.875
2017-06-30 04:30:00,-6.797
2017-06-30 04:15:00,-8.892
2017-06-30 04:00:00,-3.744
2017-06-30 03:45:00,-6.334
2017-06-30 03:30:00,-7.13
2017-06-30 03:15:00,-7.193
2017-06-30 03:00:00,-7.094
2017-06-30 02:45:00,-7.061
2017-06-30 02:30:00,-4.944
2017-06-30 02:15:00,-8.994
2017-06-30 02:00:00,-5.766
2017-06-30 01:45:00,-8.253
2017-06-30 01:30:00,-6.022
2017-06-30 01:15:00,-6.799
2017-06-30 01:00:00,-6.985
2017-06-30 00:45:00,-8.008
2017-06-30 00:30:00,-5.346
2017-06-30 00:15:00,-9.512
2017-06-30 00:00:00,-8.382
2017-06-29 23:45:00,-15.268
2017-06-29 23:30:00,-17.545
2017-06-29 23:15:00,-15.416
2017-06-29 23:00:00,-18.461
2017-06-29 22:45:00,-18.559
2017-06-29 22:30:00,-18.657
2017-06-29 22:15:00,-17.951
2017-06-29 22:00:00,-20.712
2017-06-29 21:45:00,-19.32
2017-06-29 21:30:00,-20.423
2017-06-29 21:15:00,-19.928
2017-06-29 21:00:00,-20.657
2017-06-29 20:45:00,-25.909
2017-06-29 20:30:00,-32.692
2017-06-29 20:15:00,-34.451
2017-06-29 20:00:00,-33.713
2017-06-29 19:45:00,-31.707
2017-06-29 19:30:00,-34.555
2017-06-29 19:15:00,-35.074
2017-06-29 19:00:00,-51.299
2017-06-29 18:45:00,-36.212
2017-06-29 18:30:00,-26.254
2017-06-29 18:15:00,-17.716
2017-06-29 18:00:00,-12.238
2017-06-29 17:45:00,0.538
2017-06-29 17:30:00,2.215
2017-06-29 17:15:00,2.211
2017-06-29 17:00:00,2.222
2017-06-29 16:45:00,2.229
2017-06-29 16:30:00,2.217
2017-06-29 16:15:00,2.225
2017-06-29 16:00:00,2.228
2017-06-29 15:45:00,2.235
2017-06-29 15:30:00,2.242
2017-06-29 15:15:00,2.241
2017-06-29 15:00:00,2.25
2017-06-29 14:45:00,2.27
2017-06-29 14:30:00,2.27
2017-06-29 14:15:00,2.274
2017-06-29 14:00:00,2.303
2017-06-29 13:45:00,2.304
2017-06-29 13:30:00,2.309
2017-06-29 13:15:00,2.335
2017-06-29 13:00:00,2.377
2017-06-29 12:45:00,2.496
2017-06-29 12:30:00,49.315
2017-06-29 12:15:00,131.215
2017-06-29 12:00:00,140.563
2017-06-29 11:45:00,132.37
2017-06-29 11:30:00,127.4
2017-06-29 11:15:00,119.569
2017-06-29 11:00:00,134.693
2017-06-29 10:45:00,124.503
2017-06-29 10:30:00,120.238
2017-06-29 10:15:00,108.327
2017-06-29 10:00:00,99.006
2017-06-29 09:45:00,98.328
2017-06-29 09:30:00,95.948
2017-06-29 09:15:00,54.147
2017-06-29 09:00:00,32.853
2017-06-29 08:45:00,7.686
2017-06-29 08:30:00,0.822
2017-06-29 08:15:00,-12.146
2017-06-29 08:00:00,-5.513
2017-06-29 07:45:00,-2.316
2017-06-29 07:30:00,-12.862
2017-06-29 07:15:00,-25.271
2017-06-29 07:00:00,-45.939
2017-06-29 06:45:00,-43.243
2017-06-29 06:30:00,-38.606
2017-06-29 06:15:00,-37.98
2017-06-29 06:00:00,-39.712
2017-06-29 05:45:00,-38.862
2017-06-29 05:30:00,-33.605
2017-06-29 05:15:00,-14.559
2017-06-29 05:00:00,-13.435
2017-06-29 04:45:00,-15.592
2017-06-29 04:30:00,-13.917
2017-06-29 04:15:00,-16.175
2017-06-29 04:00:00,-14.827
2017-06-29 03:45:00,-13.565
2017-06-29 03:30:00,-15.779
2017-06-29 03:15:00,-16.269
2017-06-29 03:00:00,-14.629
2017-06-29 02:45:00,-14.595
2017-06-29 02:30:00,-15.016
2017-06-29 02:15:00,-14.713
2017-06-29 02:00:00,-17.071
2017-06-29 01:45:00,-14.617
2017-06-29 01:30:00,-14.743
2017-06-29 01:15:00,-14.499
2017-06-29 01:00:00,-15.337
2017-06-29 00:45:00,-19.338
2017-06-29 00:30:00,-30.615
2017-06-29 00:15:00,-16.922
2017-06-29 00:00:00,-16.142
2017-06-28 23:45:00,-15.908
2017-06-28 23:30:00,-15.615
2017-06-28 23:15:00,-15.609
2017-06-28 23:00:00,-16.169
2017-06-28 22:45:00,-23.208
2017-06-28 22:30:00,-25.43
2017-06-28 22:15:00,-24.607
2017-06-28 22:00:00,-25.282
2017-06-28 21:45:00,-25.535
2017-06-28 21:30:00,-28.453
2017-06-28 21:15:00,-28.774
2017-06-28 21:00:00,-31.326
2017-06-28 20:45:00,-32.964
2017-06-28 20:30:00,-39.573
2017-06-28 20:15:00,-39.479
2017-06-28 20:00:00,-44.23
2017-06-28 19:45:00,-43.933
2017-06-28 19:30:00,-42.566
2017-06-28 19:15:00,-36.81
2017-06-28 19:00:00,-35.709
2017-06-28 18:45:00,-26.523
2017-06-28 18:30:00,-17.344
2017-06-28 18:15:00,-2.838
2017-06-28 18:00:00,2.125
2017-06-28 17:45:00,2.223
2017-06-28 17:30:00,2.21
2017-06-28 17:15:00,2.196
2017-06-28 17:00:00,2.206
2017-06-28 16:45:00,2.22
2017-06-28 16:30:00,2.216
2017-06-28 16:15:00,2.219
2017-06-28 16:00:00,2.232
2017-06-28 15:45:00,2.231
2017-06-28 15:30:00,2.247
2017-06-28 15:15:00,2.265
2017-06-28 15:00:00,2.274
2017-06-28 14:45:00,2.3
2017-06-28 14:30:00,2.309
2017-06-28 14:15:00,2.329
2017-06-28 14:00:00,2.352
2017-06-28 13:45:00,2.469
2017-06-28 13:30:00,88.038
2017-06-28 13:15:00,105.869
2017-06-28 13:00:00,107.73
2017-06-28 12:45:00,113.033
2017-06-28 12:30:00,106.587
2017-06-28 12:15:00,103.863
2017-06-28 12:00:00,97.406
2017-06-28 11:45:00,94.099
2017-06-28 11:30:00,86.644
2017-06-28 11:15:00,80.392
2017-06-28 11:00:00,92.953
2017-06-28 10:45:00,87.931
2017-06-28 10:30:00,80.823
2017-06-28 10:15:00,73.171
2017-06-28 10:00:00,62.328
2017-06-28 09:45:00,56.479
2017-06-28 09:30:00,43.631
2017-06-28 09:15:00,31.543
2017-06-28 09:00:00,18.837
2017-06-28 08:45:00,6.546
2017-06-28 08:30:00,1.9
2017-06-28 08:15:00,2.168
2017-06-28 08:00:00,-0.562
2017-06-28 07:45:00,-16.022
2017-06-28 07:30:00,-19.193
2017-06-28 07:15:00,-27.237
2017-06-28 07:00:00,-33.481
2017-06-28 06:45:00,-38.813
2017-06-28 06:30:00,-40.939
2017-06-28 06:15:00,-36.536
2017-06-28 06:00:00,-37.244
2017-06-28 05:45:00,-37.057
2017-06-28 05:30:00,-38.594
2017-06-28 05:15:00,-11.752
2017-06-28 05:00:00,-12.738
2017-06-28 04:45:00,-8.355
2017-06-28 04:30:00,-12.306
2017-06-28 04:15:00,-10.078
2017-06-28 04:00:00,-11.764
2017-06-28 03:45:00,-10.653
2017-06-28 03:30:00,-11.03
2017-06-28 03:15:00,-9.691
2017-06-28 03:00:00,-13.416
2017-06-28 02:45:00,-10.204
2017-06-28 02:30:00,-13.413
2017-06-28 02:15:00,-12.069
2017-06-28 02:00:00,-11.532
2017-06-28 01:45:00,-11.772
2017-06-28 01:30:00,-12.824
2017-06-28 01:15:00,-10.526
2017-06-28 01:00:00,-14.592
2017-06-28 00:45:00,-16.546
2017-06-28 00:30:00,-24.782
2017-06-28 00:15:00,-12.295
2017-06-28 00:00:00,-13.01
2017-06-27 23:45:00,-11.564
2017-06-27 23:30:00,-14.468
2017-06-27 23:15:00,-14.602
2017-06-27 23:00:00,-29.633
2017-06-27 22:45:00,-27.407
2017-06-27 22:30:00,-29.111
2017-06-27 22:15:00,-29.164
2017-06-27 22:00:00,-32.439
2017-06-27 21:45:00,-31.688
2017-06-27 21:30:00,-33.532
2017-06-27 21:15:00,-31.959
2017-06-27 21:00:00,-34.051
2017-06-27 20:45:00,-35.872
2017-06-27 20:30:00,-37.662
2017-06-27 20:15:00,-37.965
2017-06-27 20:00:00,-42.506
2017-06-27 19:45:00,-41.697
2017-06-27 19:30:00,-44.763
2017-06-27 19:15:00,-44.895
2017-06-27 19:00:00,-42.233
2017-06-27 18:45:00,-31.609
2017-06-27 18:30:00,-22.977
2017-06-27 18:15:00,-11.351
2017-06-27 18:00:00,-2.769
2017-06-27 17:45:00,2.261
2017-06-27 17:30:00,2.258
2017-06-27 17:15:00,2.256
2017-06-27 17:00:00,2.268
2017-06-27 16:45:00,2.28
2017-06-27 16:30:00,2.287
2017-06-27 16:15:00,2.295
2017-06-27 16:00:00,2.295
2017-06-27 15:45:00,2.306
2017-06-27 15:30:00,2.316
2017-06-27 15:15:00,2.324
2017-06-27 15:00:00,2.323
2017-06-27 14:45:00,2.339
2017-06-27 14:30:00,2.383
2017-06-27 14:15:00,55.992
2017-06-27 14:00:00,78.301
2017-06-27 13:45:00,84.056
2017-06-27 13:30:00,88.247
2017-06-27 13:15:00,89.495
2017-06-27 13:00:00,90.069
2017-06-27 12:45:00,81.567
2017-06-27 12:30:00,81.037
2017-06-27 12:15:00,79.233
2017-06-27 12:00:00,75.954
2017-06-27 11:45:00,69.043
2017-06-27 11:30:00,70.669
2017-06-27 11:15:00,58.56
2017-06-27 11:00:00,71.083
2017-06-27 10:45:00,69.354
2017-06-27 10:30:00,63.247
2017-06-27 10:15:00,59.59
2017-06-27 10:00:00,52.871
2017-06-27 09:45:00,47.534
2017-06-27 09:30:00,36.363
2017-06-27 09:15:00,29.253
2017-06-27 09:00:00,14.468
2017-06-27 08:45:00,6.128
2017-06-27 08:30:00,1.621
2017-06-27 08:15:00,-11.795
2017-06-27 08:00:00,-11.486
2017-06-27 07:45:00,-12.679
2017-06-27 07:30:00,-14.662
2017-06-27 07:15:00,-27.606
2017-06-27 07:00:00,-21.593
2017-06-27 06:45:00,-27.056
2017-06-27 06:30:00,-30.163
2017-06-27 06:15:00,-27.45
2017-06-27 06:00:00,-26.696
2017-06-27 05:45:00,-28.7
2017-06-27 05:30:00,-23.859
2017-06-27 05:15:00,-1.943
2017-06-27 05:00:00,-0.878
2017-06-27 04:45:00,0.231
2017-06-27 04:30:00,-1.149
2017-06-27 04:15:00,-4.335
2017-06-27 04:00:00,-1.628
2017-06-27 03:45:00,-0.917
2017-06-27 03:30:00,-2.409
2017-06-27 03:15:00,-3.262
2017-06-27 03:00:00,-2.873
2017-06-27 02:45:00,-2.757
2017-06-27 02:30:00,-16.996
2017-06-27 02:15:00,-13.171
2017-06-27 02:00:00,-4.636
2017-06-27 01:45:00,-4.534
2017-06-27 01:30:00,-6.899
2017-06-27 01:15:00,-4.41
2017-06-27 01:00:00,-23.242
2017-06-27 00:45:00,-22.004
2017-06-27 00:30:00,-23.391
2017-06-27 00:15:00,-23.003
2017-06-27 00:00:00,-25.077
2017-06-26 23:45:00,-23.77
2017-06-26 23:30:00,-24.065
2017-06-26 23:15:00,-27.589
2017-06-26 23:00:00,-24.85
2017-06-26 22:45:00,-26.652
2017-06-26 22:30:00,-27.264
2017-06-26 22:15:00,-25.501
2017-06-26 22:00:00,-27.336
2017-06-26 21:45:00,-27.246
2017-06-26 21:30:00,-26.691
2017-06-26 21:15:00,-28.661
2017-06-26 21:00:00,-27.184
2017-06-26 20:45:00,-29.32
2017-06-26 20:30:00,-40.085
2017-06-26 20:15:00,-41.032
2017-06-26 20:00:00,-43.68
2017-06-26 19:45:00,-46.866
2017-06-26 19:30:00,-43.695
2017-06-26 19:15:00,-47.086
2017-06-26 19:00:00,-43.516
2017-06-26 18:45:00,-36.907
2017-06-26 18:30:00,-26.231
2017-06-26 18:15:00,-12.411
2017-06-26 18:00:00,-4.501
2017-06-26 17:45:00,0.435
2017-06-26 17:30:00,2.143
2017-06-26 17:15:00,2.261
2017-06-26 17:00:00,2.271
2017-06-26 16:45:00,2.274
2017-06-26 16:30:00,2.271
2017-06-26 16:15:00,2.283
2017-06-26 16:00:00,2.291
2017-06-26 15:45:00,2.291
2017-06-26 15:30:00,2.304
2017-06-26 15:15:00,2.306
2017-06-26 15:00:00,2.313
2017-06-26 14:45:00,2.335
2017-06-26 14:30:00,6.242
2017-06-26 14:15:00,65.448
2017-06-26 14:00:00,68.919
2017-06-26 13:45:00,69.33
2017-06-26 13:30:00,76.007
2017-06-26 13:15:00,77.283
2017-06-26 13:00:00,77.625
2017-06-26 12:45:00,77.261
2017-06-26 12:30:00,75.894
2017-06-26 12:15:00,62.799
2017-06-26 12:00:00,64.43
2017-06-26 11:45:00,64.487
2017-06-26 11:30:00,70.521
2017-06-26 11:15:00,57.606
2017-06-26 11:00:00,65.41
2017-06-26 10:45:00,62.176
2017-06-26 10:30:00,56.26
2017-06-26 10:15:00,49.938
2017-06-26 10:00:00,48.891
2017-06-26 09:45:00,35.681
2017-06-26 09:30:00,32.925
2017-06-26 09:15:00,38.469
2017-06-26 09:00:00,14.504
2017-06-26 08:45:00,1.932
2017-06-26 08:30:00,-0.527
2017-06-26 08:15:00,-3.561
2017-06-26 08:00:00,-4.581
2017-06-26 07:45:00,-12.781
2017-06-26 07:30:00,-19.332
2017-06-26 07:15:00,-17.075
2017-06-26 07:00:00,-26.981
2017-06-26 06:45:00,-33.392
2017-06-26 06:30:00,-36.299
2017-06-26 06:15:00,-34.3
2017-06-26 06:00:00,-33.968
2017-06-26 05:45:00,-36.473
2017-06-26 05:30:00,-34.673
2017-06-26 05:15:00,-12.39
2017-06-26 05:00:00,-8.12
2017-06-26 04:45:00,-8.391
2017-06-26 04:30:00,-7.287
2017-06-26 04:15:00,-10.591
2017-06-26 04:00:00,-5.892
2017-06-26 03:45:00,-9.817
2017-06-26 03:30:00,-8.29
2017-06-26 03:15:00,-8.969
2017-06-26 03:00:00,-8.454
2017-06-26 02:45:00,-10.169
2017-06-26 02:30:00,-8.567
2017-06-26 02:15:00,-11.741
2017-06-26 02:00:00,-9.696
2017-06-26 01:45:00,-11.19
2017-06-26 01:30:00,-10.247
2017-06-26 01:15:00,-9.963
2017-06-26 01:00:00,-10.008
2017-06-26 00:45:00,-11.431
2017-06-26 00:30:00,-8.996
2017-06-26 00:15:00,-11.541
2017-06-26 00:00:00,-10.354
2017-06-25 23:45:00,-11.992
2017-06-25 23:30:00,-12.731
2017-06-25 23:15:00,-18.211
2017-06-25 23:00:00,-26.37
2017-06-25 22:45:00,-27.983
2017-06-25 22:30:00,-20.84
2017-06-25 22:15:00,-14.584
2017-06-25 22:00:00,-15.438
2017-06-25 21:45:00,-15.248
2017-06-25 21:30:00,-27.053
2017-06-25 21:15:00,-30.336
2017-06-25 21:00:00,-29.622
2017-06-25 20:45:00,-34.819
2017-06-25 20:30:00,-32.944
2017-06-25 20:15:00,-32.461
2017-06-25 20:00:00,-34.539
2017-06-25 19:45:00,-34.158
2017-06-25 19:30:00,-34.087
2017-06-25 19:15:00,-35.684
2017-06-25 19:00:00,-26.935
2017-06-25 18:45:00,-18.996
2017-06-25 18:30:00,-7.087
2017-06-25 18:15:00,0.666
2017-06-25 18:00:00,2.217
2017-06-25 17:45:00,2.221
2017-06-25 17:30:00,2.228
2017-06-25 17:15:00,2.235
2017-06-25 17:00:00,2.239
2017-06-25 16:45:00,2.241
2017-06-25 16:30:00,2.243
2017-06-25 16:15:00,2.24
2017-06-25 16:00:00,2.243
2017-06-25 15:45:00,2.238
2017-06-25 15:30:00,2.237
2017-06-25 15:15:00,2.229
2017-06-25 15:00:00,2.225
2017-06-25 14:45:00,2.238
2017-06-25 14:30:00,2.238
2017-06-25 14:15:00,2.242
2017-06-25 14:00:00,2.245
2017-06-25 13:45:00,2.251
2017-06-25 13:30:00,2.245
2017-06-25 13:15:00,2.253
2017-06-25 13:00:00,2.254
2017-06-25 12:45:00,2.256
2017-06-25 12:30:00,2.263
2017-06-25 12:15:00,2.264
2017-06-25 12:00:00,2.269
2017-06-25 11:45:00,2.274
2017-06-25 11:30:00,2.292
2017-06-25 11:15:00,2.307
2017-06-25 11:00:00,2.392
2017-06-25 10:45:00,51.054
2017-06-25 10:30:00,133.321
2017-06-25 10:15:00,126.163
2017-06-25 10:00:00,117.877
2017-06-25 09:45:00,111.978
2017-06-25 09:30:00,108.893
2017-06-25 09:15:00,105.398
2017-06-25 09:00:00,93.962
2017-06-25 08:45:00,79.393
2017-06-25 08:30:00,66.299
2017-06-25 08:15:00,50.312
2017-06-25 08:00:00,37.142
2017-06-25 07:45:00,19.891
2017-06-25 07:30:00,16.522
2017-06-25 07:15:00,1.934
2017-06-25 07:00:00,-0.094
2017-06-25 06:45:00,-8.185
2017-06-25 06:30:00,-13.387
2017-06-25 06:15:00,-16.601
2017-06-25 06:00:00,-18.103
2017-06-25 05:45:00,-16.854
2017-06-25 05:30:00,-16.847
2017-06-25 05:15:00,-18.754
2017-06-25 05:00:00,-16.69
2017-06-25 04:45:00,-17.657
2017-06-25 04:30:00,-17.767
2017-06-25 04:15:00,-16.42
2017-06-25 04:00:00,-18.478
2017-06-25 03:45:00,-17.794
2017-06-25 03:30:00,-16.814
2017-06-25 03:15:00,-18.268
2017-06-25 03:00:00,-17.246
2017-06-25 02:45:00,-17.862
2017-06-25 02:30:00,-18.779
2017-06-25 02:15:00,-17.736
2017-06-25 02:00:00,-17.524
2017-06-25 01:45:00,-19.282
2017-06-25 01:30:00,-17.043
2017-06-25 01:15:00,-18.172
2017-06-25 01:00:00,-18.812
2017-06-25 00:45:00,-17.585
2017-06-25 00:30:00,-19.437
2017-06-25 00:15:00,-18.102
2017-06-25 00:00:00,-18.379
2017-06-24 23:45:00,-24.163
2017-06-24 23:30:00,-20.0
2017-06-24 23:15:00,-18.815
2017-06-24 23:00:00,-20.598
2017-06-24 22:45:00,-18.341
2017-06-24 22:30:00,-20.344
2017-06-24 22:15:00,-21.121
2017-06-24 22:00:00,-20.312
2017-06-24 21:45:00,-20.288
2017-06-24 21:30:00,-20.694
2017-06-24 21:15:00,-19.884
2017-06-24 21:00:00,-22.27
2017-06-24 20:45:00,-22.406
2017-06-24 20:30:00,-32.484
2017-06-24 20:15:00,-38.304
2017-06-24 20:00:00,-35.807
2017-06-24 19:45:00,-23.054
2017-06-24 19:30:00,-23.247
2017-06-24 19:15:00,-17.036
2017-06-24 19:00:00,-8.56
2017-06-24 18:45:00,-15.174
2017-06-24 18:30:00,-2.934
2017-06-24 18:15:00,1.293
2017-06-24 18:00:00,2.206
2017-06-24 17:45:00,2.219
2017-06-24 17:30:00,2.222
2017-06-24 17:15:00,2.227
2017-06-24 17:00:00,2.239
2017-06-24 16:45:00,2.232
2017-06-24 16:30:00,2.228
2017-06-24 16:15:00,2.233
2017-06-24 16:00:00,2.245
2017-06-24 15:45:00,2.24
2017-06-24 15:30:00,2.237
2017-06-24 15:15:00,2.25
2017-06-24 15:00:00,2.259
2017-06-24 14:45:00,2.261
2017-06-24 14:30:00,2.269
2017-06-24 14:15:00,2.292
2017-06-24 14:00:00,2.286
2017-06-24 13:45:00,2.29
2017-06-24 13:30:00,2.295
2017-06-24 13:15:00,2.299
2017-06-24 13:00:00,2.303
2017-06-24 12:45:00,2.312
2017-06-24 12:30:00,2.319
2017-06-24 12:15:00,2.351
2017-06-24 12:00:00,2.45
2017-06-24 11:45:00,11.697
2017-06-24 11:30:00,173.058
2017-06-24 11:15:00,173.641
2017-06-24 11:00:00,157.244
2017-06-24 10:45:00,152.039
2017-06-24 10:30:00,139.235
2017-06-24 10:15:00,160.37
2017-06-24 10:00:00,74.516
2017-06-24 09:45:00,99.778
2017-06-24 09:30:00,42.309
2017-06-24 09:15:00,48.303
2017-06-24 09:00:00,37.005
2017-06-24 08:45:00,22.199
2017-06-24 08:30:00,7.593
2017-06-24 08:15:00,2.331
2017-06-24 08:00:00,-1.645
2017-06-24 07:45:00,-9.873
2017-06-24 07:30:00,-14.706
2017-06-24 07:15:00,-21.278
2017-06-24 07:00:00,-24.896
2017-06-24 06:45:00,-25.076
2017-06-24 06:30:00,-25.702
2017-06-24 06:15:00,-24.788
2017-06-24 06:00:00,-26.804
2017-06-24 05:45:00,-18.334
2017-06-24 05:30:00,-8.253
2017-06-24 05:15:00,-10.468
2017-06-24 05:00:00,-10.449
2017-06-24 04:45:00,-8.927
2017-06-24 04:30:00,-10.562
2017-06-24 04:15:00,-10.132
2017-06-24 04:00:00,-10.435
2017-06-24 03:45:00,-11.874
2017-06-24 03:30:00,-11.05
2017-06-24 03:15:00,-9.957
2017-06-24 03:00:00,-11.472
2017-06-24 02:45:00,-9.131
2017-06-24 02:30:00,-11.263
2017-06-24 02:15:00,-11.177
2017-06-24 02:00:00,-10.382
2017-06-24 01:45:00,-11.429
2017-06-24 01:30:00,-10.517
2017-06-24 01:15:00,-11.777
2017-06-24 01:00:00,-11.939
2017-06-24 00:45:00,-11.044
2017-06-24 00:30:00,-11.959
2017-06-24 00:15:00,-12.422
2017-06-24 00:00:00,-10.842
2017-06-23 23:45:00,-12.348
2017-06-23 23:30:00,-12.721
2017-06-23 23:15:00,-16.091
2017-06-23 23:00:00,-27.31
2017-06-23 22:45:00,-12.998
2017-06-23 22:30:00,-13.621
2017-06-23 22:15:00,-13.33
2017-06-23 22:00:00,-14.352
2017-06-23 21:45:00,-12.277
2017-06-23 21:30:00,-15.526
2017-06-23 21:15:00,-19.614
2017-06-23 21:00:00,-35.32
2017-06-23 20:45:00,-34.05
2017-06-23 20:30:00,-34.269
2017-06-23 20:15:00,-35.938
2017-06-23 20:00:00,-39.562
2017-06-23 19:45:00,-39.435
2017-06-23 19:30:00,-47.428
2017-06-23 19:15:00,-45.689
2017-06-23 19:00:00,-30.509
2017-06-23 18:45:00,-25.343
2017-06-23 18:30:00,-17.428
2017-06-23 18:15:00,-11.294
2017-06-23 18:00:00,-7.486
2017-06-23 17:45:00,2.224
2017-06-23 17:30:00,2.215
2017-06-23 17:15:00,2.221
2017-06-23 17:00:00,2.218
2017-06-23 16:45:00,2.225
2017-06-23 16:30:00,2.056
2017-06-23 16:15:00,2.254
2017-06-23 16:00:00,2.239
2017-06-23 15:45:00,2.247
2017-06-23 15:30:00,2.257
2017-06-23 15:15:00,2.265
2017-06-23 15:00:00,4.945
2017-06-23 14:45:00,2.28
2017-06-23 14:30:00,3.05
2017-06-23 14:15:00,3.395
2017-06-23 14:00:00,2.308
2017-06-23 13:45:00,3.846
2017-06-23 13:30:00,2.339
2017-06-23 13:15:00,2.417
2017-06-23 13:00:00,55.558
2017-06-23 12:45:00,117.836
2017-06-23 12:30:00,110.113
2017-06-23 12:15:00,118.884
2017-06-23 12:00:00,120.107
2017-06-23 11:45:00,114.308
2017-06-23 11:30:00,112.446
2017-06-23 11:15:00,81.876
2017-06-23 11:00:00,80.458
2017-06-23 10:45:00,90.103
2017-06-23 10:30:00,92.973
2017-06-23 10:15:00,84.814
2017-06-23 10:00:00,91.953
2017-06-23 09:45:00,74.079
2017-06-23 09:30:00,58.317
2017-06-23 09:15:00,9.923
2017-06-23 09:00:00,8.047
2017-06-23 08:45:00,1.809
2017-06-23 08:30:00,-17.347
2017-06-23 08:15:00,-27.287
2017-06-23 08:00:00,-25.619
2017-06-23 07:45:00,-16.984
2017-06-23 07:30:00,-25.57
2017-06-23 07:15:00,-23.652
2017-06-23 07:00:00,-12.512
2017-06-23 06:45:00,-19.76
2017-06-23 06:30:00,-21.851
2017-06-23 06:15:00,-21.559
2017-06-23 06:00:00,-23.829
2017-06-23 05:45:00,-24.064
2017-06-23 05:30:00,-28.145
2017-06-23 05:15:00,-24.227
2017-06-23 05:00:00,-12.303
2017-06-23 04:45:00,-14.277
2017-06-23 04:30:00,-10.949
2017-06-23 04:15:00,-13.183
2017-06-23 04:00:00,-12.37
2017-06-23 03:45:00,-12.812
2017-06-23 03:30:00,-12.529
2017-06-23 03:15:00,-19.016
2017-06-23 03:00:00,-28.446
2017-06-23 02:45:00,-17.565
2017-06-23 02:30:00,-15.861
2017-06-23 02:15:00,-15.346
2017-06-23 02:00:00,-17.042
2017-06-23 01:45:00,-16.158
2017-06-23 01:30:00,-16.563
2017-06-23 01:15:00,-16.476
2017-06-23 01:00:00,-16.22
2017-06-23 00:45:00,-16.859
2017-06-23 00:30:00,-16.052
2017-06-23 00:15:00,-16.185
2017-06-23 00:00:00,-18.214
2017-06-22 23:45:00,-18.041
2017-06-22 23:30:00,-15.992
2017-06-22 23:15:00,-18.676
2017-06-22 23:00:00,-17.638
2017-06-22 22:45:00,-16.274
2017-06-22 22:30:00,-20.253
2017-06-22 22:15:00,-18.471
2017-06-22 22:00:00,-20.623
2017-06-22 21:45:00,-29.346
2017-06-22 21:30:00,-35.822
2017-06-22 21:15:00,-37.792
2017-06-22 21:00:00,-26.851
2017-06-22 20:45:00,-25.375
2017-06-22 20:30:00,-24.628
2017-06-22 20:15:00,-26.862
2017-06-22 20:00:00,-26.834
2017-06-22 19:45:00,-39.589
2017-06-22 19:30:00,-38.735
2017-06-22 19:15:00,-37.366
2017-06-22 19:00:00,-37.782
2017-06-22 18:45:00,-32.481
2017-06-22 18:30:00,-22.858
2017-06-22 18:15:00,-13.188
2017-06-22 18:00:00,-1.819
2017-06-22 17:45:00,2.235
2017-06-22 17:30:00,2.235
2017-06-22 17:15:00,2.252
2017-06-22 17:00:00,2.249
2017-06-22 16:45:00,2.259
2017-06-22 16:30:00,2.268
2017-06-22 16:15:00,2.269
2017-06-22 16:00:00,2.278
2017-06-22 15:45:00,2.287
2017-06-22 15:30:00,2.297
2017-06-22 15:15:00,2.291
2017-06-22 15:00:00,2.298
2017-06-22 14:45:00,2.303
2017-06-22 14:30:00,2.324
2017-06-22 14:15:00,2.343
2017-06-22 14:00:00,2.36
2017-06-22 13:45:00,2.415
2017-06-22 13:30:00,14.116
2017-06-22 13:15:00,126.714
2017-06-22 13:00:00,132.006
2017-06-22 12:45:00,132.594
2017-06-22 12:30:00,135.052
2017-06-22 12:15:00,135.163
2017-06-22 12:00:00,129.552
2017-06-22 11:45:00,127.345
2017-06-22 11:30:00,124.259
2017-06-22 11:15:00,119.925
2017-06-22 11:00:00,130.74
2017-06-22 10:45:00,108.437
2017-06-22 10:30:00,110.455
2017-06-22 10:15:00,46.921
2017-06-22 10:00:00,26.737
2017-06-22 09:45:00,-2.518
2017-06-22 09:30:00,-13.614
2017-06-22 09:15:00,-20.208
2017-06-22 09:00:00,-37.092
2017-06-22 08:45:00,-40.415
2017-06-22 08:30:00,-39.318
2017-06-22 08:15:00,-39.117
2017-06-22 08:00:00,-30.103
2017-06-22 07:45:00,-28.532
2017-06-22 07:30:00,-27.37
2017-06-22 07:15:00,-34.766
2017-06-22 07:00:00,-37.12
2017-06-22 06:45:00,-36.598
2017-06-22 06:30:00,-37.021
2017-06-22 06:15:00,-33.851
2017-06-22 06:00:00,-32.277
2017-06-22 05:45:00,-33.675
2017-06-22 05:30:00,-33.355
2017-06-22 05:15:00,-11.658
2017-06-22 05:00:00,-6.239
2017-06-22 04:45:00,-6.974
2017-06-22 04:30:00,-4.697
2017-06-22 04:15:00,-7.751
2017-06-22 04:00:00,-5.289
2017-06-22 03:45:00,-6.584
2017-06-22 03:30:00,-7.896
2017-06-22 03:15:00,-5.305
2017-06-22 03:00:00,-7.183
2017-06-22 02:45:00,-6.566
2017-06-22 02:30:00,-6.174
2017-06-22 02:15:00,-6.634
2017-06-22 02:00:00,-9.95
2017-06-22 01:45:00,-5.396
2017-06-22 01:30:00,-8.536
2017-06-22 01:15:00,-6.08
2017-06-22 01:00:00,-22.424
2017-06-22 00:45:00,-8.131
2017-06-22 00:30:00,-6.539
2017-06-22 00:15:00,-7.467
2017-06-22 00:00:00,-7.656
2017-06-21 23:45:00,-7.977
2017-06-21 23:30:00,-9.161
2017-06-21 23:15:00,-8.26
2017-06-21 23:00:00,-7.723
2017-06-21 22:45:00,-21.453
2017-06-21 22:30:00,-22.264
2017-06-21 22:15:00,-24.43
2017-06-21 22:00:00,-13.467
2017-06-21 21:45:00,-9.978
2017-06-21 21:30:00,-13.963
2017-06-21 21:15:00,-12.621
2017-06-21 21:00:00,-23.658
2017-06-21 20:45:00,-29.743
2017-06-21 20:30:00,-32.415
2017-06-21 20:15:00,-39.058
2017-06-21 20:00:00,-43.325
2017-06-21 19:45:00,-42.498
2017-06-21 19:30:00,-42.336
2017-06-21 19:15:00,-42.161
2017-06-21 19:00:00,-41.171
2017-06-21 18:45:00,-35.372
2017-06-21 18:30:00,-19.147
2017-06-21 18:15:00,-2.171
2017-06-21 18:00:00,1.987
2017-06-21 17:45:00,2.614
2017-06-21 17:30:00,3.001
2017-06-21 17:15:00,2.993
2017-06-21 17:00:00,2.949
2017-06-21 16:45:00,2.246
2017-06-21 16:30:00,9.533
2017-06-21 16:15:00,44.627
2017-06-21 16:00:00,55.239
2017-06-21 15:45:00,64.759
2017-06-21 15:30:00,75.336
2017-06-21 15:15:00,80.35
2017-06-21 15:00:00,94.254
2017-06-21 14:45:00,97.369
2017-06-21 14:30:00,40.508
2017-06-21 14:15:00,0.261
2017-06-21 14:00:00,-0.956
2017-06-21 13:45:00,-0.612
2017-06-21 13:30:00,-0.474
2017-06-21 13:15:00,-0.573
2017-06-21 13:00:00,-0.206
2017-06-21 12:45:00,-0.575
2017-06-21 12:30:00,-0.578
2017-06-21 12:15:00,-0.575
2017-06-21 12:00:00,-0.719
2017-06-21 11:45:00,-0.821
2017-06-21 11:30:00,67.502
2017-06-21 11:15:00,84.625
2017-06-21 11:00:00,94.545
2017-06-21 10:45:00,88.932
2017-06-21 10:30:00,86.931
2017-06-21 10:15:00,83.074
2017-06-21 10:00:00,79.318
2017-06-21 09:45:00,68.744
2017-06-21 09:30:00,56.18
2017-06-21 09:15:00,33.73
2017-06-21 09:00:00,23.766
2017-06-21 08:45:00,15.886
2017-06-21 08:30:00,4.824
2017-06-21 08:15:00,4.923
2017-06-21 08:00:00,-0.09
2017-06-21 07:45:00,0.235
2017-06-21 07:30:00,-7.016
2017-06-21 07:15:00,-17.622
2017-06-21 07:00:00,-26.153
2017-06-21 06:45:00,-36.238
2017-06-21 06:30:00,-42.194
2017-06-21 06:15:00,-37.886
2017-06-21 06:00:00,-38.091
2017-06-21 05:45:00,-38.803
2017-06-21 05:30:00,-37.999
2017-06-21 05:15:00,-17.089
2017-06-21 05:00:00,-13.347
2017-06-21 04:45:00,-12.387
2017-06-21 04:30:00,-13.795
2017-06-21 04:15:00,-14.015
2017-06-21 04:00:00,-13.628
2017-06-21 03:45:00,-14.54
2017-06-21 03:30:00,-14.971
2017-06-21 03:15:00,-13.373
2017-06-21 03:00:00,-13.798
2017-06-21 02:45:00,-13.456
2017-06-21 02:30:00,-13.705
2017-06-21 02:15:00,-14.781
2017-06-21 02:00:00,-12.533
2017-06-21 01:45:00,-14.799
2017-06-21 01:30:00,-14.256
2017-06-21 01:15:00,-14.47
2017-06-21 01:00:00,-13.866
2017-06-21 00:45:00,-14.18
2017-06-21 00:30:00,-13.985
2017-06-21 00:15:00,-19.019
2017-06-21 00:00:00,-26.927
2017-06-20 23:45:00,-27.033
2017-06-20 23:30:00,-25.087
2017-06-20 23:15:00,-15.205
2017-06-20 23:00:00,-16.684
2017-06-20 22:45:00,-16.938
2017-06-20 22:30:00,-16.548
2017-06-20 22:15:00,-25.457
2017-06-20 22:00:00,-31.224
2017-06-20 21:45:00,-29.465
2017-06-20 21:30:00,-32.654
2017-06-20 21:15:00,-31.463
2017-06-20 21:00:00,-34.447
2017-06-20 20:45:00,-33.874
2017-06-20 20:30:00,-38.086
2017-06-20 20:15:00,-35.8
2017-06-20 20:00:00,-38.793
2017-06-20 19:45:00,-37.211
2017-06-20 19:30:00,-39.753
2017-06-20 19:15:00,-43.915
2017-06-20 19:00:00,-42.093
2017-06-20 18:45:00,-34.142
2017-06-20 18:30:00,-24.471
2017-06-20 18:15:00,-10.898
2017-06-20 18:00:00,-4.217
2017-06-20 17:45:00,0.403
2017-06-20 17:30:00,0.404
2017-06-20 17:15:00,0.406
2017-06-20 17:00:00,0.408
2017-06-20 16:45:00,0.407
2017-06-20 16:30:00,0.411
2017-06-20 16:15:00,0.408
2017-06-20 16:00:00,0.409
2017-06-20 15:45:00,0.417
2017-06-20 15:30:00,0.421
2017-06-20 15:15:00,0.422
2017-06-20 15:00:00,0.427
2017-06-20 14:45:00,0.435
2017-06-20 14:30:00,0.441
2017-06-20 14:15:00,0.451
2017-06-20 14:00:00,0.476
2017-06-20 13:45:00,0.492
2017-06-20 13:30:00,0.496
2017-06-20 13:15:00,0.519
2017-06-20 13:00:00,25.775
2017-06-20 12:45:00,106.361
2017-06-20 12:30:00,106.142
2017-06-20 12:15:00,106.247
2017-06-20 12:00:00,106.387
2017-06-20 11:45:00,106.586
2017-06-20 11:30:00,106.685
2017-06-20 11:15:00,106.658
2017-06-20 11:00:00,106.803
2017-06-20 10:45:00,106.926
2017-06-20 10:30:00,105.215
2017-06-20 10:15:00,98.392
2017-06-20 10:00:00,87.357
2017-06-20 09:45:00,77.835
2017-06-20 09:30:00,79.189
2017-06-20 09:15:00,73.339
2017-06-20 09:00:00,56.238
2017-06-20 08:45:00,10.47
2017-06-20 08:30:00,1.73
2017-06-20 08:15:00,-6.314
2017-06-20 08:00:00,-0.827
2017-06-20 07:45:00,0.122
2017-06-20 07:30:00,-11.589
2017-06-20 07:15:00,-14.788
2017-06-20 07:00:00,-36.852
2017-06-20 06:45:00,-46.313
2017-06-20 06:30:00,-43.414
2017-06-20 06:15:00,-41.31
2017-06-20 06:00:00,-49.928
2017-06-20 05:45:00,-46.934
2017-06-20 05:30:00,-37.855
2017-06-20 05:15:00,-21.373
2017-06-20 05:00:00,-15.591
2017-06-20 04:45:00,-16.361
2017-06-20 04:30:00,-16.156
2017-06-20 04:15:00,-17.16
2017-06-20 04:00:00,-16.646
2017-06-20 03:45:00,-17.345
2017-06-20 03:30:00,-15.426
2017-06-20 03:15:00,-16.604
2017-06-20 03:00:00,-16.228
2017-06-20 02:45:00,-15.655
2017-06-20 02:30:00,-17.273
2017-06-20 02:15:00,-16.501
2017-06-20 02:00:00,-26.406
2017-06-20 01:45:00,-21.057
2017-06-20 01:30:00,-17.426
2017-06-20 01:15:00,-16.039
2017-06-20 01:00:00,-18.055
2017-06-20 00:45:00,-15.645
2017-06-20 00:30:00,-18.188
2017-06-20 00:15:00,-17.264
2017-06-20 00:00:00,-16.301
2017-06-19 23:45:00,-17.343
2017-06-19 23:30:00,-18.087
2017-06-19 23:15:00,-27.512
2017-06-19 23:00:00,-34.095
2017-06-19 22:45:00,-23.293
2017-06-19 22:30:00,-19.857
2017-06-19 22:15:00,-20.511
2017-06-19 22:00:00,-22.189
2017-06-19 21:45:00,-33.895
2017-06-19 21:30:00,-35.544
2017-06-19 21:15:00,-34.305
2017-06-19 21:00:00,-37.569
2017-06-19 20:45:00,-37.011
2017-06-19 20:30:00,-35.394
2017-06-19 20:15:00,-40.318
2017-06-19 20:00:00,-39.412
2017-06-19 19:45:00,-41.337
2017-06-19 19:30:00,-40.352
2017-06-19 19:15:00,-42.499
2017-06-19 19:00:00,-31.431
2017-06-19 18:45:00,-26.13
2017-06-19 18:30:00,-15.245
2017-06-19 18:15:00,-2.624
2017-06-19 18:00:00,0.04
2017-06-19 17:45:00,0.414
2017-06-19 17:30:00,0.424
2017-06-19 17:15:00,0.419
2017-06-19 17:00:00,0.424
2017-06-19 16:45:00,0.432
2017-06-19 16:30:00,0.45
2017-06-19 16:15:00,0.477
2017-06-19 16:00:00,18.206
2017-06-19 15:45:00,52.831
2017-06-19 15:30:00,62.744
2017-06-19 15:15:00,71.184
2017-06-19 15:00:00,65.885
2017-06-19 14:45:00,70.945
2017-06-19 14:30:00,74.464
2017-06-19 14:15:00,75.303
2017-06-19 14:00:00,82.263
2017-06-19 13:45:00,89.795
2017-06-19 13:30:00,94.399
2017-06-19 13:15:00,91.041
2017-06-19 13:00:00,93.697
2017-06-19 12:45:00,89.042
2017-06-19 12:30:00,89.705
2017-06-19 12:15:00,80.427
2017-06-19 12:00:00,-0.275
2017-06-19 11:45:00,-0.833
2017-06-19 11:30:00,-0.603
2017-06-19 11:15:00,-0.602
2017-06-19 11:00:00,-0.592
2017-06-19 10:45:00,-0.586
2017-06-19 10:30:00,-0.585
2017-06-19 10:15:00,-0.587
2017-06-19 10:00:00,-0.307
2017-06-19 09:45:00,-0.36
2017-06-19 09:30:00,0.0
2017-06-19 09:15:00,0.953
2017-06-19 09:00:00,14.424
2017-06-19 08:45:00,0.786
2017-06-19 08:30:00,2.869
2017-06-19 08:15:00,-5.01
2017-06-19 08:00:00,-11.729
2017-06-19 07:45:00,-26.799
2017-06-19 07:30:00,-19.571
2017-06-19 07:15:00,-20.658
2017-06-19 07:00:00,-22.095
2017-06-19 06:45:00,-27.17
2017-06-19 06:30:00,-34.617
2017-06-19 06:15:00,-36.665
2017-06-19 06:00:00,-36.062
2017-06-19 05:45:00,-37.728
2017-06-19 05:30:00,-31.855
2017-06-19 05:15:00,-12.689
2017-06-19 05:00:00,-11.241
2017-06-19 04:45:00,-10.386
2017-06-19 04:30:00,-11.122
2017-06-19 04:15:00,-12.231
2017-06-19 04:00:00,-9.923
2017-06-19 03:45:00,-10.692
2017-06-19 03:30:00,-10.223
2017-06-19 03:15:00,-8.63
2017-06-19 03:00:00,-11.277
2017-06-19 02:45:00,-9.81
2017-06-19 02:30:00,-11.168
2017-06-19 02:15:00,-11.347
2017-06-19 02:00:00,-10.843
2017-06-19 01:45:00,-10.682
2017-06-19 01:30:00,-12.932
2017-06-19 01:15:00,-11.261
2017-06-19 01:00:00,-11.589
2017-06-19 00:45:00,-12.012
2017-06-19 00:30:00,-12.656
2017-06-19 00:15:00,-13.264
2017-06-19 00:00:00,-15.255
2017-06-18 23:45:00,-14.248
2017-06-18 23:30:00,-16.31
2017-06-18 23:15:00,-15.583
2017-06-18 23:00:00,-16.986
2017-06-18 22:45:00,-17.105
2017-06-18 22:30:00,-18.881
2017-06-18 22:15:00,-16.329
2017-06-18 22:00:00,-30.359
2017-06-18 21:45:00,-33.41
2017-06-18 21:30:00,-27.988
2017-06-18 21:15:00,-20.358
2017-06-18 21:00:00,-17.998
2017-06-18 20:45:00,-20.744
2017-06-18 20:30:00,-18.174
2017-06-18 20:15:00,-21.835
2017-06-18 20:00:00,-32.614
2017-06-18 19:45:00,-37.245
2017-06-18 19:30:00,-33.673
2017-06-18 19:15:00,-36.938
2017-06-18 19:00:00,-27.574
2017-06-18 18:45:00,-17.509
2017-06-18 18:30:00,-7.527
2017-06-18 18:15:00,0.403
2017-06-18 18:00:00,0.406
2017-06-18 17:45:00,0.406
2017-06-18 17:30:00,0.414
2017-06-18 17:15:00,0.413
2017-06-18 17:00:00,0.417
2017-06-18 16:45:00,1.022
2017-06-18 16:30:00,0.41
2017-06-18 16:15:00,0.415
2017-06-18 16:00:00,0.411
2017-06-18 15:45:00,0.423
2017-06-18 15:30:00,0.929
2017-06-18 15:15:00,0.418
2017-06-18 15:00:00,0.416
2017-06-18 14:45:00,0.424
2017-06-18 14:30:00,0.42
2017-06-18 14:15:00,1.026
2017-06-18 14:00:00,0.43
2017-06-18 13:45:00,0.432
2017-06-18 13:30:00,0.427
2017-06-18 13:15:00,1.064
2017-06-18 13:00:00,0.425
2017-06-18 12:45:00,0.423
2017-06-18 12:30:00,1.078
2017-06-18 12:15:00,0.424
2017-06-18 12:00:00,0.425
2017-06-18 11:45:00,1.003
2017-06-18 11:30:00,1.053
2017-06-18 11:15:00,0.423
2017-06-18 11:00:00,1.025
2017-06-18 10:45:00,1.354
2017-06-18 10:30:00,0.409
2017-06-18 10:15:00,1.06
2017-06-18 10:00:00,2.576
2017-06-18 09:45:00,3.243
2017-06-18 09:30:00,8.874
2017-06-18 09:15:00,66.927
2017-06-18 09:00:00,102.541
2017-06-18 08:45:00,91.912
2017-06-18 08:30:00,78.316
2017-06-18 08:15:00,59.721
2017-06-18 08:00:00,21.154
2017-06-18 07:45:00,20.96
2017-06-18 07:30:00,11.867
2017-06-18 07:15:00,2.993
2017-06-18 07:00:00,0.319
2017-06-18 06:45:00,0.418
2017-06-18 06:30:00,-0.079
2017-06-18 06:15:00,0.179
2017-06-18 06:00:00,-0.33
2017-06-18 05:45:00,0.085
2017-06-18 05:30:00,-0.18
2017-06-18 05:15:00,-0.112
2017-06-18 05:00:00,-0.277
2017-06-18 04:45:00,-0.632
2017-06-18 04:30:00,-0.427
2017-06-18 04:15:00,-1.262
2017-06-18 04:00:00,-1.935
2017-06-18 03:45:00,0.059
2017-06-18 03:30:00,0.114
2017-06-18 03:15:00,-0.086
2017-06-18 03:00:00,0.304
2017-06-18 02:45:00,-0.704
2017-06-18 02:30:00,-0.977
2017-06-18 02:15:00,-0.109
2017-06-18 02:00:00,-1.129
2017-06-18 01:45:00,-0.617
2017-06-18 01:30:00,-1.427
2017-06-18 01:15:00,-0.808
2017-06-18 01:00:00,-0.099
2017-06-18 00:45:00,-1.641
2017-06-18 00:30:00,-2.154
2017-06-18 00:15:00,-2.247
2017-06-18 00:00:00,-2.884
2017-06-17 23:45:00,-6.027
2017-06-17 23:30:00,-6.051
2017-06-17 23:15:00,-7.4
2017-06-17 23:00:00,-5.409
2017-06-17 22:45:00,-5.609
2017-06-17 22:30:00,-8.295
2017-06-17 22:15:00,-5.962
2017-06-17 22:00:00,-22.174
2017-06-17 21:45:00,-23.205
2017-06-17 21:30:00,-18.139
2017-06-17 21:15:00,-18.052
2017-06-17 21:00:00,-20.357
2017-06-17 20:45:00,-16.474
2017-06-17 20:30:00,-20.972
2017-06-17 20:15:00,-34.808
2017-06-17 20:00:00,-34.515
2017-06-17 19:45:00,-35.399
2017-06-17 19:30:00,-36.592
2017-06-17 19:15:00,-37.413
2017-06-17 19:00:00,-30.801
2017-06-17 18:45:00,-23.744
2017-06-17 18:30:00,-14.109
2017-06-17 18:15:00,-2.888
2017-06-17 18:00:00,0.422
2017-06-17 17:45:00,0.427
2017-06-17 17:30:00,0.435
2017-06-17 17:15:00,0.432
2017-06-17 17:00:00,0.435
2017-06-17 16:45:00,0.426
2017-06-17 16:30:00,0.425
2017-06-17 16:15:00,0.431
2017-06-17 16:00:00,0.426
2017-06-17 15:45:00,0.431
2017-06-17 15:30:00,0.429
2017-06-17 15:15:00,0.428
2017-06-17 15:00:00,0.437
2017-06-17 14:45:00,0.431
2017-06-17 14:30:00,0.439
2017-06-17 14:15:00,0.437
2017-06-17 14:00:00,0.437
2017-06-17 13:45:00,0.442
2017-06-17 13:30:00,0.436
2017-06-17 13:15:00,0.435
2017-06-17 13:00:00,0.448
2017-06-17 12:45:00,0.456
2017-06-17 12:30:00,0.472
2017-06-17 12:15:00,0.493
2017-06-17 12:00:00,0.504
2017-06-17 11:45:00,0.603
2017-06-17 11:30:00,85.123
2017-06-17 11:15:00,106.535
2017-06-17 11:00:00,106.572
2017-06-17 10:45:00,106.663
2017-06-17 10:30:00,106.778
2017-06-17 10:15:00,107.002
2017-06-17 10:00:00,107.105
2017-06-17 09:45:00,107.124
2017-06-17 09:30:00,107.15
2017-06-17 09:15:00,103.804
2017-06-17 09:00:00,73.146
2017-06-17 08:45:00,25.954
2017-06-17 08:30:00,5.475
2017-06-17 08:15:00,2.251
2017-06-17 08:00:00,1.186
2017-06-17 07:45:00,6.332
2017-06-17 07:30:00,5.159
2017-06-17 07:15:00,-3.369
2017-06-17 07:00:00,-1.191
2017-06-17 06:45:00,-2.466
2017-06-17 06:30:00,-12.126
2017-06-17 06:15:00,-11.982
2017-06-17 06:00:00,-14.296
2017-06-17 05:45:00,-12.281
2017-06-17 05:30:00,-15.347
2017-06-17 05:15:00,-12.448
2017-06-17 05:00:00,-13.371
2017-06-17 04:45:00,-13.295
2017-06-17 04:30:00,-15.193
2017-06-17 04:15:00,-13.211
2017-06-17 04:00:00,-15.483
2017-06-17 03:45:00,-11.285
2017-06-17 03:30:00,-15.003
2017-06-17 03:15:00,-13.97
2017-06-17 03:00:00,-13.507
2017-06-17 02:45:00,-13.768
2017-06-17 02:30:00,-15.218
2017-06-17 02:15:00,-13.25
2017-06-17 02:00:00,-15.203
2017-06-17 01:45:00,-14.151
2017-06-17 01:30:00,-13.688
2017-06-17 01:15:00,-14.759
2017-06-17 01:00:00,-13.737
2017-06-17 00:45:00,-15.858
2017-06-17 00:30:00,-16.007
2017-06-17 00:15:00,-17.892
2017-06-17 00:00:00,-17.952
2017-06-16 23:45:00,-19.522
2017-06-16 23:30:00,-32.018
2017-06-16 23:15:00,-33.015
2017-06-16 23:00:00,-21.605
2017-06-16 22:45:00,-18.377
2017-06-16 22:30:00,-21.589
2017-06-16 22:15:00,-19.571
2017-06-16 22:00:00,-22.739
2017-06-16 21:45:00,-34.725
2017-06-16 21:30:00,-35.645
2017-06-16 21:15:00,-34.512
2017-06-16 21:00:00,-38.012
2017-06-16 20:45:00,-34.856
2017-06-16 20:30:00,-36.433
2017-06-16 20:15:00,-39.822
2017-06-16 20:00:00,-40.0
2017-06-16 19:45:00,-41.822
2017-06-16 19:30:00,-42.358
2017-06-16 19:15:00,-41.362
2017-06-16 19:00:00,-38.596
2017-06-16 18:45:00,-28.64
2017-06-16 18:30:00,-19.387
2017-06-16 18:15:00,-7.702
2017-06-16 18:00:00,-3.223
2017-06-16 17:45:00,0.422
2017-06-16 17:30:00,0.421
2017-06-16 17:15:00,0.424
2017-06-16 17:00:00,0.426
2017-06-16 16:45:00,0.427
2017-06-16 16:30:00,0.423
2017-06-16 16:15:00,0.434
2017-06-16 16:00:00,0.434
2017-06-16 15:45:00,0.435
2017-06-16 15:30:00,0.442
2017-06-16 15:15:00,0.444
2017-06-16 15:00:00,0.446
2017-06-16 14:45:00,0.457
2017-06-16 14:30:00,0.474
2017-06-16 14:15:00,0.503
2017-06-16 14:00:00,0.52
2017-06-16 13:45:00,23.473
2017-06-16 13:30:00,94.544
2017-06-16 13:15:00,96.905
2017-06-16 13:00:00,96.405
2017-06-16 12:45:00,75.796
2017-06-16 12:30:00,81.463
2017-06-16 12:15:00,75.765
2017-06-16 12:00:00,80.525
2017-06-16 11:45:00,71.616
2017-06-16 11:30:00,70.998
2017-06-16 11:15:00,62.943
2017-06-16 11:00:00,78.193
2017-06-16 10:45:00,74.516
2017-06-16 10:30:00,72.692
2017-06-16 10:15:00,67.456
2017-06-16 10:00:00,63.136
2017-06-16 09:45:00,58.837
2017-06-16 09:30:00,55.98
2017-06-16 09:15:00,43.286
2017-06-16 09:00:00,23.131
2017-06-16 08:45:00,4.915
2017-06-16 08:30:00,3.922
2017-06-16 08:15:00,0.38
2017-06-16 08:00:00,-8.342
2017-06-16 07:45:00,-23.552
2017-06-16 07:30:00,-29.858
2017-06-16 07:15:00,-27.087
2017-06-16 07:00:00,-26.279
2017-06-16 06:45:00,-31.289
2017-06-16 06:30:00,-36.674
2017-06-16 06:15:00,-33.541
2017-06-16 06:00:00,-32.228
2017-06-16 05:45:00,-35.598
2017-06-16 05:30:00,-30.722
2017-06-16 05:15:00,-16.113
2017-06-16 05:00:00,-8.969
2017-06-16 04:45:00,-8.576
2017-06-16 04:30:00,-9.796
2017-06-16 04:15:00,-11.039
2017-06-16 04:00:00,-11.87
2017-06-16 03:45:00,-9.687
2017-06-16 03:30:00,-12.017
2017-06-16 03:15:00,-10.301
2017-06-16 03:00:00,-11.35
2017-06-16 02:45:00,-10.96
2017-06-16 02:30:00,-9.648
2017-06-16 02:15:00,-10.803
2017-06-16 02:00:00,-12.221
2017-06-16 01:45:00,-10.995
2017-06-16 01:30:00,-11.441
2017-06-16 01:15:00,-11.295
2017-06-16 01:00:00,-9.561
2017-06-16 00:45:00,-11.633
2017-06-16 00:30:00,-12.979
2017-06-16 00:15:00,-10.798
2017-06-16 00:00:00,-13.77
2017-06-15 23:45:00,-14.058
2017-06-15 23:30:00,-13.6
2017-06-15 23:15:00,-15.233
2017-06-15 23:00:00,-16.82
2017-06-15 22:45:00,-14.815
2017-06-15 22:30:00,-27.851
2017-06-15 22:15:00,-26.523
2017-06-15 22:00:00,-15.934
2017-06-15 21:45:00,-17.57
2017-06-15 21:30:00,-16.39
2017-06-15 21:15:00,-17.696
2017-06-15 21:00:00,-29.219
2017-06-15 20:45:00,-40.846
2017-06-15 20:30:00,-43.234
2017-06-15 20:15:00,-45.623
2017-06-15 20:00:00,-40.166
2017-06-15 19:45:00,-42.484
2017-06-15 19:30:00,-41.152
2017-06-15 19:15:00,-39.803
2017-06-15 19:00:00,-38.554
2017-06-15 18:45:00,-31.031
2017-06-15 18:30:00,-21.604
2017-06-15 18:15:00,-10.176
2017-06-15 18:00:00,-3.515
2017-06-15 17:45:00,0.421
2017-06-15 17:30:00,0.418
2017-06-15 17:15:00,0.416
2017-06-15 17:00:00,0.423
2017-06-15 16:45:00,0.414
2017-06-15 16:30:00,0.416
2017-06-15 16:15:00,0.414
2017-06-15 16:00:00,0.419
2017-06-15 15:45:00,0.416
2017-06-15 15:30:00,0.422
2017-06-15 15:15:00,0.418
2017-06-15 15:00:00,0.426
2017-06-15 14:45:00,0.423
2017-06-15 14:30:00,0.426
2017-06-15 14:15:00,0.425
2017-06-15 14:00:00,0.429
2017-06-15 13:45:00,0.425
2017-06-15 13:30:00,0.434
2017-06-15 13:15:00,0.433
2017-06-15 13:00:00,0.444
2017-06-15 12:45:00,0.439
2017-06-15 12:30:00,0.458
2017-06-15 12:15:00,0.47
2017-06-15 12:00:00,0.522
2017-06-15 11:45:00,72.628
2017-06-15 11:30:00,84.937
2017-06-15 11:15:00,83.074
2017-06-15 11:00:00,94.575
2017-06-15 10:45:00,94.115
2017-06-15 10:30:00,98.305
2017-06-15 10:15:00,90.196
2017-06-15 10:00:00,86.199
2017-06-15 09:45:00,80.506
2017-06-15 09:30:00,68.731
2017-06-15 09:15:00,69.305
2017-06-15 09:00:00,68.428
2017-06-15 08:45:00,52.985
2017-06-15 08:30:00,26.992
2017-06-15 08:15:00,17.241
2017-06-15 08:00:00,9.269
2017-06-15 07:45:00,1.644
2017-06-15 07:30:00,-1.717
2017-06-15 07:15:00,-14.309
2017-06-15 07:00:00,-25.695
2017-06-15 06:45:00,-30.835
2017-06-15 06:30:00,-34.109
2017-06-15 06:15:00,-36.556
2017-06-15 06:00:00,-34.372
2017-06-15 05:45:00,-40.008
2017-06-15 05:30:00,-33.794
2017-06-15 05:15:00,-11.483
2017-06-15 05:00:00,-8.066
2017-06-15 04:45:00,-7.133
2017-06-15 04:30:00,-7.507
2017-06-15 04:15:00,-8.369
2017-06-15 04:00:00,-7.494
2017-06-15 03:45:00,-6.943
2017-06-15 03:30:00,-10.145
2017-06-15 03:15:00,-7.537
2017-06-15 03:00:00,-8.65
2017-06-15 02:45:00,-8.188
2017-06-15 02:30:00,-7.018
2017-06-15 02:15:00,-8.997
2017-06-15 02:00:00,-7.674
2017-06-15 01:45:00,-9.677
2017-06-15 01:30:00,-9.232
2017-06-15 01:15:00,-12.485
2017-06-15 01:00:00,-10.426
2017-06-15 00:45:00,-12.096
2017-06-15 00:30:00,-12.28
2017-06-15 00:15:00,-12.585
2017-06-15 00:00:00,-12.04
2017-06-14 23:45:00,-12.884
2017-06-14 23:30:00,-12.534
2017-06-14 23:15:00,-13.205
2017-06-14 23:00:00,-13.978
2017-06-14 22:45:00,-13.173
2017-06-14 22:30:00,-15.358
2017-06-14 22:15:00,-13.654
2017-06-14 22:00:00,-16.849
2017-06-14 21:45:00,-15.705
2017-06-14 21:30:00,-20.368
2017-06-14 21:15:00,-30.619
2017-06-14 21:00:00,-22.814
2017-06-14 20:45:00,-19.134
2017-06-14 20:30:00,-28.68
2017-06-14 20:15:00,-30.142
2017-06-14 20:00:00,-27.617
2017-06-14 19:45:00,-41.861
2017-06-14 19:30:00,-44.086
2017-06-14 19:15:00,-42.708
2017-06-14 19:00:00,-42.405
2017-06-14 18:45:00,-34.181
2017-06-14 18:30:00,-23.56
2017-06-14 18:15:00,-16.176
2017-06-14 18:00:00,-9.8
2017-06-14 17:45:00,-2.16
2017-06-14 17:30:00,-0.459
2017-06-14 17:15:00,0.411
2017-06-14 17:00:00,0.415
2017-06-14 16:45:00,0.421
2017-06-14 16:30:00,0.43
2017-06-14 16:15:00,0.436
2017-06-14 16:00:00,0.441
2017-06-14 15:45:00,0.441
2017-06-14 15:30:00,0.435
2017-06-14 15:15:00,0.427
2017-06-14 15:00:00,0.427
2017-06-14 14:45:00,0.43
2017-06-14 14:30:00,0.433
2017-06-14 14:15:00,0.431
2017-06-14 14:00:00,0.433
2017-06-14 13:45:00,0.449
2017-06-14 13:30:00,0.478
2017-06-14 13:15:00,0.485
2017-06-14 13:00:00,0.507
2017-06-14 12:45:00,37.012
2017-06-14 12:30:00,95.553
2017-06-14 12:15:00,103.484
2017-06-14 12:00:00,100.241
2017-06-14 11:45:00,99.809
2017-06-14 11:30:00,91.112
2017-06-14 11:15:00,88.808
2017-06-14 11:00:00,101.333
2017-06-14 10:45:00,103.413
2017-06-14 10:30:00,98.346
2017-06-14 10:15:00,88.758
2017-06-14 10:00:00,81.448
2017-06-14 09:45:00,72.803
2017-06-14 09:30:00,64.57
2017-06-14 09:15:00,56.307
2017-06-14 09:00:00,46.26
2017-06-14 08:45:00,25.603
2017-06-14 08:30:00,23.202
2017-06-14 08:15:00,21.181
2017-06-14 08:00:00,6.2
2017-06-14 07:45:00,1.598
2017-06-14 07:30:00,-3.108
2017-06-14 07:15:00,-16.04
2017-06-14 07:00:00,-29.01
2017-06-14 06:45:00,-34.103
2017-06-14 06:30:00,-28.31
2017-06-14 06:15:00,-35.682
2017-06-14 06:00:00,-35.244
2017-06-14 05:45:00,-36.634
2017-06-14 05:30:00,-35.91
2017-06-14 05:15:00,-18.525
2017-06-14 05:00:00,-18.859
2017-06-14 04:45:00,-17.927
2017-06-14 04:30:00,-19.528
2017-06-14 04:15:00,-18.733
2017-06-14 04:00:00,-18.632
2017-06-14 03:45:00,-18.586
2017-06-14 03:30:00,-18.694
2017-06-14 03:15:00,-18.824
2017-06-14 03:00:00,-17.922
2017-06-14 02:45:00,-17.918
2017-06-14 02:30:00,-19.47
2017-06-14 02:15:00,-20.797
2017-06-14 02:00:00,-20.773
2017-06-14 01:45:00,-20.313
2017-06-14 01:30:00,-20.513
2017-06-14 01:15:00,-20.495
2017-06-14 01:00:00,-22.074
2017-06-14 00:45:00,-20.431
2017-06-14 00:30:00,-22.593
2017-06-14 00:15:00,-22.664
2017-06-14 00:00:00,-22.135
2017-06-13 23:45:00,-24.506
2017-06-13 23:30:00,-23.795
2017-06-13 23:15:00,-24.35
2017-06-13 23:00:00,-23.68
2017-06-13 22:45:00,-24.886
2017-06-13 22:30:00,-24.597
2017-06-13 22:15:00,-25.095
2017-06-13 22:00:00,-25.887
2017-06-13 21:45:00,-25.199
2017-06-13 21:30:00,-27.898
2017-06-13 21:15:00,-25.262
2017-06-13 21:00:00,-30.357
2017-06-13 20:45:00,-26.257
2017-06-13 20:30:00,-28.738
2017-06-13 20:15:00,-28.822
2017-06-13 20:00:00,-29.522
2017-06-13 19:45:00,-30.108
2017-06-13 19:30:00,-33.862
2017-06-13 19:15:00,-48.103
2017-06-13 19:00:00,-39.141
2017-06-13 18:45:00,-34.897
2017-06-13 18:30:00,-8.227
2017-06-13 18:15:00,0.35
2017-06-13 18:00:00,0.42
2017-06-13 17:45:00,0.419
2017-06-13 17:30:00,0.425
2017-06-13 17:15:00,0.425
2017-06-13 17:00:00,0.429
2017-06-13 16:45:00,0.429
2017-06-13 16:30:00,0.429
2017-06-13 16:15:00,0.435
2017-06-13 16:00:00,0.438
2017-06-13 15:45:00,0.438
2017-06-13 15:30:00,0.44
2017-06-13 15:15:00,0.442
2017-06-13 15:00:00,0.448
2017-06-13 14:45:00,0.447
2017-06-13 14:30:00,0.452
2017-06-13 14:15:00,0.452
2017-06-13 14:00:00,0.464
2017-06-13 13:45:00,0.476
2017-06-13 13:30:00,0.503
2017-06-13 13:15:00,0.508
2017-06-13 13:00:00,0.631
2017-06-13 12:45:00,91.98
2017-06-13 12:30:00,104.078
2017-06-13 12:15:00,104.643
2017-06-13 12:00:00,101.977
2017-06-13 11:45:00,106.69
2017-06-13 11:30:00,106.591
2017-06-13 11:15:00,106.869
2017-06-13 11:00:00,105.236
2017-06-13 10:45:00,101.203
2017-06-13 10:30:00,99.308
2017-06-13 10:15:00,90.647
2017-06-13 10:00:00,79.905
2017-06-13 09:45:00,75.77
2017-06-13 09:30:00,59.167
2017-06-13 09:15:00,50.694
2017-06-13 09:00:00,36.404
2017-06-13 08:45:00,23.267
2017-06-13 08:30:00,8.259
2017-06-13 08:15:00,0.305
2017-06-13 08:00:00,-6.125
2017-06-13 07:45:00,-9.221
2017-06-13 07:30:00,-18.219
2017-06-13 07:15:00,-45.428
2017-06-13 07:00:00,-34.521
2017-06-13 06:45:00,-42.016
2017-06-13 06:30:00,-44.839
2017-06-13 06:15:00,-44.169
2017-06-13 06:00:00,-42.905
2017-06-13 05:45:00,-45.89
2017-06-13 05:30:00,-42.874
2017-06-13 05:15:00,-23.928
2017-06-13 05:00:00,-17.871
2017-06-13 04:45:00,-19.784
2017-06-13 04:30:00,-17.673
2017-06-13 04:15:00,-19.964
2017-06-13 04:00:00,-17.992
2017-06-13 03:45:00,-18.36
2017-06-13 03:30:00,-18.795
2017-06-13 03:15:00,-17.636
2017-06-13 03:00:00,-19.655
2017-06-13 02:45:00,-17.505
2017-06-13 02:30:00,-20.726
2017-06-13 02:15:00,-17.951
2017-06-13 02:00:00,-19.552
2017-06-13 01:45:00,-18.599
2017-06-13 01:30:00,-19.914
2017-06-13 01:15:00,-17.872
2017-06-13 01:00:00,-19.573
2017-06-13 00:45:00,-18.993
2017-06-13 00:30:00,-19.542
2017-06-13 00:15:00,-18.997
2017-06-13 00:00:00,-20.0
2017-06-12 23:45:00,-20.369
2017-06-12 23:30:00,-20.717
2017-06-12 23:15:00,-20.715
2017-06-12 23:00:00,-22.752
2017-06-12 22:45:00,-21.931
2017-06-12 22:30:00,-20.93
2017-06-12 22:15:00,-24.196
2017-06-12 22:00:00,-22.22
2017-06-12 21:45:00,-23.876
2017-06-12 21:30:00,-26.023
2017-06-12 21:15:00,-25.127
2017-06-12 21:00:00,-23.452
2017-06-12 20:45:00,-24.812
2017-06-12 20:30:00,-30.875
2017-06-12 20:15:00,-29.964
2017-06-12 20:00:00,-39.107
2017-06-12 19:45:00,-33.107
2017-06-12 19:30:00,-25.049
2017-06-12 19:15:00,-26.79
2017-06-12 19:00:00,-17.53
2017-06-12 18:45:00,-7.72
2017-06-12 18:30:00,-0.87
2017-06-12 18:15:00,0.419
2017-06-12 18:00:00,0.423
2017-06-12 17:45:00,0.422
2017-06-12 17:30:00,0.428
2017-06-12 17:15:00,0.426
2017-06-12 17:00:00,0.428
2017-06-12 16:45:00,0.43
2017-06-12 16:30:00,0.435
2017-06-12 16:15:00,0.429
2017-06-12 16:00:00,0.429
2017-06-12 15:45:00,0.429
2017-06-12 15:30:00,0.433
2017-06-12 15:15:00,0.437
2017-06-12 15:00:00,0.435
2017-06-12 14:45:00,0.44
2017-06-12 14:30:00,0.443
2017-06-12 14:15:00,0.449
2017-06-12 14:00:00,0.454
2017-06-12 13:45:00,0.455
2017-06-12 13:30:00,0.478
2017-06-12 13:15:00,0.491
2017-06-12 13:00:00,0.503
2017-06-12 12:45:00,0.573
2017-06-12 12:30:00,68.748
2017-06-12 12:15:00,106.297
2017-06-12 12:00:00,106.292
2017-06-12 11:45:00,106.334
2017-06-12 11:30:00,106.465
2017-06-12 11:15:00,101.054
2017-06-12 11:00:00,106.721
2017-06-12 10:45:00,106.845
2017-06-12 10:30:00,106.966
2017-06-12 10:15:00,106.691
2017-06-12 10:00:00,104.718
2017-06-12 09:45:00,98.12
2017-06-12 09:30:00,89.698
2017-06-12 09:15:00,78.86
2017-06-12 09:00:00,70.474
2017-06-12 08:45:00,49.666
2017-06-12 08:30:00,38.228
2017-06-12 08:15:00,6.373
2017-06-12 08:00:00,6.541
2017-06-12 07:45:00,-2.686
2017-06-12 07:30:00,-23.276
2017-06-12 07:15:00,-26.735
2017-06-12 07:00:00,-45.142
2017-06-12 06:45:00,-44.32
2017-06-12 06:30:00,-50.001
2017-06-12 06:15:00,-59.971
2017-06-12 06:00:00,-55.111
2017-06-12 05:45:00,-45.493
2017-06-12 05:30:00,-46.244
2017-06-12 05:15:00,-25.514
2017-06-12 05:00:00,-20.519
2017-06-12 04:45:00,-18.985
2017-06-12 04:30:00,-20.961
2017-06-12 04:15:00,-19.472
2017-06-12 04:00:00,-21.093
2017-06-12 03:45:00,-18.271
2017-06-12 03:30:00,-20.982
2017-06-12 03:15:00,-19.284
2017-06-12 03:00:00,-20.79
2017-06-12 02:45:00,-20.416
2017-06-12 02:30:00,-20.63
2017-06-12 02:15:00,-20.5
2017-06-12 02:00:00,-19.518
2017-06-12 01:45:00,-21.193
2017-06-12 01:30:00,-20.944
2017-06-12 01:15:00,-21.11
2017-06-12 01:00:00,-20.183
2017-06-12 00:45:00,-22.143
2017-06-12 00:30:00,-20.858
2017-06-12 00:15:00,-21.931
2017-06-12 00:00:00,-20.674
2017-06-11 23:45:00,-21.613
2017-06-11 23:30:00,-20.677
2017-06-11 23:15:00,-22.883
2017-06-11 23:00:00,-22.014
2017-06-11 22:45:00,-23.0
2017-06-11 22:30:00,-23.404
2017-06-11 22:15:00,-22.99
2017-06-11 22:00:00,-25.632
2017-06-11 21:45:00,-23.048
2017-06-11 21:30:00,-25.179
2017-06-11 21:15:00,-23.941
2017-06-11 21:00:00,-24.462
2017-06-11 20:45:00,-24.389
2017-06-11 20:30:00,-25.833
2017-06-11 20:15:00,-26.582
2017-06-11 20:00:00,-25.199
2017-06-11 19:45:00,-25.625
2017-06-11 19:30:00,-26.139
2017-06-11 19:15:00,-24.658
2017-06-11 19:00:00,-30.439
2017-06-11 18:45:00,-5.748
2017-06-11 18:30:00,-0.917
2017-06-11 18:15:00,-1.906
2017-06-11 18:00:00,-0.23
2017-06-11 17:45:00,0.368
2017-06-11 17:30:00,0.416
2017-06-11 17:15:00,0.42
2017-06-11 17:00:00,0.417
2017-06-11 16:45:00,0.422
2017-06-11 16:30:00,0.42
2017-06-11 16:15:00,0.419
2017-06-11 16:00:00,0.425
2017-06-11 15:45:00,0.425
2017-06-11 15:30:00,0.427
2017-06-11 15:15:00,0.425
2017-06-11 15:00:00,0.423
2017-06-11 14:45:00,0.428
2017-06-11 14:30:00,0.425
2017-06-11 14:15:00,0.436
2017-06-11 14:00:00,0.439
2017-06-11 13:45:00,0.465
2017-06-11 13:30:00,0.475
2017-06-11 13:15:00,0.546
2017-06-11 13:00:00,67.853
2017-06-11 12:45:00,98.717
2017-06-11 12:30:00,88.866
2017-06-11 12:15:00,89.935
2017-06-11 12:00:00,92.542
2017-06-11 11:45:00,99.474
2017-06-11 11:30:00,91.803
2017-06-11 11:15:00,77.332
2017-06-11 11:00:00,78.267
2017-06-11 10:45:00,65.176
2017-06-11 10:30:00,76.038
2017-06-11 10:15:00,75.492
2017-06-11 10:00:00,65.645
2017-06-11 09:45:00,26.915
2017-06-11 09:30:00,6.065
2017-06-11 09:15:00,13.73
2017-06-11 09:00:00,6.345
2017-06-11 08:45:00,22.437
2017-06-11 08:30:00,2.786
2017-06-11 08:15:00,0.151
2017-06-11 08:00:00,-1.856
2017-06-11 07:45:00,-1.385
2017-06-11 07:30:00,-3.525
2017-06-11 07:15:00,-8.762
2017-06-11 07:00:00,-16.367
2017-06-11 06:45:00,-17.108
2017-06-11 06:30:00,-18.171
2017-06-11 06:15:00,-18.868
2017-06-11 06:00:00,-19.776
2017-06-11 05:45:00,-19.42
2017-06-11 05:30:00,-17.696
2017-06-11 05:15:00,-17.983
2017-06-11 05:00:00,-19.257
2017-06-11 04:45:00,-18.609
2017-06-11 04:30:00,-19.53
2017-06-11 04:15:00,-18.5
2017-06-11 04:00:00,-18.759
2017-06-11 03:45:00,-19.338
2017-06-11 03:30:00,-18.251
2017-06-11 03:15:00,-19.486
2017-06-11 03:00:00,-19.496
2017-06-11 02:45:00,-19.939
2017-06-11 02:30:00,-19.025
2017-06-11 02:15:00,-19.546
2017-06-11 02:00:00,-19.762
2017-06-11 01:45:00,-20.249
2017-06-11 01:30:00,-20.074
2017-06-11 01:15:00,-19.893
2017-06-11 01:00:00,-20.037
2017-06-11 00:45:00,-19.799
2017-06-11 00:30:00,-21.074
2017-06-11 00:15:00,-20.845
2017-06-11 00:00:00,-20.826
2017-06-10 23:45:00,-19.911
2017-06-10 23:30:00,-22.51
2017-06-10 23:15:00,-21.831
2017-06-10 23:00:00,-20.97
2017-06-10 22:45:00,-22.49
2017-06-10 22:30:00,-21.241
2017-06-10 22:15:00,-22.56
2017-06-10 22:00:00,-23.139
2017-06-10 21:45:00,-24.19
2017-06-10 21:30:00,-22.151
2017-06-10 21:15:00,-23.273
2017-06-10 21:00:00,-23.293
2017-06-10 20:45:00,-23.216
2017-06-10 20:30:00,-25.849
2017-06-10 20:15:00,-24.846
2017-06-10 20:00:00,-25.123
2017-06-10 19:45:00,-24.184
2017-06-10 19:30:00,-23.116
2017-06-10 19:15:00,-16.846
2017-06-10 19:00:00,-14.101
2017-06-10 18:45:00,-5.291
2017-06-10 18:30:00,-4.466
2017-06-10 18:15:00,-1.074
2017-06-10 18:00:00,0.416
2017-06-10 17:45:00,0.414
2017-06-10 17:30:00,0.418
2017-06-10 17:15:00,0.412
2017-06-10 17:00:00,0.419
2017-06-10 16:45:00,0.415
2017-06-10 16:30:00,0.424
2017-06-10 16:15:00,0.426
2017-06-10 16:00:00,0.427
2017-06-10 15:45:00,0.427
2017-06-10 15:30:00,0.429
2017-06-10 15:15:00,0.426
2017-06-10 15:00:00,0.436
2017-06-10 14:45:00,0.47
2017-06-10 14:30:00,0.482
2017-06-10 14:15:00,0.53
2017-06-10 14:00:00,55.375
2017-06-10 13:45:00,106.235
2017-06-10 13:30:00,105.04
2017-06-10 13:15:00,104.187
2017-06-10 13:00:00,106.074
2017-06-10 12:45:00,100.09
2017-06-10 12:30:00,80.507
2017-06-10 12:15:00,59.083
2017-06-10 12:00:00,68.623
2017-06-10 11:45:00,71.513
2017-06-10 11:30:00,86.755
2017-06-10 11:15:00,83.169
2017-06-10 11:00:00,44.939
2017-06-10 10:45:00,30.381
2017-06-10 10:30:00,20.582
2017-06-10 10:15:00,10.283
2017-06-10 10:00:00,15.145
2017-06-10 09:45:00,22.952
2017-06-10 09:30:00,11.052
2017-06-10 09:15:00,12.074
2017-06-10 09:00:00,20.114
2017-06-10 08:45:00,3.456
2017-06-10 08:30:00,0.28
2017-06-10 08:15:00,0.667
2017-06-10 08:00:00,-0.109
2017-06-10 07:45:00,0.193
2017-06-10 07:30:00,-3.761
2017-06-10 07:15:00,-14.555
2017-06-10 07:00:00,-27.666
2017-06-10 06:45:00,-30.751
2017-06-10 06:30:00,-25.953
2017-06-10 06:15:00,-15.675
2017-06-10 06:00:00,-16.799
2017-06-10 05:45:00,-17.335
2017-06-10 05:30:00,-16.578
2017-06-10 05:15:00,-17.737
2017-06-10 05:00:00,-16.306
2017-06-10 04:45:00,-18.266
2017-06-10 04:30:00,-18.038
2017-06-10 04:15:00,-17.204
2017-06-10 04:00:00,-17.718
2017-06-10 03:45:00,-18.735
2017-06-10 03:30:00,-16.835
2017-06-10 03:15:00,-17.946
2017-06-10 03:00:00,-18.305
2017-06-10 02:45:00,-17.278
2017-06-10 02:30:00,-19.447
2017-06-10 02:15:00,-19.572
2017-06-10 02:00:00,-18.444
2017-06-10 01:45:00,-17.772
2017-06-10 01:30:00,-19.172
2017-06-10 01:15:00,-18.818
2017-06-10 01:00:00,-18.049
2017-06-10 00:45:00,-19.604
2017-06-10 00:30:00,-18.959
2017-06-10 00:15:00,-18.303
2017-06-10 00:00:00,-22.584
2017-06-09 23:45:00,-27.551
2017-06-09 23:30:00,-36.385
2017-06-09 23:15:00,-34.44
2017-06-09 23:00:00,-19.832
2017-06-09 22:45:00,-21.075
2017-06-09 22:30:00,-21.368
2017-06-09 22:15:00,-21.751
2017-06-09 22:00:00,-21.812
2017-06-09 21:45:00,-23.413
2017-06-09 21:30:00,-22.639
2017-06-09 21:15:00,-24.051
2017-06-09 21:00:00,-25.726
2017-06-09 20:45:00,-24.101
2017-06-09 20:30:00,-26.753
2017-06-09 20:15:00,-26.832
2017-06-09 20:00:00,-25.734
2017-06-09 19:45:00,-27.868
2017-06-09 19:30:00,-27.694
2017-06-09 19:15:00,-41.744
2017-06-09 19:00:00,-36.102
2017-06-09 18:45:00,-29.866
2017-06-09 18:30:00,-24.271
2017-06-09 18:15:00,-15.676
2017-06-09 18:00:00,-5.796
2017-06-09 17:45:00,0.351
2017-06-09 17:30:00,0.434
2017-06-09 17:15:00,0.429
2017-06-09 17:00:00,0.431
2017-06-09 16:45:00,0.432
2017-06-09 16:30:00,0.429
2017-06-09 16:15:00,0.435
2017-06-09 16:00:00,0.445
2017-06-09 15:45:00,0.447
2017-06-09 15:30:00,0.451
2017-06-09 15:15:00,0.451
2017-06-09 15:00:00,0.454
2017-06-09 14:45:00,0.47
2017-06-09 14:30:00,0.474
2017-06-09 14:15:00,0.485
2017-06-09 14:00:00,0.507
2017-06-09 13:45:00,0.513
2017-06-09 13:30:00,0.551
2017-06-09 13:15:00,54.93
2017-06-09 13:00:00,98.457
2017-06-09 12:45:00,102.826
2017-06-09 12:30:00,97.738
2017-06-09 12:15:00,94.156
2017-06-09 12:00:00,94.272
2017-06-09 11:45:00,92.841
2017-06-09 11:30:00,91.94
2017-06-09 11:15:00,82.928
2017-06-09 11:00:00,95.748
2017-06-09 10:45:00,90.883
2017-06-09 10:30:00,88.263
2017-06-09 10:15:00,80.053
2017-06-09 10:00:00,76.14
2017-06-09 09:45:00,65.629
2017-06-09 09:30:00,53.229
2017-06-09 09:15:00,54.662
2017-06-09 09:00:00,50.507
2017-06-09 08:45:00,34.0
2017-06-09 08:30:00,-2.912
2017-06-09 08:15:00,4.515
2017-06-09 08:00:00,-5.183
2017-06-09 07:45:00,-15.542
2017-06-09 07:30:00,-15.851
2017-06-09 07:15:00,-6.144
2017-06-09 07:00:00,-13.908
2017-06-09 06:45:00,-18.107
2017-06-09 06:30:00,-30.264
2017-06-09 06:15:00,-35.287
2017-06-09 06:00:00,-38.179
2017-06-09 05:45:00,-36.586
2017-06-09 05:30:00,-38.494
2017-06-09 05:15:00,-26.617
2017-06-09 05:00:00,-20.67
2017-06-09 04:45:00,-18.728
2017-06-09 04:30:00,-20.661
2017-06-09 04:15:00,-19.31
2017-06-09 04:00:00,-20.414
2017-06-09 03:45:00,-18.94
2017-06-09 03:30:00,-20.558
2017-06-09 03:15:00,-18.243
2017-06-09 03:00:00,-21.59
2017-06-09 02:45:00,-20.085
2017-06-09 02:30:00,-20.639
2017-06-09 02:15:00,-20.697
2017-06-09 02:00:00,-19.933
2017-06-09 01:45:00,-20.928
2017-06-09 01:30:00,-19.425
2017-06-09 01:15:00,-20.709
2017-06-09 01:00:00,-20.004
2017-06-09 00:45:00,-20.874
2017-06-09 00:30:00,-21.323
2017-06-09 00:15:00,-19.883
2017-06-09 00:00:00,-22.08
2017-06-08 23:45:00,-20.419
2017-06-08 23:30:00,-21.366
2017-06-08 23:15:00,-19.905
2017-06-08 23:00:00,-22.248
2017-06-08 22:45:00,-20.232
2017-06-08 22:30:00,-21.503
2017-06-08 22:15:00,-21.35
2017-06-08 22:00:00,-24.264
2017-06-08 21:45:00,-23.697
2017-06-08 21:30:00,-25.339
2017-06-08 21:15:00,-26.374
2017-06-08 21:00:00,-35.605
2017-06-08 20:45:00,-42.611
2017-06-08 20:30:00,-30.214
2017-06-08 20:15:00,-29.533
2017-06-08 20:00:00,-29.91
2017-06-08 19:45:00,-29.736
2017-06-08 19:30:00,-28.467
2017-06-08 19:15:00,-27.482
2017-06-08 19:00:00,-18.122
2017-06-08 18:45:00,-5.07
2017-06-08 18:30:00,-1.46
2017-06-08 18:15:00,-12.341
2017-06-08 18:00:00,-15.278
2017-06-08 17:45:00,-8.338
2017-06-08 17:30:00,-3.163
2017-06-08 17:15:00,0.875
2017-06-08 17:00:00,0.964
2017-06-08 16:45:00,2.107
2017-06-08 16:30:00,-1.525
2017-06-08 16:15:00,0.709
2017-06-08 16:00:00,0.418
2017-06-08 15:45:00,0.424
2017-06-08 15:30:00,0.429
2017-06-08 15:15:00,0.433
2017-06-08 15:00:00,0.432
2017-06-08 14:45:00,1.204
2017-06-08 14:30:00,0.437
2017-06-08 14:15:00,0.438
2017-06-08 14:00:00,0.446
2017-06-08 13:45:00,1.023
2017-06-08 13:30:00,0.439
2017-06-08 13:15:00,0.438
2017-06-08 13:00:00,0.438
2017-06-08 12:45:00,0.441
2017-06-08 12:30:00,0.438
2017-06-08 12:15:00,0.44
2017-06-08 12:00:00,0.438
2017-06-08 11:45:00,0.436
2017-06-08 11:30:00,0.441
2017-06-08 11:15:00,0.452
2017-06-08 11:00:00,0.478
2017-06-08 10:45:00,0.561
2017-06-08 10:30:00,96.664
2017-06-08 10:15:00,34.263
2017-06-08 10:00:00,64.476
2017-06-08 09:45:00,38.477
2017-06-08 09:30:00,6.714
2017-06-08 09:15:00,-3.793
2017-06-08 09:00:00,-12.724
2017-06-08 08:45:00,-19.455
2017-06-08 08:30:00,-23.778
2017-06-08 08:15:00,-28.127
2017-06-08 08:00:00,-25.297
2017-06-08 07:45:00,-19.772
2017-06-08 07:30:00,-25.057
2017-06-08 07:15:00,-17.113
2017-06-08 07:00:00,-9.669
2017-06-08 06:45:00,-7.218
2017-06-08 06:30:00,-9.024
2017-06-08 06:15:00,-2.146
2017-06-08 06:00:00,-6.446
2017-06-08 05:45:00,-2.231
2017-06-08 05:30:00,0.209
2017-06-08 05:15:00,1.76
2017-06-08 05:00:00,2.614
2017-06-08 04:45:00,4.878
2017-06-08 04:30:00,7.203
2017-06-08 04:15:00,7.975
2017-06-08 04:00:00,6.025
2017-06-08 03:45:00,5.392
2017-06-08 03:30:00,5.124
2017-06-08 03:15:00,3.901
2017-06-08 03:00:00,5.69
2017-06-08 02:45:00,5.573
2017-06-08 02:30:00,5.622
2017-06-08 02:15:00,4.348
2017-06-08 02:00:00,5.657
2017-06-08 01:45:00,4.151
2017-06-08 01:30:00,6.257
2017-06-08 01:15:00,4.729
2017-06-08 01:00:00,5.33
2017-06-08 00:45:00,4.562
2017-06-08 00:30:00,5.187
2017-06-08 00:15:00,3.55
2017-06-08 00:00:00,4.825
2017-06-07 23:45:00,4.812
2017-06-07 23:30:00,4.136
2017-06-07 23:15:00,5.265
2017-06-07 23:00:00,2.846
2017-06-07 22:45:00,5.137
2017-06-07 22:30:00,2.358
2017-06-07 22:15:00,4.772
2017-06-07 22:00:00,3.176
2017-06-07 21:45:00,4.001
2017-06-07 21:30:00,2.748
2017-06-07 21:15:00,5.099
2017-06-07 21:00:00,2.546
2017-06-07 20:45:00,3.097
2017-06-07 20:30:00,2.248
2017-06-07 20:15:00,2.353
2017-06-07 20:00:00,2.25
2017-06-07 19:45:00,1.554
2017-06-07 19:30:00,3.722
2017-06-07 19:15:00,3.096
2017-06-07 19:00:00,9.804
2017-06-07 18:45:00,11.582
2017-06-07 18:30:00,25.337
2017-06-07 18:15:00,28.879
2017-06-07 18:00:00,25.272
2017-06-07 17:45:00,29.96
2017-06-07 17:30:00,37.407
2017-06-07 17:15:00,83.29
2017-06-07 17:00:00,56.779
2017-06-07 16:45:00,38.059
2017-06-07 16:30:00,68.225
2017-06-07 16:15:00,103.227
2017-06-07 16:00:00,107.096
2017-06-07 15:45:00,106.553
2017-06-07 15:30:00,83.454
2017-06-07 15:15:00,105.162
2017-06-07 15:00:00,63.816
2017-06-07 14:45:00,54.822
2017-06-07 14:30:00,33.179
2017-06-07 14:15:00,35.468
2017-06-07 14:00:00,60.244
2017-06-07 13:45:00,41.775
2017-06-07 13:30:00,34.92
2017-06-07 13:15:00,10.409
2017-06-07 13:00:00,10.726
2017-06-07 12:45:00,0.808
2017-06-07 12:30:00,1.47
2017-06-07 12:15:00,1.216
2017-06-07 12:00:00,0.417
2017-06-07 11:45:00,0.279
2017-06-07 11:30:00,-5.947
2017-06-07 11:15:00,-2.928
2017-06-07 11:00:00,5.517
2017-06-07 10:45:00,3.626
2017-06-07 10:30:00,1.353
2017-06-07 10:15:00,-4.357
2017-06-07 10:00:00,-1.108
2017-06-07 09:45:00,0.252
2017-06-07 09:30:00,-1.316
2017-06-07 09:15:00,-5.163
2017-06-07 09:00:00,-15.087
2017-06-07 08:45:00,-19.277
2017-06-07 08:30:00,-21.438
2017-06-07 08:15:00,-21.407
2017-06-07 08:00:00,-29.426
2017-06-07 07:45:00,-24.844
2017-06-07 07:30:00,-16.432
2017-06-07 07:15:00,-6.661
2017-06-07 07:00:00,-5.66
2017-06-07 06:45:00,-9.19
2017-06-07 06:30:00,-6.757
2017-06-07 06:15:00,-4.166
2017-06-07 06:00:00,-1.696
2017-06-07 05:45:00,-3.61
2017-06-07 05:30:00,-1.215
2017-06-07 05:15:00,7.99
2017-06-07 05:00:00,8.053
2017-06-07 04:45:00,8.539
2017-06-07 04:30:00,9.03
2017-06-07 04:15:00,6.514
2017-06-07 04:00:00,7.96
2017-06-07 03:45:00,8.736
2017-06-07 03:30:00,7.652
2017-06-07 03:15:00,9.305
2017-06-07 03:00:00,6.523
2017-06-07 02:45:00,9.222
2017-06-07 02:30:00,6.484
2017-06-07 02:15:00,9.18
2017-06-07 02:00:00,7.452
2017-06-07 01:45:00,8.771
2017-06-07 01:30:00,7.98
2017-06-07 01:15:00,8.285
2017-06-07 01:00:00,8.826
2017-06-07 00:45:00,8.253
2017-06-07 00:30:00,8.672
2017-06-07 00:15:00,7.332
2017-06-07 00:00:00,7.065
2017-06-06 23:45:00,7.091
2017-06-06 23:30:00,5.633
2017-06-06 23:15:00,5.259
2017-06-06 23:00:00,3.955
2017-06-06 22:45:00,3.871
2017-06-06 22:30:00,4.118
2017-06-06 22:15:00,4.717
2017-06-06 22:00:00,3.07
2017-06-06 21:45:00,4.13
2017-06-06 21:30:00,3.207
2017-06-06 21:15:00,3.824
2017-06-06 21:00:00,3.615
2017-06-06 20:45:00,3.821
2017-06-06 20:30:00,3.402
2017-06-06 20:15:00,3.144
2017-06-06 20:00:00,2.824
2017-06-06 19:45:00,3.788
2017-06-06 19:30:00,3.819
2017-06-06 19:15:00,6.297
2017-06-06 19:00:00,9.006
2017-06-06 18:45:00,13.955
2017-06-06 18:30:00,16.632
2017-06-06 18:15:00,16.873
2017-06-06 18:00:00,10.15
2017-06-06 17:45:00,12.554
2017-06-06 17:30:00,3.997
2017-06-06 17:15:00,1.244
2017-06-06 17:00:00,1.79
2017-06-06 16:45:00,13.524
2017-06-06 16:30:00,14.802
2017-06-06 16:15:00,9.058
2017-06-06 16:00:00,12.565
2017-06-06 15:45:00,14.538
2017-06-06 15:30:00,17.415
2017-06-06 15:15:00,21.713
2017-06-06 15:00:00,8.42
2017-06-06 14:45:00,6.21
2017-06-06 14:30:00,0.26
2017-06-06 14:15:00,0.255
2017-06-06 14:00:00,0.257
2017-06-06 13:45:00,0.255
2017-06-06 13:30:00,0.254
2017-06-06 13:15:00,0.254
2017-06-06 13:00:00,0.261
2017-06-06 12:45:00,0.266
2017-06-06 12:30:00,0.264
2017-06-06 12:15:00,0.269
2017-06-06 12:00:00,0.257
2017-06-06 11:45:00,0.25
2017-06-06 11:30:00,0.258
2017-06-06 11:15:00,0.262
2017-06-06 11:00:00,0.256
2017-06-06 10:45:00,0.24
2017-06-06 10:30:00,0.247
2017-06-06 10:15:00,0.245
2017-06-06 10:00:00,0.242
2017-06-06 09:45:00,0.237
2017-06-06 09:30:00,0.249
2017-06-06 09:15:00,0.26
2017-06-06 09:00:00,-10.705
2017-06-06 08:45:00,-22.263
2017-06-06 08:30:00,-27.552
2017-06-06 08:15:00,-27.248
2017-06-06 08:00:00,-27.668
2017-06-06 07:45:00,-29.251
2017-06-06 07:30:00,-30.993
2017-06-06 07:15:00,-17.342
2017-06-06 07:00:00,-17.094
2017-06-06 06:45:00,-18.956
2017-06-06 06:30:00,-21.24
2017-06-06 06:15:00,-22.871
2017-06-06 06:00:00,-24.386
2017-06-06 05:45:00,-26.463
2017-06-06 05:30:00,-35.434
2017-06-06 05:15:00,-15.616
2017-06-06 05:00:00,-9.36
2017-06-06 04:45:00,-12.215
2017-06-06 04:30:00,-9.26
2017-06-06 04:15:00,-12.619
2017-06-06 04:00:00,-12.143
2017-06-06 03:45:00,-13.416
2017-06-06 03:30:00,-12.505
2017-06-06 03:15:00,-13.994
2017-06-06 03:00:00,-16.033
2017-06-06 02:45:00,-16.109
2017-06-06 02:30:00,-16.182
2017-06-06 02:15:00,-15.79
2017-06-06 02:00:00,-18.02
2017-06-06 01:45:00,-17.618
2017-06-06 01:30:00,-18.383
2017-06-06 01:15:00,-18.638
2017-06-06 01:00:00,-17.982
2017-06-06 00:45:00,-19.153
2017-06-06 00:30:00,-19.111
2017-06-06 00:15:00,-21.017
2017-06-06 00:00:00,-20.893
2017-06-05 23:45:00,-20.201
2017-06-05 23:30:00,-18.874
2017-06-05 23:15:00,-21.949
2017-06-05 23:00:00,-20.603
2017-06-05 22:45:00,-21.635
2017-06-05 22:30:00,-21.861
2017-06-05 22:15:00,-21.07
2017-06-05 22:00:00,-23.541
2017-06-05 21:45:00,-22.576
2017-06-05 21:30:00,-23.025
2017-06-05 21:15:00,-23.103
2017-06-05 21:00:00,-24.735
2017-06-05 20:45:00,-22.422
2017-06-05 20:30:00,-25.153
2017-06-05 20:15:00,-23.991
2017-06-05 20:00:00,-25.295
2017-06-05 19:45:00,-23.768
2017-06-05 19:30:00,-24.256
2017-06-05 19:15:00,-21.19
2017-06-05 19:00:00,-19.651
2017-06-05 18:45:00,-20.864
2017-06-05 18:30:00,-12.015
2017-06-05 18:15:00,-1.335
2017-06-05 18:00:00,0.346
2017-06-05 17:45:00,12.142
2017-06-05 17:30:00,8.308
2017-06-05 17:15:00,41.978
2017-06-05 17:00:00,46.763
2017-06-05 16:45:00,33.013
2017-06-05 16:30:00,43.455
2017-06-05 16:15:00,48.938
2017-06-05 16:00:00,56.493
2017-06-05 15:45:00,75.046
2017-06-05 15:30:00,77.495
2017-06-05 15:15:00,70.863
2017-06-05 15:00:00,92.545
2017-06-05 14:45:00,79.952
2017-06-05 14:30:00,75.022
2017-06-05 14:15:00,67.285
2017-06-05 14:00:00,66.591
2017-06-05 13:45:00,26.014
2017-06-05 13:30:00,23.26
2017-06-05 13:15:00,20.236
2017-06-05 13:00:00,-2.552
2017-06-05 12:45:00,-0.938
2017-06-05 12:30:00,-8.283
2017-06-05 12:15:00,-33.918
2017-06-05 12:00:00,-44.98
2017-06-05 11:45:00,-53.455
2017-06-05 11:30:00,-51.688
2017-06-05 11:15:00,-54.388
2017-06-05 11:00:00,-41.34
2017-06-05 10:45:00,-41.003
2017-06-05 10:30:00,-42.631
2017-06-05 10:15:00,-46.707
2017-06-05 10:00:00,-52.37
2017-06-05 09:45:00,-53.776
2017-06-05 09:30:00,-53.441
2017-06-05 09:15:00,-60.133
2017-06-05 09:00:00,-60.06
2017-06-05 08:45:00,-60.744
2017-06-05 08:30:00,-61.307
2017-06-05 08:15:00,-65.182
2017-06-05 08:00:00,-69.776
2017-06-05 07:45:00,-69.141
2017-06-05 07:30:00,-73.301
2017-06-05 07:15:00,-66.712
2017-06-05 07:00:00,-53.134
2017-06-05 06:45:00,-18.25
2017-06-05 06:30:00,0.392
2017-06-05 06:15:00,0.388
2017-06-05 06:00:00,0.39
2017-06-05 05:45:00,0.392
2017-06-05 05:30:00,0.393
2017-06-05 05:15:00,0.396
2017-06-05 05:00:00,0.399
2017-06-05 04:45:00,0.401
2017-06-05 04:30:00,0.399
2017-06-05 04:15:00,0.397
2017-06-05 04:00:00,0.399
2017-06-05 03:45:00,0.397
2017-06-05 03:30:00,0.399
2017-06-05 03:15:00,0.399
2017-06-05 03:00:00,0.399
2017-06-05 02:45:00,0.399
2017-06-05 02:30:00,0.399
2017-06-05 02:15:00,0.397
2017-06-05 02:00:00,0.397
2017-06-05 01:45:00,0.397
2017-06-05 01:30:00,0.396
2017-06-05 01:15:00,0.396
2017-06-05 01:00:00,0.397
2017-06-05 00:45:00,0.401
2017-06-05 00:30:00,0.403
2017-06-05 00:15:00,0.406
2017-06-05 00:00:00,0.401
2017-06-04 23:45:00,0.4
2017-06-04 23:30:00,0.403
2017-06-04 23:15:00,0.401
2017-06-04 23:00:00,0.406
2017-06-04 22:45:00,0.402
2017-06-04 22:30:00,0.398
2017-06-04 22:15:00,0.4
2017-06-04 22:00:00,0.399
2017-06-04 21:45:00,0.408
2017-06-04 21:30:00,0.402
2017-06-04 21:15:00,0.397
2017-06-04 21:00:00,0.397
2017-06-04 20:45:00,0.398
2017-06-04 20:30:00,0.394
2017-06-04 20:15:00,0.397
2017-06-04 20:00:00,0.397
2017-06-04 19:45:00,0.4
2017-06-04 19:30:00,0.398
2017-06-04 19:15:00,0.407
2017-06-04 19:00:00,0.408
2017-06-04 18:45:00,0.416
2017-06-04 18:30:00,0.414
2017-06-04 18:15:00,0.416
2017-06-04 18:00:00,0.411
2017-06-04 17:45:00,0.414
2017-06-04 17:30:00,0.416
2017-06-04 17:15:00,0.421
2017-06-04 17:00:00,0.418
2017-06-04 16:45:00,0.418
2017-06-04 16:30:00,0.416
2017-06-04 16:15:00,0.419
2017-06-04 16:00:00,0.421
2017-06-04 15:45:00,0.421
2017-06-04 15:30:00,0.42
2017-06-04 15:15:00,0.419
2017-06-04 15:00:00,0.421
2017-06-04 14:45:00,0.423
2017-06-04 14:30:00,0.425
2017-06-04 14:15:00,0.425
2017-06-04 14:00:00,0.424
2017-06-04 13:45:00,0.424
2017-06-04 13:30:00,0.424
2017-06-04 13:15:00,0.419
2017-06-04 13:00:00,0.418
2017-06-04 12:45:00,0.421
2017-06-04 12:30:00,0.428
2017-06-04 12:15:00,0.431
2017-06-04 12:00:00,0.424
2017-06-04 11:45:00,0.425
2017-06-04 11:30:00,0.429
2017-06-04 11:15:00,0.424
2017-06-04 11:00:00,0.422
2017-06-04 10:45:00,0.418
2017-06-04 10:30:00,0.419
2017-06-04 10:15:00,0.412
2017-06-04 10:00:00,0.415
2017-06-04 09:45:00,0.417
2017-06-04 09:30:00,0.409
2017-06-04 09:15:00,0.413
2017-06-04 09:00:00,0.408
2017-06-04 08:45:00,0.407
2017-06-04 08:30:00,0.411
2017-06-04 08:15:00,0.409
2017-06-04 08:00:00,0.409
2017-06-04 07:45:00,0.403
2017-06-04 07:30:00,0.403
2017-06-04 07:15:00,0.4
2017-06-04 07:00:00,0.398
2017-06-04 06:45:00,0.403
2017-06-04 06:30:00,0.408
2017-06-04 06:15:00,0.401
2017-06-04 06:00:00,0.4
2017-06-04 05:45:00,0.398
2017-06-04 05:30:00,0.397
2017-06-04 05:15:00,0.399
2017-06-04 05:00:00,0.4
2017-06-04 04:45:00,0.401
2017-06-04 04:30:00,0.401
2017-06-04 04:15:00,0.397
2017-06-04 04:00:00,0.398
2017-06-04 03:45:00,0.397
2017-06-04 03:30:00,0.396
2017-06-04 03:15:00,0.4
2017-06-04 03:00:00,0.397
2017-06-04 02:45:00,0.4
2017-06-04 02:30:00,0.399
2017-06-04 02:15:00,0.401
2017-06-04 02:00:00,0.401
2017-06-04 01:45:00,0.401
2017-06-04 01:30:00,0.404
2017-06-04 01:15:00,0.407
2017-06-04 01:00:00,0.403
2017-06-04 00:45:00,0.405
2017-06-04 00:30:00,0.403
2017-06-04 00:15:00,0.407
2017-06-04 00:00:00,0.409
2017-06-03 23:45:00,0.407
2017-06-03 23:30:00,0.409
2017-06-03 23:15:00,0.405
2017-06-03 23:00:00,0.405
2017-06-03 22:45:00,0.407
2017-06-03 22:30:00,0.408
2017-06-03 22:15:00,0.409
2017-06-03 22:00:00,0.411
2017-06-03 21:45:00,0.41
2017-06-03 21:30:00,0.407
2017-06-03 21:15:00,0.409
2017-06-03 21:00:00,0.404
2017-06-03 20:45:00,0.409
2017-06-03 20:30:00,0.406
2017-06-03 20:15:00,0.411
2017-06-03 20:00:00,0.406
2017-06-03 19:45:00,0.403
2017-06-03 19:30:00,0.408
2017-06-03 19:15:00,0.408
2017-06-03 19:00:00,0.407
2017-06-03 18:45:00,0.413
2017-06-03 18:30:00,0.405
2017-06-03 18:15:00,0.413
2017-06-03 18:00:00,0.415
2017-06-03 17:45:00,0.424
2017-06-03 17:30:00,0.418
2017-06-03 17:15:00,0.427
2017-06-03 17:00:00,0.424
2017-06-03 16:45:00,0.423
2017-06-03 16:30:00,0.43
2017-06-03 16:15:00,0.427
2017-06-03 16:00:00,0.435
2017-06-03 15:45:00,0.429
2017-06-03 15:30:00,0.435
2017-06-03 15:15:00,0.432
2017-06-03 15:00:00,0.435
2017-06-03 14:45:00,0.437
2017-06-03 14:30:00,0.444
2017-06-03 14:15:00,0.444
2017-06-03 14:00:00,0.445
2017-06-03 13:45:00,0.441
2017-06-03 13:30:00,0.436
2017-06-03 13:15:00,0.448
2017-06-03 13:00:00,0.444
2017-06-03 12:45:00,0.456
2017-06-03 12:30:00,0.454
2017-06-03 12:15:00,0.48
2017-06-03 12:00:00,0.479
2017-06-03 11:45:00,0.492
2017-06-03 11:30:00,0.556
2017-06-03 11:15:00,65.486
2017-06-03 11:00:00,176.55
2017-06-03 10:45:00,163.818
2017-06-03 10:30:00,141.46
2017-06-03 10:15:00,162.29
2017-06-03 10:00:00,155.336
2017-06-03 09:45:00,146.137
2017-06-03 09:30:00,135.636
2017-06-03 09:15:00,123.538
2017-06-03 09:00:00,117.274
2017-06-03 08:45:00,81.524
2017-06-03 08:30:00,50.341
2017-06-03 08:15:00,28.169
2017-06-03 08:00:00,18.623
2017-06-03 07:45:00,10.296
2017-06-03 07:30:00,3.075
2017-06-03 07:15:00,1.764
2017-06-03 07:00:00,1.276
2017-06-03 06:45:00,-0.466
2017-06-03 06:30:00,-6.418
2017-06-03 06:15:00,-14.172
2017-06-03 06:00:00,-21.343
2017-06-03 05:45:00,-20.627
2017-06-03 05:30:00,-22.183
2017-06-03 05:15:00,-20.284
2017-06-03 05:00:00,-22.134
2017-06-03 04:45:00,-20.931
2017-06-03 04:30:00,-21.098
2017-06-03 04:15:00,-21.364
2017-06-03 04:00:00,-21.081
2017-06-03 03:45:00,-22.243
2017-06-03 03:30:00,-20.016
2017-06-03 03:15:00,-22.339
2017-06-03 03:00:00,-19.872
2017-06-03 02:45:00,-22.678
2017-06-03 02:30:00,-22.117
2017-06-03 02:15:00,-21.909
2017-06-03 02:00:00,-22.003
2017-06-03 01:45:00,-21.203
2017-06-03 01:30:00,-21.712
2017-06-03 01:15:00,-21.788
2017-06-03 01:00:00,-22.377
2017-06-03 00:45:00,-21.276
2017-06-03 00:30:00,-21.944
2017-06-03 00:15:00,-22.318
2017-06-03 00:00:00,-22.192
2017-06-02 23:45:00,-21.717
2017-06-02 23:30:00,-23.703
2017-06-02 23:15:00,-21.096
2017-06-02 23:00:00,-23.315
2017-06-02 22:45:00,-21.976
2017-06-02 22:30:00,-23.872
2017-06-02 22:15:00,-23.095
2017-06-02 22:00:00,-22.749
2017-06-02 21:45:00,-23.563
2017-06-02 21:30:00,-21.739
2017-06-02 21:15:00,-24.003
2017-06-02 21:00:00,-26.247
2017-06-02 20:45:00,-39.676
2017-06-02 20:30:00,-42.626
2017-06-02 20:15:00,-36.41
2017-06-02 20:00:00,-33.95
2017-06-02 19:45:00,-31.886
2017-06-02 19:30:00,-35.704
2017-06-02 19:15:00,-30.611
2017-06-02 19:00:00,-27.959
2017-06-02 18:45:00,-24.732
2017-06-02 18:30:00,-27.85
2017-06-02 18:15:00,-31.586
2017-06-02 18:00:00,-34.509
2017-06-02 17:45:00,-28.734
2017-06-02 17:30:00,-18.403
2017-06-02 17:15:00,-11.474
2017-06-02 17:00:00,-0.457
2017-06-02 16:45:00,-0.135
2017-06-02 16:30:00,1.693
2017-06-02 16:15:00,2.216
2017-06-02 16:00:00,2.208
2017-06-02 15:45:00,2.221
2017-06-02 15:30:00,2.226
2017-06-02 15:15:00,2.214
2017-06-02 15:00:00,2.242
2017-06-02 14:45:00,2.245
2017-06-02 14:30:00,2.242
2017-06-02 14:15:00,2.257
2017-06-02 14:00:00,2.244
2017-06-02 13:45:00,2.272
2017-06-02 13:30:00,2.268
2017-06-02 13:15:00,2.289
2017-06-02 13:00:00,2.29
2017-06-02 12:45:00,2.301
2017-06-02 12:30:00,2.328
2017-06-02 12:15:00,2.443
2017-06-02 12:00:00,94.88
2017-06-02 11:45:00,119.619
2017-06-02 11:30:00,115.132
2017-06-02 11:15:00,109.423
2017-06-02 11:00:00,113.726
2017-06-02 10:45:00,109.312
2017-06-02 10:30:00,104.169
2017-06-02 10:15:00,100.479
2017-06-02 10:00:00,89.0
2017-06-02 09:45:00,34.257
2017-06-02 09:30:00,2.902
2017-06-02 09:15:00,1.959
2017-06-02 09:00:00,1.038
2017-06-02 08:45:00,-7.558
2017-06-02 08:30:00,-12.669
2017-06-02 08:15:00,-15.342
2017-06-02 08:00:00,-23.305
2017-06-02 07:45:00,-22.714
2017-06-02 07:30:00,-22.728
2017-06-02 07:15:00,-22.981
2017-06-02 07:00:00,-15.409
2017-06-02 06:45:00,-17.542
2017-06-02 06:30:00,-12.043
2017-06-02 06:15:00,-10.839
2017-06-02 06:00:00,-9.446
2017-06-02 05:45:00,-8.897
2017-06-02 05:30:00,-7.339
2017-06-02 05:15:00,0.469
2017-06-02 05:00:00,2.415
2017-06-02 04:45:00,2.292
2017-06-02 04:30:00,2.562
2017-06-02 04:15:00,3.178
2017-06-02 04:00:00,2.247
2017-06-02 03:45:00,3.037
2017-06-02 03:30:00,2.203
2017-06-02 03:15:00,2.038
2017-06-02 03:00:00,2.006
2017-06-02 02:45:00,2.398
2017-06-02 02:30:00,2.176
2017-06-02 02:15:00,2.016
2017-06-02 02:00:00,2.268
2017-06-02 01:45:00,2.062
2017-06-02 01:30:00,1.903
2017-06-02 01:15:00,1.899
2017-06-02 01:00:00,1.901
2017-06-02 00:45:00,1.903
2017-06-02 00:30:00,1.899
2017-06-02 00:15:00,1.9
2017-06-02 00:00:00,1.898
2017-06-01 23:45:00,1.897
2017-06-01 23:30:00,1.904
2017-06-01 23:15:00,1.903
2017-06-01 23:00:00,1.913
2017-06-01 22:45:00,1.924
2017-06-01 22:30:00,1.921
2017-06-01 22:15:00,1.923
2017-06-01 22:00:00,1.926
2017-06-01 21:45:00,1.929
2017-06-01 21:30:00,1.92
2017-06-01 21:15:00,1.929
2017-06-01 21:00:00,1.937
2017-06-01 20:45:00,1.941
2017-06-01 20:30:00,1.932
2017-06-01 20:15:00,1.938
2017-06-01 20:00:00,1.94
2017-06-01 19:45:00,1.949
2017-06-01 19:30:00,1.945
2017-06-01 19:15:00,-0.227
2017-06-01 19:00:00,1.666
2017-06-01 18:45:00,11.594
2017-06-01 18:30:00,21.219
2017-06-01 18:15:00,27.508
2017-06-01 18:00:00,38.377
2017-06-01 17:45:00,50.418
2017-06-01 17:30:00,42.202
2017-06-01 17:15:00,36.605
2017-06-01 17:00:00,47.167
2017-06-01 16:45:00,33.986
2017-06-01 16:30:00,29.775
2017-06-01 16:15:00,28.88
2017-06-01 16:00:00,48.899
2017-06-01 15:45:00,48.628
2017-06-01 15:30:00,46.189
2017-06-01 15:15:00,65.12
2017-06-01 15:00:00,63.01
2017-06-01 14:45:00,65.562
2017-06-01 14:30:00,69.358
2017-06-01 14:15:00,70.228
2017-06-01 14:00:00,43.992
2017-06-01 13:45:00,34.07
2017-06-01 13:30:00,19.459
2017-06-01 13:15:00,10.801
2017-06-01 13:00:00,1.467
2017-06-01 12:45:00,-1.216
2017-06-01 12:30:00,6.199
2017-06-01 12:15:00,5.514
2017-06-01 12:00:00,4.564
2017-06-01 11:45:00,1.594
2017-06-01 11:30:00,1.495
2017-06-01 11:15:00,-0.235
2017-06-01 11:00:00,1.348
2017-06-01 10:45:00,-2.968
2017-06-01 10:30:00,-1.729
2017-06-01 10:15:00,1.319
2017-06-01 10:00:00,1.464
2017-06-01 09:45:00,-1.177
2017-06-01 09:30:00,1.562
2017-06-01 09:15:00,-4.856
2017-06-01 09:00:00,0.93
2017-06-01 08:45:00,-4.16
2017-06-01 08:30:00,-7.957
2017-06-01 08:15:00,-16.852
2017-06-01 08:00:00,-17.856
2017-06-01 07:45:00,-19.42
2017-06-01 07:30:00,-22.001
2017-06-01 07:15:00,-9.963
2017-06-01 07:00:00,-12.224
2017-06-01 06:45:00,-10.877
2017-06-01 06:30:00,-14.274
2017-06-01 06:15:00,-17.782
2017-06-01 06:00:00,-25.227
2017-06-01 05:45:00,-34.622
2017-06-01 05:30:00,-37.206
2017-06-01 05:15:00,-15.419
2017-06-01 05:00:00,-12.362
2017-06-01 04:45:00,-12.94
2017-06-01 04:30:00,-12.321
2017-06-01 04:15:00,-14.02
2017-06-01 04:00:00,-12.653
2017-06-01 03:45:00,-11.179
2017-06-01 03:30:00,-14.108
2017-06-01 03:15:00,-11.799
2017-06-01 03:00:00,-13.741
2017-06-01 02:45:00,-12.989
2017-06-01 02:30:00,-13.582
2017-06-01 02:15:00,-11.458
2017-06-01 02:00:00,-12.801
2017-06-01 01:45:00,-14.437
2017-06-01 01:30:00,-16.171
2017-06-01 01:15:00,-14.559
2017-06-01 01:00:00,-16.043
2017-06-01 00:45:00,-15.659
2017-06-01 00:30:00,-16.081
2017-06-01 00:15:00,-16.281
2017-06-01 00:00:00,-14.57
2017-05-31 23:45:00,-15.07
2017-05-31 23:30:00,-16.174
2017-05-31 23:15:00,-17.48
2017-05-31 23:00:00,-16.944
2017-05-31 22:45:00,-15.611
2017-05-31 22:30:00,-15.562
2017-05-31 22:15:00,-14.088
2017-05-31 22:00:00,-17.138
2017-05-31 21:45:00,-14.645
2017-05-31 21:30:00,-17.656
2017-05-31 21:15:00,-14.531
2017-05-31 21:00:00,-20.443
2017-05-31 20:45:00,-18.026
2017-05-31 20:30:00,-18.812
2017-05-31 20:15:00,-19.1
2017-05-31 20:00:00,-20.29
2017-05-31 19:45:00,-21.371
2017-05-31 19:30:00,-23.065
2017-05-31 19:15:00,-22.901
2017-05-31 19:00:00,-17.189
2017-05-31 18:45:00,-13.775
2017-05-31 18:30:00,-8.578
2017-05-31 18:15:00,-15.954
2017-05-31 18:00:00,-23.754
2017-05-31 17:45:00,-19.394
2017-05-31 17:30:00,-22.224
2017-05-31 17:15:00,-34.572
2017-05-31 17:00:00,-39.646
2017-05-31 16:45:00,-35.994
2017-05-31 16:30:00,-13.596
2017-05-31 16:15:00,-24.598
2017-05-31 16:00:00,-27.495
2017-05-31 15:45:00,-40.497
2017-05-31 15:30:00,-37.739
2017-05-31 15:15:00,-39.255
2017-05-31 15:00:00,13.778
2017-05-31 14:45:00,12.56
2017-05-31 14:30:00,2.472
2017-05-31 14:15:00,-6.265
2017-05-31 14:00:00,16.795
2017-05-31 13:45:00,12.616
2017-05-31 13:30:00,21.398
2017-05-31 13:15:00,31.781
2017-05-31 13:00:00,9.822
2017-05-31 12:45:00,2.416
2017-05-31 12:30:00,-0.392
2017-05-31 12:15:00,2.682
2017-05-31 12:00:00,1.983
2017-05-31 11:45:00,21.67
2017-05-31 11:30:00,22.309
2017-05-31 11:15:00,34.245
2017-05-31 11:00:00,29.174
2017-05-31 10:45:00,-7.352
2017-05-31 10:30:00,-4.742
2017-05-31 10:15:00,2.254
2017-05-31 10:00:00,3.454
2017-05-31 09:45:00,-5.129
2017-05-31 09:30:00,-21.042
2017-05-31 09:15:00,-15.002
2017-05-31 09:00:00,-15.696
2017-05-31 08:45:00,-4.095
2017-05-31 08:30:00,-3.207
2017-05-31 08:15:00,-15.405
2017-05-31 08:00:00,-15.766
2017-05-31 07:45:00,-24.933
2017-05-31 07:30:00,-27.564
2017-05-31 07:15:00,-7.461
2017-05-31 07:00:00,-5.663
2017-05-31 06:45:00,-10.251
2017-05-31 06:30:00,-15.549
2017-05-31 06:15:00,-12.224
2017-05-31 06:00:00,-13.004
2017-05-31 05:45:00,-10.598
2017-05-31 05:30:00,-2.278
2017-05-31 05:15:00,2.132
2017-05-31 05:00:00,2.137
2017-05-31 04:45:00,2.141
2017-05-31 04:30:00,2.141
2017-05-31 04:15:00,2.138
2017-05-31 04:00:00,2.145
2017-05-31 03:45:00,2.139
2017-05-31 03:30:00,2.144
2017-05-31 03:15:00,2.139
2017-05-31 03:00:00,2.139
2017-05-31 02:45:00,2.15
2017-05-31 02:30:00,2.146
2017-05-31 02:15:00,2.149
2017-05-31 02:00:00,2.149
2017-05-31 01:45:00,2.147
2017-05-31 01:30:00,2.155
2017-05-31 01:15:00,2.153
2017-05-31 01:00:00,2.156
2017-05-31 00:45:00,2.142
2017-05-31 00:30:00,2.157
2017-05-31 00:15:00,2.169
2017-05-31 00:00:00,2.164
2017-05-30 23:45:00,2.163
2017-05-30 23:30:00,2.164
2017-05-30 23:15:00,2.173
2017-05-30 23:00:00,2.17
2017-05-30 22:45:00,2.177
2017-05-30 22:30:00,2.178
2017-05-30 22:15:00,2.179
2017-05-30 22:00:00,2.178
2017-05-30 21:45:00,2.188
2017-05-30 21:30:00,2.189
2017-05-30 21:15:00,2.189
2017-05-30 21:00:00,2.197
2017-05-30 20:45:00,2.202
2017-05-30 20:30:00,2.21
2017-05-30 20:15:00,2.212
2017-05-30 20:00:00,2.222
2017-05-30 19:45:00,2.214
2017-05-30 19:30:00,2.224
2017-05-30 19:15:00,2.214
2017-05-30 19:00:00,2.244
2017-05-30 18:45:00,2.238
2017-05-30 18:30:00,2.256
2017-05-30 18:15:00,2.242
2017-05-30 18:00:00,2.248
2017-05-30 17:45:00,2.251
2017-05-30 17:30:00,2.277
2017-05-30 17:15:00,2.314
2017-05-30 17:00:00,2.413
2017-05-30 16:45:00,84.124
2017-05-30 16:30:00,102.787
2017-05-30 16:15:00,101.663
2017-05-30 16:00:00,96.134
2017-05-30 15:45:00,120.326
2017-05-30 15:30:00,90.403
2017-05-30 15:15:00,118.058
2017-05-30 15:00:00,68.6
2017-05-30 14:45:00,54.639
2017-05-30 14:30:00,80.861
2017-05-30 14:15:00,103.513
2017-05-30 14:00:00,93.727
2017-05-30 13:45:00,105.766
2017-05-30 13:30:00,119.912
2017-05-30 13:15:00,93.495
2017-05-30 13:00:00,93.162
2017-05-30 12:45:00,72.123
2017-05-30 12:30:00,63.786
2017-05-30 12:15:00,51.856
2017-05-30 12:00:00,20.444
2017-05-30 11:45:00,8.944
2017-05-30 11:30:00,3.676
2017-05-30 11:15:00,1.73
2017-05-30 11:00:00,1.723
2017-05-30 10:45:00,1.746
2017-05-30 10:30:00,1.738
2017-05-30 10:15:00,-13.301
2017-05-30 10:00:00,-6.13
2017-05-30 09:45:00,-13.951
2017-05-30 09:30:00,-21.975
2017-05-30 09:15:00,-23.651
2017-05-30 09:00:00,-31.091
2017-05-30 08:45:00,-29.808
2017-05-30 08:30:00,-21.161
2017-05-30 08:15:00,-17.283
2017-05-30 08:00:00,-16.978
2017-05-30 07:45:00,-23.037
2017-05-30 07:30:00,-29.17
2017-05-30 07:15:00,-21.204
2017-05-30 07:00:00,-19.242
2017-05-30 06:45:00,-22.949
2017-05-30 06:30:00,-24.368
2017-05-30 06:15:00,-21.184
2017-05-30 06:00:00,-25.745
2017-05-30 05:45:00,-26.11
2017-05-30 05:30:00,-32.699
2017-05-30 05:15:00,-13.063
2017-05-30 05:00:00,-10.508
2017-05-30 04:45:00,-15.577
2017-05-30 04:30:00,-11.561
2017-05-30 04:15:00,-14.618
2017-05-30 04:00:00,-14.742
2017-05-30 03:45:00,-15.006
2017-05-30 03:30:00,-15.312
2017-05-30 03:15:00,-16.828
2017-05-30 03:00:00,-22.054
2017-05-30 02:45:00,-19.156
2017-05-30 02:30:00,-21.244
2017-05-30 02:15:00,-20.642
2017-05-30 02:00:00,-24.44
2017-05-30 01:45:00,-22.995
2017-05-30 01:30:00,-22.863
2017-05-30 01:15:00,-24.099
2017-05-30 01:00:00,-24.491
2017-05-30 00:45:00,-23.283
2017-05-30 00:30:00,-23.302
2017-05-30 00:15:00,-25.003
2017-05-30 00:00:00,-23.916
2017-05-29 23:45:00,-24.905
2017-05-29 23:30:00,-24.884
2017-05-29 23:15:00,-25.662
2017-05-29 23:00:00,-23.835
2017-05-29 22:45:00,-24.501
2017-05-29 22:30:00,-25.882
2017-05-29 22:15:00,-24.426
2017-05-29 22:00:00,-25.311
2017-05-29 21:45:00,-25.312
2017-05-29 21:30:00,-27.049
2017-05-29 21:15:00,-25.205
2017-05-29 21:00:00,-25.368
2017-05-29 20:45:00,-28.216
2017-05-29 20:30:00,-28.2
2017-05-29 20:15:00,-27.801
2017-05-29 20:00:00,-30.458
2017-05-29 19:45:00,-30.002
2017-05-29 19:30:00,-31.412
2017-05-29 19:15:00,-29.895
2017-05-29 19:00:00,-26.927
2017-05-29 18:45:00,-12.774
2017-05-29 18:30:00,-6.504
2017-05-29 18:15:00,3.181
2017-05-29 18:00:00,-0.271
2017-05-29 17:45:00,4.849
2017-05-29 17:30:00,0.621
2017-05-29 17:15:00,2.183
2017-05-29 17:00:00,2.196
2017-05-29 16:45:00,2.829
2017-05-29 16:30:00,2.643
2017-05-29 16:15:00,2.201
2017-05-29 16:00:00,3.101
2017-05-29 15:45:00,2.238
2017-05-29 15:30:00,3.562
2017-05-29 15:15:00,2.863
2017-05-29 15:00:00,4.019
2017-05-29 14:45:00,5.737
2017-05-29 14:30:00,13.002
2017-05-29 14:15:00,128.296
2017-05-29 14:00:00,174.144
2017-05-29 13:45:00,197.648
2017-05-29 13:30:00,142.085
2017-05-29 13:15:00,156.998
2017-05-29 13:00:00,130.646
2017-05-29 12:45:00,101.902
2017-05-29 12:30:00,85.916
2017-05-29 12:15:00,67.186
2017-05-29 12:00:00,40.92
2017-05-29 11:45:00,34.393
2017-05-29 11:30:00,32.003
2017-05-29 11:15:00,27.671
2017-05-29 11:00:00,26.121
2017-05-29 10:45:00,20.88
2017-05-29 10:30:00,11.918
2017-05-29 10:15:00,3.811
2017-05-29 10:00:00,2.656
2017-05-29 09:45:00,2.116
2017-05-29 09:30:00,1.897
2017-05-29 09:15:00,1.791
2017-05-29 09:00:00,1.264
2017-05-29 08:45:00,1.795
2017-05-29 08:30:00,0.718
2017-05-29 08:15:00,-2.195
2017-05-29 08:00:00,-1.711
2017-05-29 07:45:00,-6.613
2017-05-29 07:30:00,-12.59
2017-05-29 07:15:00,-15.616
2017-05-29 07:00:00,-15.223
2017-05-29 06:45:00,-17.867
2017-05-29 06:30:00,-20.313
2017-05-29 06:15:00,-20.288
2017-05-29 06:00:00,-22.258
2017-05-29 05:45:00,-18.832
2017-05-29 05:30:00,-20.215
2017-05-29 05:15:00,-20.952
2017-05-29 05:00:00,-21.055
2017-05-29 04:45:00,-20.626
2017-05-29 04:30:00,-19.948
2017-05-29 04:15:00,-20.859
2017-05-29 04:00:00,-20.016
2017-05-29 03:45:00,-20.242
2017-05-29 03:30:00,-21.088
2017-05-29 03:15:00,-21.433
2017-05-29 03:00:00,-23.39
2017-05-29 02:45:00,-21.471
2017-05-29 02:30:00,-24.901
2017-05-29 02:15:00,-24.482
2017-05-29 02:00:00,-22.843
2017-05-29 01:45:00,-24.836
2017-05-29 01:30:00,-23.808
2017-05-29 01:15:00,-25.288
2017-05-29 01:00:00,-22.937
2017-05-29 00:45:00,-23.996
2017-05-29 00:30:00,-24.456
2017-05-29 00:15:00,-24.74
2017-05-29 00:00:00,-23.371
2017-05-28 23:45:00,-25.911
2017-05-28 23:30:00,-23.722
2017-05-28 23:15:00,-24.672
2017-05-28 23:00:00,-25.301
2017-05-28 22:45:00,-25.303
2017-05-28 22:30:00,-25.089
2017-05-28 22:15:00,-24.326
2017-05-28 22:00:00,-25.672
2017-05-28 21:45:00,-26.532
2017-05-28 21:30:00,-25.107
2017-05-28 21:15:00,-24.419
2017-05-28 21:00:00,-26.111
2017-05-28 20:45:00,-26.02
2017-05-28 20:30:00,-28.162
2017-05-28 20:15:00,-24.866
2017-05-28 20:00:00,-27.411
2017-05-28 19:45:00,-25.84
2017-05-28 19:30:00,-24.755
2017-05-28 19:15:00,-24.231
2017-05-28 19:00:00,-11.821
2017-05-28 18:45:00,-7.345
2017-05-28 18:30:00,-0.158
2017-05-28 18:15:00,-0.266
2017-05-28 18:00:00,1.708
2017-05-28 17:45:00,2.197
2017-05-28 17:30:00,2.184
2017-05-28 17:15:00,2.198
2017-05-28 17:00:00,2.188
2017-05-28 16:45:00,2.196
2017-05-28 16:30:00,2.203
2017-05-28 16:15:00,2.205
2017-05-28 16:00:00,2.21
2017-05-28 15:45:00,2.209
2017-05-28 15:30:00,2.225
2017-05-28 15:15:00,2.214
2017-05-28 15:00:00,2.222
2017-05-28 14:45:00,2.225
2017-05-28 14:30:00,2.238
2017-05-28 14:15:00,2.227
2017-05-28 14:00:00,2.23
2017-05-28 13:45:00,2.234
2017-05-28 13:30:00,2.252
2017-05-28 13:15:00,2.234
2017-05-28 13:00:00,2.251
2017-05-28 12:45:00,2.236
2017-05-28 12:30:00,2.245
2017-05-28 12:15:00,2.24
2017-05-28 12:00:00,2.271
2017-05-28 11:45:00,2.327
2017-05-28 11:30:00,2.473
2017-05-28 11:15:00,22.765
2017-05-28 11:00:00,184.538
2017-05-28 10:45:00,179.092
2017-05-28 10:30:00,170.462
2017-05-28 10:15:00,161.558
2017-05-28 10:00:00,151.323
2017-05-28 09:45:00,138.174
2017-05-28 09:30:00,119.722
2017-05-28 09:15:00,85.332
2017-05-28 09:00:00,62.844
2017-05-28 08:45:00,54.938
2017-05-28 08:30:00,46.014
2017-05-28 08:15:00,25.034
2017-05-28 08:00:00,32.907
2017-05-28 07:45:00,32.223
2017-05-28 07:30:00,20.194
2017-05-28 07:15:00,0.061
2017-05-28 07:00:00,-15.462
2017-05-28 06:45:00,-9.095
2017-05-28 06:30:00,-11.669
2017-05-28 06:15:00,-16.76
2017-05-28 06:00:00,-23.578
2017-05-28 05:45:00,-22.27
2017-05-28 05:30:00,-22.922
2017-05-28 05:15:00,-23.444
2017-05-28 05:00:00,-22.814
2017-05-28 04:45:00,-22.558
2017-05-28 04:30:00,-22.877
2017-05-28 04:15:00,-23.641
2017-05-28 04:00:00,-22.023
2017-05-28 03:45:00,-23.497
2017-05-28 03:30:00,-22.203
2017-05-28 03:15:00,-23.298
2017-05-28 03:00:00,-21.976
2017-05-28 02:45:00,-23.07
2017-05-28 02:30:00,-24.587
2017-05-28 02:15:00,-22.441
2017-05-28 02:00:00,-22.365
2017-05-28 01:45:00,-22.813
2017-05-28 01:30:00,-24.674
2017-05-28 01:15:00,-21.165
2017-05-28 01:00:00,-24.172
2017-05-28 00:45:00,-24.576
2017-05-28 00:30:00,-27.294
2017-05-28 00:15:00,-26.247
2017-05-28 00:00:00,-27.16
2017-05-27 23:45:00,-29.72
2017-05-27 23:30:00,-27.41
2017-05-27 23:15:00,-27.653
2017-05-27 23:00:00,-27.507
2017-05-27 22:45:00,-29.106
2017-05-27 22:30:00,-28.141
2017-05-27 22:15:00,-28.311
2017-05-27 22:00:00,-30.255
2017-05-27 21:45:00,-29.012
2017-05-27 21:30:00,-27.843
2017-05-27 21:15:00,-27.477
2017-05-27 21:00:00,-32.46
2017-05-27 20:45:00,-28.428
2017-05-27 20:30:00,-30.383
2017-05-27 20:15:00,-30.589
2017-05-27 20:00:00,-33.374
2017-05-27 19:45:00,-30.063
2017-05-27 19:30:00,-31.545
2017-05-27 19:15:00,-31.283
2017-05-27 19:00:00,-24.953
2017-05-27 18:45:00,-15.719
2017-05-27 18:30:00,-5.249
2017-05-27 18:15:00,2.169
2017-05-27 18:00:00,2.18
2017-05-27 17:45:00,2.177
2017-05-27 17:30:00,2.178
2017-05-27 17:15:00,2.178
2017-05-27 17:00:00,2.182
2017-05-27 16:45:00,2.181
2017-05-27 16:30:00,2.189
2017-05-27 16:15:00,2.845
2017-05-27 16:00:00,2.181
2017-05-27 15:45:00,2.186
2017-05-27 15:30:00,2.195
2017-05-27 15:15:00,2.191
2017-05-27 15:00:00,2.195
2017-05-27 14:45:00,2.202
2017-05-27 14:30:00,2.2
2017-05-27 14:15:00,2.205
2017-05-27 14:00:00,2.203
2017-05-27 13:45:00,2.205
2017-05-27 13:30:00,2.2
2017-05-27 13:15:00,2.209
2017-05-27 13:00:00,2.209
2017-05-27 12:45:00,2.207
2017-05-27 12:30:00,2.205
2017-05-27 12:15:00,2.204
2017-05-27 12:00:00,2.203
2017-05-27 11:45:00,2.203
2017-05-27 11:30:00,2.772
2017-05-27 11:15:00,2.183
2017-05-27 11:00:00,2.174
2017-05-27 10:45:00,2.177
2017-05-27 10:30:00,2.171
2017-05-27 10:15:00,2.163
2017-05-27 10:00:00,2.168
2017-05-27 09:45:00,2.735
2017-05-27 09:30:00,2.169
2017-05-27 09:15:00,2.168
2017-05-27 09:00:00,2.182
2017-05-27 08:45:00,2.179
2017-05-27 08:30:00,2.172
2017-05-27 08:15:00,2.749
2017-05-27 08:00:00,2.173
2017-05-27 07:45:00,2.17
2017-05-27 07:30:00,2.17
2017-05-27 07:15:00,2.159
2017-05-27 07:00:00,2.577
2017-05-27 06:45:00,2.159
2017-05-27 06:30:00,2.163
2017-05-27 06:15:00,2.452
2017-05-27 06:00:00,2.15
2017-05-27 05:45:00,2.151
2017-05-27 05:30:00,2.151
2017-05-27 05:15:00,2.441
2017-05-27 05:00:00,2.151
2017-05-27 04:45:00,2.56
2017-05-27 04:30:00,2.15
2017-05-27 04:15:00,2.15
2017-05-27 04:00:00,2.147
2017-05-27 03:45:00,2.148
2017-05-27 03:30:00,2.153
2017-05-27 03:15:00,2.642
2017-05-27 03:00:00,2.149
2017-05-27 02:45:00,2.407
2017-05-27 02:30:00,2.336
2017-05-27 02:15:00,2.279
2017-05-27 02:00:00,2.141
2017-05-27 01:45:00,2.146
2017-05-27 01:30:00,2.152
2017-05-27 01:15:00,3.163
2017-05-27 01:00:00,2.61
2017-05-27 00:45:00,2.63
2017-05-27 00:30:00,2.155
2017-05-27 00:15:00,2.24
2017-05-27 00:00:00,2.186
2017-05-26 23:45:00,2.463
2017-05-26 23:30:00,3.458
2017-05-26 23:15:00,2.182
2017-05-26 23:00:00,2.185
2017-05-26 22:45:00,2.187
2017-05-26 22:30:00,2.159
2017-05-26 22:15:00,2.214
2017-05-26 22:00:00,2.18
2017-05-26 21:45:00,2.374
2017-05-26 21:30:00,2.219
2017-05-26 21:15:00,2.18
2017-05-26 21:00:00,2.168
2017-05-26 20:45:00,2.309
2017-05-26 20:30:00,2.265
2017-05-26 20:15:00,2.19
2017-05-26 20:00:00,2.184
2017-05-26 19:45:00,2.192
2017-05-26 19:30:00,2.187
2017-05-26 19:15:00,2.279
2017-05-26 19:00:00,2.706
2017-05-26 18:45:00,2.6
2017-05-26 18:30:00,2.773
2017-05-26 18:15:00,2.995
2017-05-26 18:00:00,3.365
2017-05-26 17:45:00,4.301
2017-05-26 17:30:00,5.668
2017-05-26 17:15:00,11.922
2017-05-26 17:00:00,77.788
2017-05-26 16:45:00,74.438
2017-05-26 16:30:00,103.151
2017-05-26 16:15:00,66.422
2017-05-26 16:00:00,154.52
2017-05-26 15:45:00,66.616
2017-05-26 15:30:00,78.169
2017-05-26 15:15:00,115.094
2017-05-26 15:00:00,101.688
2017-05-26 14:45:00,94.847
2017-05-26 14:30:00,93.916
2017-05-26 14:15:00,118.854
2017-05-26 14:00:00,88.472
2017-05-26 13:45:00,121.351
2017-05-26 13:30:00,44.646
2017-05-26 13:15:00,49.346
2017-05-26 13:00:00,24.628
2017-05-26 12:45:00,41.898
2017-05-26 12:30:00,40.998
2017-05-26 12:15:00,24.342
2017-05-26 12:00:00,22.719
2017-05-26 11:45:00,25.111
2017-05-26 11:30:00,26.87
2017-05-26 11:15:00,9.334
2017-05-26 11:00:00,1.996
2017-05-26 10:45:00,2.172
2017-05-26 10:30:00,0.297
2017-05-26 10:15:00,3.415
2017-05-26 10:00:00,1.74
2017-05-26 09:45:00,1.624
2017-05-26 09:30:00,2.098
2017-05-26 09:15:00,3.569
2017-05-26 09:00:00,2.659
2017-05-26 08:45:00,-2.006
2017-05-26 08:30:00,-20.299
2017-05-26 08:15:00,-23.792
2017-05-26 08:00:00,-14.004
2017-05-26 07:45:00,-16.246
2017-05-26 07:30:00,-18.33
2017-05-26 07:15:00,-24.834
2017-05-26 07:00:00,-25.689
2017-05-26 06:45:00,-29.62
2017-05-26 06:30:00,-28.047
2017-05-26 06:15:00,-23.584
2017-05-26 06:00:00,-20.142
2017-05-26 05:45:00,-20.156
2017-05-26 05:30:00,-21.951
2017-05-26 05:15:00,-21.175
2017-05-26 05:00:00,-11.076
2017-05-26 04:45:00,-14.643
2017-05-26 04:30:00,-9.601
2017-05-26 04:15:00,-15.061
2017-05-26 04:00:00,-11.032
2017-05-26 03:45:00,-15.288
2017-05-26 03:30:00,-13.277
2017-05-26 03:15:00,-14.66
2017-05-26 03:00:00,-17.207
2017-05-26 02:45:00,-15.08
2017-05-26 02:30:00,-17.647
2017-05-26 02:15:00,-16.267
2017-05-26 02:00:00,-17.515
2017-05-26 01:45:00,-15.077
2017-05-26 01:30:00,-18.538
2017-05-26 01:15:00,-16.285
2017-05-26 01:00:00,-17.046
2017-05-26 00:45:00,-14.754
2017-05-26 00:30:00,-17.241
2017-05-26 00:15:00,-17.025
2017-05-26 00:00:00,-28.544
2017-05-25 23:45:00,-30.038
2017-05-25 23:30:00,-18.992
2017-05-25 23:15:00,-18.182
2017-05-25 23:00:00,-18.315
2017-05-25 22:45:00,-19.716
2017-05-25 22:30:00,-20.617
2017-05-25 22:15:00,-20.438
2017-05-25 22:00:00,-20.026
2017-05-25 21:45:00,-21.203
2017-05-25 21:30:00,-31.488
2017-05-25 21:15:00,-37.486
2017-05-25 21:00:00,-41.617
2017-05-25 20:45:00,-29.607
2017-05-25 20:30:00,-26.798
2017-05-25 20:15:00,-29.119
2017-05-25 20:00:00,-28.844
2017-05-25 19:45:00,-29.49
2017-05-25 19:30:00,-41.672
2017-05-25 19:15:00,-43.943
2017-05-25 19:00:00,-42.513
2017-05-25 18:45:00,-19.257
2017-05-25 18:30:00,-15.198
2017-05-25 18:15:00,-14.054
2017-05-25 18:00:00,-39.471
2017-05-25 17:45:00,-50.15
2017-05-25 17:30:00,-5.922
2017-05-25 17:15:00,8.652
2017-05-25 17:00:00,-3.007
2017-05-25 16:45:00,-16.85
2017-05-25 16:30:00,-12.414
2017-05-25 16:15:00,-21.715
2017-05-25 16:00:00,-0.525
2017-05-25 15:45:00,6.023
2017-05-25 15:30:00,4.864
2017-05-25 15:15:00,-0.065
2017-05-25 15:00:00,2.818
2017-05-25 14:45:00,2.214
2017-05-25 14:30:00,2.644
2017-05-25 14:15:00,2.965
2017-05-25 14:00:00,2.203
2017-05-25 13:45:00,3.011
2017-05-25 13:30:00,3.007
2017-05-25 13:15:00,4.083
2017-05-25 13:00:00,5.345
2017-05-25 12:45:00,25.177
2017-05-25 12:30:00,17.834
2017-05-25 12:15:00,26.279
2017-05-25 12:00:00,48.37
2017-05-25 11:45:00,30.377
2017-05-25 11:30:00,25.015
2017-05-25 11:15:00,10.47
2017-05-25 11:00:00,7.162
2017-05-25 10:45:00,0.185
2017-05-25 10:30:00,1.489
2017-05-25 10:15:00,2.142
2017-05-25 10:00:00,2.08
2017-05-25 09:45:00,5.33
2017-05-25 09:30:00,3.09
2017-05-25 09:15:00,2.207
2017-05-25 09:00:00,1.845
2017-05-25 08:45:00,-2.384
2017-05-25 08:30:00,-12.367
2017-05-25 08:15:00,-21.431
2017-05-25 08:00:00,-13.003
2017-05-25 07:45:00,-17.248
2017-05-25 07:30:00,-16.005
2017-05-25 07:15:00,-8.318
2017-05-25 07:00:00,-6.054
2017-05-25 06:45:00,-8.242
2017-05-25 06:30:00,-12.342
2017-05-25 06:15:00,-5.812
2017-05-25 06:00:00,-9.725
2017-05-25 05:45:00,-6.185
2017-05-25 05:30:00,-7.293
2017-05-25 05:15:00,2.504
2017-05-25 05:00:00,2.135
2017-05-25 04:45:00,2.413
2017-05-25 04:30:00,2.145
2017-05-25 04:15:00,2.198
2017-05-25 04:00:00,2.293
2017-05-25 03:45:00,2.414
2017-05-25 03:30:00,2.258
2017-05-25 03:15:00,2.129
2017-05-25 03:00:00,2.134
2017-05-25 02:45:00,2.506
2017-05-25 02:30:00,2.13
2017-05-25 02:15:00,2.483
2017-05-25 02:00:00,2.132
2017-05-25 01:45:00,2.472
2017-05-25 01:30:00,2.41
2017-05-25 01:15:00,2.767
2017-05-25 01:00:00,2.139
2017-05-25 00:45:00,2.174
2017-05-25 00:30:00,2.159
2017-05-25 00:15:00,3.205
2017-05-25 00:00:00,2.146
2017-05-24 23:45:00,2.976
2017-05-24 23:30:00,2.155
2017-05-24 23:15:00,2.194
2017-05-24 23:00:00,2.195
2017-05-24 22:45:00,2.18
2017-05-24 22:30:00,2.508
2017-05-24 22:15:00,2.183
2017-05-24 22:00:00,2.173
2017-05-24 21:45:00,2.173
2017-05-24 21:30:00,2.198
2017-05-24 21:15:00,2.404
2017-05-24 21:00:00,2.172
2017-05-24 20:45:00,2.397
2017-05-24 20:30:00,2.123
2017-05-24 20:15:00,2.277
2017-05-24 20:00:00,2.207
2017-05-24 19:45:00,2.302
2017-05-24 19:30:00,2.215
2017-05-24 19:15:00,2.496
2017-05-24 19:00:00,2.7
2017-05-24 18:45:00,2.517
2017-05-24 18:30:00,2.856
2017-05-24 18:15:00,3.279
2017-05-24 18:00:00,3.213
2017-05-24 17:45:00,3.564
2017-05-24 17:30:00,4.697
2017-05-24 17:15:00,4.618
2017-05-24 17:00:00,77.768
2017-05-24 16:45:00,107.619
2017-05-24 16:30:00,108.395
2017-05-24 16:15:00,98.88
2017-05-24 16:00:00,37.506
2017-05-24 15:45:00,-0.68
2017-05-24 15:30:00,0.0
2017-05-24 15:15:00,0.0
2017-05-24 15:00:00,0.0
2017-05-24 14:45:00,0.0
2017-05-24 14:30:00,0.0
2017-05-24 14:15:00,0.0
2017-05-24 14:00:00,0.0
2017-05-24 13:45:00,0.0
2017-05-24 13:30:00,0.0
2017-05-24 13:15:00,0.0
2017-05-24 13:00:00,0.0
2017-05-24 12:45:00,-0.784
2017-05-24 12:30:00,101.229
2017-05-24 12:15:00,142.873
2017-05-24 12:00:00,155.35
2017-05-24 11:45:00,155.102
2017-05-24 11:30:00,145.823
2017-05-24 11:15:00,124.366
2017-05-24 11:00:00,117.542
2017-05-24 10:45:00,74.805
2017-05-24 10:30:00,38.19
2017-05-24 10:15:00,41.36
2017-05-24 10:00:00,15.326
2017-05-24 09:45:00,30.557
2017-05-24 09:30:00,-0.953
2017-05-24 09:15:00,2.047
2017-05-24 09:00:00,-9.233
2017-05-24 08:45:00,13.539
2017-05-24 08:30:00,-12.266
2017-05-24 08:15:00,-29.535
2017-05-24 08:00:00,-28.554
2017-05-24 07:45:00,-12.466
2017-05-24 07:30:00,-22.2
2017-05-24 07:15:00,-19.38
2017-05-24 07:00:00,-18.758
2017-05-24 06:45:00,-27.967
2017-05-24 06:30:00,-30.577
2017-05-24 06:15:00,-30.986
2017-05-24 06:00:00,-35.206
2017-05-24 05:45:00,-36.151
2017-05-24 05:30:00,-41.383
2017-05-24 05:15:00,-19.84
2017-05-24 05:00:00,-18.284
2017-05-24 04:45:00,-18.02
2017-05-24 04:30:00,-18.069
2017-05-24 04:15:00,-16.488
2017-05-24 04:00:00,-17.374
2017-05-24 03:45:00,-18.169
2017-05-24 03:30:00,-16.549
2017-05-24 03:15:00,-17.642
2017-05-24 03:00:00,-17.849
2017-05-24 02:45:00,-17.643
2017-05-24 02:30:00,-17.602
2017-05-24 02:15:00,-17.099
2017-05-24 02:00:00,-18.994
2017-05-24 01:45:00,-17.539
2017-05-24 01:30:00,-18.493
2017-05-24 01:15:00,-16.556
2017-05-24 01:00:00,-19.26
2017-05-24 00:45:00,-17.201
2017-05-24 00:30:00,-18.253
2017-05-24 00:15:00,-17.258
2017-05-24 00:00:00,-19.499
2017-05-23 23:45:00,-17.025
2017-05-23 23:30:00,-20.515
2017-05-23 23:15:00,-19.072
2017-05-23 23:00:00,-18.551
2017-05-23 22:45:00,-17.946
2017-05-23 22:30:00,-20.114
2017-05-23 22:15:00,-19.468
2017-05-23 22:00:00,-19.849
2017-05-23 21:45:00,-20.653
2017-05-23 21:30:00,-31.291
2017-05-23 21:15:00,-31.213
2017-05-23 21:00:00,-33.288
2017-05-23 20:45:00,-42.503
2017-05-23 20:30:00,-45.603
2017-05-23 20:15:00,-34.486
2017-05-23 20:00:00,-29.757
2017-05-23 19:45:00,-29.703
2017-05-23 19:30:00,-30.718
2017-05-23 19:15:00,-34.503
2017-05-23 19:00:00,-35.102
2017-05-23 18:45:00,-31.096
2017-05-23 18:30:00,-22.518
2017-05-23 18:15:00,-11.851
2017-05-23 18:00:00,-4.704
2017-05-23 17:45:00,-4.794
2017-05-23 17:30:00,-2.68
2017-05-23 17:15:00,-0.922
2017-05-23 17:00:00,-0.964
2017-05-23 16:45:00,-0.965
2017-05-23 16:30:00,-0.967
2017-05-23 16:15:00,-0.928
2017-05-23 16:00:00,-5.26
2017-05-23 15:45:00,-20.175
2017-05-23 15:30:00,-9.224
2017-05-23 15:15:00,-3.781
2017-05-23 15:00:00,-3.28
2017-05-23 14:45:00,0.474
2017-05-23 14:30:00,0.46
2017-05-23 14:15:00,0.463
2017-05-23 14:00:00,0.69
2017-05-23 13:45:00,0.933
2017-05-23 13:30:00,1.018
2017-05-23 13:15:00,1.124
2017-05-23 13:00:00,0.134
2017-05-23 12:45:00,1.3
2017-05-23 12:30:00,1.144
2017-05-23 12:15:00,1.426
2017-05-23 12:00:00,4.257
2017-05-23 11:45:00,4.987
2017-05-23 11:30:00,21.388
2017-05-23 11:15:00,31.004
2017-05-23 11:00:00,-0.95
2017-05-23 10:45:00,-0.951
2017-05-23 10:30:00,16.434
2017-05-23 10:15:00,66.279
2017-05-23 10:00:00,64.026
2017-05-23 09:45:00,52.669
2017-05-23 09:30:00,45.173
2017-05-23 09:15:00,42.642
2017-05-23 09:00:00,34.592
2017-05-23 08:45:00,26.12
2017-05-23 08:30:00,5.282
2017-05-23 08:15:00,1.377
2017-05-23 08:00:00,-8.831
2017-05-23 07:45:00,-18.497
2017-05-23 07:30:00,-25.398
2017-05-23 07:15:00,-14.882
2017-05-23 07:00:00,-12.683
2017-05-23 06:45:00,-14.606
2017-05-23 06:30:00,-17.053
2017-05-23 06:15:00,-15.719
2017-05-23 06:00:00,-17.164
2017-05-23 05:45:00,-17.324
2017-05-23 05:30:00,-16.078
2017-05-23 05:15:00,-5.947
2017-05-23 05:00:00,-2.247
2017-05-23 04:45:00,-3.415
2017-05-23 04:30:00,-1.742
2017-05-23 04:15:00,-2.693
2017-05-23 04:00:00,-3.18
2017-05-23 03:45:00,-2.329
2017-05-23 03:30:00,-2.114
2017-05-23 03:15:00,-3.523
2017-05-23 03:00:00,-2.721
2017-05-23 02:45:00,-3.135
2017-05-23 02:30:00,-3.72
2017-05-23 02:15:00,-2.926
2017-05-23 02:00:00,-2.665
2017-05-23 01:45:00,-2.052
2017-05-23 01:30:00,-3.312
2017-05-23 01:15:00,-2.901
2017-05-23 01:00:00,-2.385
2017-05-23 00:45:00,-3.176
2017-05-23 00:30:00,-3.018
2017-05-23 00:15:00,-3.063
2017-05-23 00:00:00,-1.849
2017-05-22 23:45:00,-2.624
2017-05-22 23:30:00,-3.242
2017-05-22 23:15:00,-2.328
2017-05-22 23:00:00,-3.381
2017-05-22 22:45:00,-4.358
2017-05-22 22:30:00,-4.501
2017-05-22 22:15:00,-4.408
2017-05-22 22:00:00,-3.478
2017-05-22 21:45:00,-4.798
2017-05-22 21:30:00,-4.705
2017-05-22 21:15:00,-3.946
2017-05-22 21:00:00,-4.977
2017-05-22 20:45:00,-12.208
2017-05-22 20:30:00,-9.165
2017-05-22 20:15:00,-3.514
2017-05-22 20:00:00,-5.496
2017-05-22 19:45:00,-5.659
2017-05-22 19:30:00,-3.885
2017-05-22 19:15:00,-10.157
2017-05-22 19:00:00,-11.757
2017-05-22 18:45:00,-9.83
2017-05-22 18:30:00,-0.802
2017-05-22 18:15:00,-4.607
2017-05-22 18:00:00,-0.006
2017-05-22 17:45:00,2.201
2017-05-22 17:30:00,2.195
2017-05-22 17:15:00,2.193
2017-05-22 17:00:00,2.191
2017-05-22 16:45:00,2.201
2017-05-22 16:30:00,-47.993
2017-05-22 16:15:00,-0.987
2017-05-22 16:00:00,-0.97
2017-05-22 15:45:00,-2.306
2017-05-22 15:30:00,-0.974
2017-05-22 15:15:00,-0.99
2017-05-22 15:00:00,-0.954
2017-05-22 14:45:00,-0.524
2017-05-22 14:30:00,-0.259
2017-05-22 14:15:00,0.0
2017-05-22 14:00:00,0.0
2017-05-22 13:45:00,0.114
2017-05-22 13:30:00,0.476
2017-05-22 13:15:00,0.479
2017-05-22 13:00:00,0.459
2017-05-22 12:45:00,0.498
2017-05-22 12:30:00,0.607
2017-05-22 12:15:00,83.881
2017-05-22 12:00:00,92.482
2017-05-22 11:45:00,85.471
2017-05-22 11:30:00,81.885
2017-05-22 11:15:00,77.062
2017-05-22 11:00:00,92.303
2017-05-22 10:45:00,88.883
2017-05-22 10:30:00,90.682
2017-05-22 10:15:00,90.205
2017-05-22 10:00:00,82.264
2017-05-22 09:45:00,62.422
2017-05-22 09:30:00,53.316
2017-05-22 09:15:00,43.046
2017-05-22 09:00:00,43.857
2017-05-22 08:45:00,32.312
2017-05-22 08:30:00,31.66
2017-05-22 08:15:00,-4.513
2017-05-22 08:00:00,-21.453
2017-05-22 07:45:00,-31.674
2017-05-22 07:30:00,-38.125
2017-05-22 07:15:00,-47.401
2017-05-22 07:00:00,-45.521
2017-05-22 06:45:00,-33.44
2017-05-22 06:30:00,-35.024
2017-05-22 06:15:00,-33.006
2017-05-22 06:00:00,-31.073
2017-05-22 05:45:00,-33.471
2017-05-22 05:30:00,-30.943
2017-05-22 05:15:00,-10.366
2017-05-22 05:00:00,-3.52
2017-05-22 04:45:00,-5.148
2017-05-22 04:30:00,-7.946
2017-05-22 04:15:00,-4.361
2017-05-22 04:00:00,-6.176
2017-05-22 03:45:00,-7.428
2017-05-22 03:30:00,-6.987
2017-05-22 03:15:00,-6.745
2017-05-22 03:00:00,-7.976
2017-05-22 02:45:00,-7.543
2017-05-22 02:30:00,-8.039
2017-05-22 02:15:00,-5.478
2017-05-22 02:00:00,-9.852
2017-05-22 01:45:00,-7.812
2017-05-22 01:30:00,-7.739
2017-05-22 01:15:00,-8.427
2017-05-22 01:00:00,-9.312
2017-05-22 00:45:00,-8.654
2017-05-22 00:30:00,-8.107
2017-05-22 00:15:00,-9.25
2017-05-22 00:00:00,-9.989
2017-05-21 23:45:00,-9.459
2017-05-21 23:30:00,-9.54
2017-05-21 23:15:00,-13.417
2017-05-21 23:00:00,-10.445
2017-05-21 22:45:00,-9.967
2017-05-21 22:30:00,-14.606
2017-05-21 22:15:00,-13.206
2017-05-21 22:00:00,-13.948
2017-05-21 21:45:00,-12.398
2017-05-21 21:30:00,-13.682
2017-05-21 21:15:00,-14.562
2017-05-21 21:00:00,-18.431
2017-05-21 20:45:00,-27.843
2017-05-21 20:30:00,-25.806
2017-05-21 20:15:00,-14.986
2017-05-21 20:00:00,-14.868
2017-05-21 19:45:00,-17.345
2017-05-21 19:30:00,-23.683
2017-05-21 19:15:00,-37.404
2017-05-21 19:00:00,-41.696
2017-05-21 18:45:00,-32.701
2017-05-21 18:30:00,-23.653
2017-05-21 18:15:00,-9.907
2017-05-21 18:00:00,-1.964
2017-05-21 17:45:00,0.439
2017-05-21 17:30:00,0.456
2017-05-21 17:15:00,0.456
2017-05-21 17:00:00,0.461
2017-05-21 16:45:00,0.464
2017-05-21 16:30:00,0.464
2017-05-21 16:15:00,0.466
2017-05-21 16:00:00,0.469
2017-05-21 15:45:00,0.47
2017-05-21 15:30:00,0.472
2017-05-21 15:15:00,0.469
2017-05-21 15:00:00,0.47
2017-05-21 14:45:00,0.469
2017-05-21 14:30:00,0.467
2017-05-21 14:15:00,0.47
2017-05-21 14:00:00,0.476
2017-05-21 13:45:00,0.472
2017-05-21 13:30:00,0.472
2017-05-21 13:15:00,0.47
2017-05-21 13:00:00,0.469
2017-05-21 12:45:00,0.469
2017-05-21 12:30:00,0.47
2017-05-21 12:15:00,0.472
2017-05-21 12:00:00,0.469
2017-05-21 11:45:00,0.469
2017-05-21 11:30:00,0.46
2017-05-21 11:15:00,0.458
2017-05-21 11:00:00,0.467
2017-05-21 10:45:00,0.468
2017-05-21 10:30:00,0.47
2017-05-21 10:15:00,0.489
2017-05-21 10:00:00,0.508
2017-05-21 09:45:00,0.609
2017-05-21 09:30:00,98.869
2017-05-21 09:15:00,106.492
2017-05-21 09:00:00,105.911
2017-05-21 08:45:00,97.854
2017-05-21 08:30:00,86.074
2017-05-21 08:15:00,74.388
2017-05-21 08:00:00,57.676
2017-05-21 07:45:00,40.505
2017-05-21 07:30:00,27.062
2017-05-21 07:15:00,9.819
2017-05-21 07:00:00,1.166
2017-05-21 06:45:00,-0.591
2017-05-21 06:30:00,-2.715
2017-05-21 06:15:00,-1.044
2017-05-21 06:00:00,-2.113
2017-05-21 05:45:00,-3.849
2017-05-21 05:30:00,-4.138
2017-05-21 05:15:00,-3.517
2017-05-21 05:00:00,-2.445
2017-05-21 04:45:00,-4.581
2017-05-21 04:30:00,-1.581
2017-05-21 04:15:00,-4.023
2017-05-21 04:00:00,-3.103
2017-05-21 03:45:00,-5.12
2017-05-21 03:30:00,-4.653
2017-05-21 03:15:00,-4.085
2017-05-21 03:00:00,-7.5
2017-05-21 02:45:00,-5.154
2017-05-21 02:30:00,-7.824
2017-05-21 02:15:00,-7.139
2017-05-21 02:00:00,-10.782
2017-05-21 01:45:00,-9.034
2017-05-21 01:30:00,-9.665
2017-05-21 01:15:00,-9.895
2017-05-21 01:00:00,-11.404
2017-05-21 00:45:00,-8.285
2017-05-21 00:30:00,-11.728
2017-05-21 00:15:00,-11.362
2017-05-21 00:00:00,-10.467
2017-05-20 23:45:00,-11.809
2017-05-20 23:30:00,-11.197
2017-05-20 23:15:00,-12.559
2017-05-20 23:00:00,-11.819
2017-05-20 22:45:00,-13.18
2017-05-20 22:30:00,-12.271
2017-05-20 22:15:00,-13.476
2017-05-20 22:00:00,-12.558
2017-05-20 21:45:00,-13.814
2017-05-20 21:30:00,-14.787
2017-05-20 21:15:00,-16.264
2017-05-20 21:00:00,-19.549
2017-05-20 20:45:00,-30.618
2017-05-20 20:30:00,-28.288
2017-05-20 20:15:00,-19.633
2017-05-20 20:00:00,-27.549
2017-05-20 19:45:00,-27.914
2017-05-20 19:30:00,-25.1
2017-05-20 19:15:00,-34.032
2017-05-20 19:00:00,-36.586
2017-05-20 18:45:00,-31.579
2017-05-20 18:30:00,-24.107
2017-05-20 18:15:00,-11.527
2017-05-20 18:00:00,-2.567
2017-05-20 17:45:00,0.448
2017-05-20 17:30:00,0.453
2017-05-20 17:15:00,0.456
2017-05-20 17:00:00,0.457
2017-05-20 16:45:00,0.456
2017-05-20 16:30:00,0.455
2017-05-20 16:15:00,0.461
2017-05-20 16:00:00,0.46
2017-05-20 15:45:00,0.467
2017-05-20 15:30:00,0.466
2017-05-20 15:15:00,0.469
2017-05-20 15:00:00,0.465
2017-05-20 14:45:00,0.466
2017-05-20 14:30:00,0.465
2017-05-20 14:15:00,0.469
2017-05-20 14:00:00,0.469
2017-05-20 13:45:00,0.47
2017-05-20 13:30:00,0.472
2017-05-20 13:15:00,0.471
2017-05-20 13:00:00,0.466
2017-05-20 12:45:00,0.469
2017-05-20 12:30:00,0.469
2017-05-20 12:15:00,0.465
2017-05-20 12:00:00,0.465
2017-05-20 11:45:00,0.469
2017-05-20 11:30:00,0.482
2017-05-20 11:15:00,0.503
2017-05-20 11:00:00,0.564
2017-05-20 10:45:00,62.288
2017-05-20 10:30:00,106.456
2017-05-20 10:15:00,106.643
2017-05-20 10:00:00,106.769
2017-05-20 09:45:00,106.981
2017-05-20 09:30:00,107.221
2017-05-20 09:15:00,107.224
2017-05-20 09:00:00,103.431
2017-05-20 08:45:00,92.125
2017-05-20 08:30:00,78.575
2017-05-20 08:15:00,63.951
2017-05-20 08:00:00,47.858
2017-05-20 07:45:00,35.818
2017-05-20 07:30:00,19.036
2017-05-20 07:15:00,2.444
2017-05-20 07:00:00,0.313
2017-05-20 06:45:00,-4.685
2017-05-20 06:30:00,-9.407
2017-05-20 06:15:00,-10.921
2017-05-20 06:00:00,-11.596
2017-05-20 05:45:00,-11.882
2017-05-20 05:30:00,-10.565
2017-05-20 05:15:00,-11.655
2017-05-20 05:00:00,-11.77
2017-05-20 04:45:00,-10.974
2017-05-20 04:30:00,-12.942
2017-05-20 04:15:00,-11.254
2017-05-20 04:00:00,-11.269
2017-05-20 03:45:00,-10.858
2017-05-20 03:30:00,-12.812
2017-05-20 03:15:00,-10.794
2017-05-20 03:00:00,-11.446
2017-05-20 02:45:00,-12.137
2017-05-20 02:30:00,-11.4
2017-05-20 02:15:00,-11.939
2017-05-20 02:00:00,-14.041
2017-05-20 01:45:00,-12.932
2017-05-20 01:30:00,-13.869
2017-05-20 01:15:00,-13.293
2017-05-20 01:00:00,-14.237
2017-05-20 00:45:00,-16.479
2017-05-20 00:30:00,-15.215
2017-05-20 00:15:00,-16.666
2017-05-20 00:00:00,-15.534
2017-05-19 23:45:00,-17.17
2017-05-19 23:30:00,-15.849
2017-05-19 23:15:00,-17.293
2017-05-19 23:00:00,-18.381
2017-05-19 22:45:00,-16.057
2017-05-19 22:30:00,-16.753
2017-05-19 22:15:00,-17.59
2017-05-19 22:00:00,-27.883
2017-05-19 21:45:00,-27.841
2017-05-19 21:30:00,-29.853
2017-05-19 21:15:00,-30.514
2017-05-19 21:00:00,-30.856
2017-05-19 20:45:00,-45.205
2017-05-19 20:30:00,-47.958
2017-05-19 20:15:00,-43.439
2017-05-19 20:00:00,-35.064
2017-05-19 19:45:00,-35.511
2017-05-19 19:30:00,-35.298
2017-05-19 19:15:00,-37.135
2017-05-19 19:00:00,-45.884
2017-05-19 18:45:00,-40.024
2017-05-19 18:30:00,-31.5
2017-05-19 18:15:00,-29.392
2017-05-19 18:00:00,-26.585
2017-05-19 17:45:00,-4.196
2017-05-19 17:30:00,0.339
2017-05-19 17:15:00,0.45
2017-05-19 17:00:00,0.45
2017-05-19 16:45:00,0.454
2017-05-19 16:30:00,0.45
2017-05-19 16:15:00,0.456
2017-05-19 16:00:00,0.447
2017-05-19 15:45:00,0.456
2017-05-19 15:30:00,0.453
2017-05-19 15:15:00,0.456
2017-05-19 15:00:00,0.458
2017-05-19 14:45:00,0.465
2017-05-19 14:30:00,0.461
2017-05-19 14:15:00,0.468
2017-05-19 14:00:00,0.476
2017-05-19 13:45:00,0.483
2017-05-19 13:30:00,0.498
2017-05-19 13:15:00,0.526
2017-05-19 13:00:00,0.556
2017-05-19 12:45:00,19.036
2017-05-19 12:30:00,106.281
2017-05-19 12:15:00,106.244
2017-05-19 12:00:00,106.254
2017-05-19 11:45:00,105.651
2017-05-19 11:30:00,104.415
2017-05-19 11:15:00,106.442
2017-05-19 11:00:00,107.038
2017-05-19 10:45:00,107.023
2017-05-19 10:30:00,107.037
2017-05-19 10:15:00,106.866
2017-05-19 10:00:00,102.225
2017-05-19 09:45:00,95.821
2017-05-19 09:30:00,84.657
2017-05-19 09:15:00,74.452
2017-05-19 09:00:00,60.263
2017-05-19 08:45:00,56.392
2017-05-19 08:30:00,35.449
2017-05-19 08:15:00,23.752
2017-05-19 08:00:00,5.323
2017-05-19 07:45:00,0.351
2017-05-19 07:30:00,-0.845
2017-05-19 07:15:00,-6.112
2017-05-19 07:00:00,-2.821
2017-05-19 06:45:00,-9.006
2017-05-19 06:30:00,-16.39
2017-05-19 06:15:00,-16.082
2017-05-19 06:00:00,-14.677
2017-05-19 05:45:00,-17.648
2017-05-19 05:30:00,-20.072
2017-05-19 05:15:00,-14.398
2017-05-19 05:00:00,-13.794
2017-05-19 04:45:00,-12.634
2017-05-19 04:30:00,-12.749
2017-05-19 04:15:00,-13.275
2017-05-19 04:00:00,-14.647
2017-05-19 03:45:00,-15.419
2017-05-19 03:30:00,-18.194
2017-05-19 03:15:00,-21.884
2017-05-19 03:00:00,-25.991
2017-05-19 02:45:00,-25.591
2017-05-19 02:30:00,-26.792
2017-05-19 02:15:00,-26.834
2017-05-19 02:00:00,-26.486
2017-05-19 01:45:00,-25.198
2017-05-19 01:30:00,-26.335
2017-05-19 01:15:00,-27.484
2017-05-19 01:00:00,-25.331
2017-05-19 00:45:00,-29.365
2017-05-19 00:30:00,-28.837
2017-05-19 00:15:00,-29.501
2017-05-19 00:00:00,-28.336
2017-05-18 23:45:00,-31.665
2017-05-18 23:30:00,-31.641
2017-05-18 23:15:00,-31.905
2017-05-18 23:00:00,-33.957
2017-05-18 22:45:00,-34.547
2017-05-18 22:30:00,-35.409
2017-05-18 22:15:00,-34.41
2017-05-18 22:00:00,-34.804
2017-05-18 21:45:00,-36.15
2017-05-18 21:30:00,-35.955
2017-05-18 21:15:00,-34.16
2017-05-18 21:00:00,-36.263
2017-05-18 20:45:00,-36.285
2017-05-18 20:30:00,-35.66
2017-05-18 20:15:00,-39.228
2017-05-18 20:00:00,-41.478
2017-05-18 19:45:00,-41.209
2017-05-18 19:30:00,-41.741
2017-05-18 19:15:00,-49.343
2017-05-18 19:00:00,-50.617
2017-05-18 18:45:00,-35.277
2017-05-18 18:30:00,-21.43
2017-05-18 18:15:00,-17.855
2017-05-18 18:00:00,-21.774
2017-05-18 17:45:00,-12.926
2017-05-18 17:30:00,-10.181
2017-05-18 17:15:00,-1.362
2017-05-18 17:00:00,0.454
2017-05-18 16:45:00,0.455
2017-05-18 16:30:00,0.457
2017-05-18 16:15:00,0.447
2017-05-18 16:00:00,0.452
2017-05-18 15:45:00,0.451
2017-05-18 15:30:00,0.452
2017-05-18 15:15:00,0.459
2017-05-18 15:00:00,0.462
2017-05-18 14:45:00,0.468
2017-05-18 14:30:00,0.471
2017-05-18 14:15:00,0.474
2017-05-18 14:00:00,0.482
2017-05-18 13:45:00,0.486
2017-05-18 13:30:00,0.507
2017-05-18 13:15:00,0.525
2017-05-18 13:00:00,0.545
2017-05-18 12:45:00,24.702
2017-05-18 12:30:00,106.425
2017-05-18 12:15:00,106.387
2017-05-18 12:00:00,106.416
2017-05-18 11:45:00,106.555
2017-05-18 11:30:00,106.781
2017-05-18 11:15:00,106.984
2017-05-18 11:00:00,107.065
2017-05-18 10:45:00,107.1
2017-05-18 10:30:00,107.266
2017-05-18 10:15:00,107.114
2017-05-18 10:00:00,102.661
2017-05-18 09:45:00,97.379
2017-05-18 09:30:00,85.926
2017-05-18 09:15:00,72.393
2017-05-18 09:00:00,61.869
2017-05-18 08:45:00,43.965
2017-05-18 08:30:00,32.697
2017-05-18 08:15:00,17.496
2017-05-18 08:00:00,0.491
2017-05-18 07:45:00,4.128
2017-05-18 07:30:00,6.103
2017-05-18 07:15:00,-11.083
2017-05-18 07:00:00,-11.563
2017-05-18 06:45:00,-16.187
2017-05-18 06:30:00,-17.478
2017-05-18 06:15:00,-20.0
2017-05-18 06:00:00,-26.04
2017-05-18 05:45:00,-32.431
2017-05-18 05:30:00,-37.071
2017-05-18 05:15:00,-18.55
2017-05-18 05:00:00,-18.876
2017-05-18 04:45:00,-20.985
2017-05-18 04:30:00,-18.893
2017-05-18 04:15:00,-19.967
2017-05-18 04:00:00,-19.947
2017-05-18 03:45:00,-20.888
2017-05-18 03:30:00,-19.785
2017-05-18 03:15:00,-19.719
2017-05-18 03:00:00,-20.533
2017-05-18 02:45:00,-19.757
2017-05-18 02:30:00,-19.736
2017-05-18 02:15:00,-21.228
2017-05-18 02:00:00,-23.179
2017-05-18 01:45:00,-20.606
2017-05-18 01:30:00,-21.652
2017-05-18 01:15:00,-24.075
2017-05-18 01:00:00,-22.522
2017-05-18 00:45:00,-22.484
2017-05-18 00:30:00,-23.466
2017-05-18 00:15:00,-22.245
2017-05-18 00:00:00,-22.595
2017-05-17 23:45:00,-23.186
2017-05-17 23:30:00,-26.388
2017-05-17 23:15:00,-25.502
2017-05-17 23:00:00,-25.441
2017-05-17 22:45:00,-26.803
2017-05-17 22:30:00,-27.392
2017-05-17 22:15:00,-25.69
2017-05-17 22:00:00,-28.978
2017-05-17 21:45:00,-28.666
2017-05-17 21:30:00,-28.803
2017-05-17 21:15:00,-29.031
2017-05-17 21:00:00,-32.351
2017-05-17 20:45:00,-31.926
2017-05-17 20:30:00,-30.23
2017-05-17 20:15:00,-32.572
2017-05-17 20:00:00,-38.574
2017-05-17 19:45:00,-38.702
2017-05-17 19:30:00,-38.377
2017-05-17 19:15:00,-39.204
2017-05-17 19:00:00,-38.942
2017-05-17 18:45:00,-30.935
2017-05-17 18:30:00,-22.397
2017-05-17 18:15:00,-23.088
2017-05-17 18:00:00,-31.823
2017-05-17 17:45:00,-31.686
2017-05-17 17:30:00,-15.675
2017-05-17 17:15:00,0.622
2017-05-17 17:00:00,2.187
2017-05-17 16:45:00,-1.073
2017-05-17 16:30:00,0.794
2017-05-17 16:15:00,0.972
2017-05-17 16:00:00,0.397
2017-05-17 15:45:00,0.442
2017-05-17 15:30:00,0.016
2017-05-17 15:15:00,0.308
2017-05-17 15:00:00,0.448
2017-05-17 14:45:00,0.447
2017-05-17 14:30:00,2.036
2017-05-17 14:15:00,8.368
2017-05-17 14:00:00,-5.586
2017-05-17 13:45:00,1.047
2017-05-17 13:30:00,1.029
2017-05-17 13:15:00,5.56
2017-05-17 13:00:00,-2.006
2017-05-17 12:45:00,1.221
2017-05-17 12:30:00,1.156
2017-05-17 12:15:00,2.275
2017-05-17 12:00:00,6.192
2017-05-17 11:45:00,11.568
2017-05-17 11:30:00,29.576
2017-05-17 11:15:00,28.286
2017-05-17 11:00:00,76.325
2017-05-17 10:45:00,70.17
2017-05-17 10:30:00,24.29
2017-05-17 10:15:00,16.074
2017-05-17 10:00:00,91.036
2017-05-17 09:45:00,63.843
2017-05-17 09:30:00,21.363
2017-05-17 09:15:00,0.789
2017-05-17 09:00:00,-1.519
2017-05-17 08:45:00,-2.218
2017-05-17 08:30:00,-5.678
2017-05-17 08:15:00,3.244
2017-05-17 08:00:00,-4.74
2017-05-17 07:45:00,-15.143
2017-05-17 07:30:00,-15.827
2017-05-17 07:15:00,-20.785
2017-05-17 07:00:00,-8.307
2017-05-17 06:45:00,-17.39
2017-05-17 06:30:00,-21.778
2017-05-17 06:15:00,-18.65
2017-05-17 06:00:00,-20.695
2017-05-17 05:45:00,-34.348
2017-05-17 05:30:00,-31.982
2017-05-17 05:15:00,-6.369
2017-05-17 05:00:00,0.362
2017-05-17 04:45:00,0.364
2017-05-17 04:30:00,0.367
2017-05-17 04:15:00,0.366
2017-05-17 04:00:00,0.364
2017-05-17 03:45:00,0.363
2017-05-17 03:30:00,0.36
2017-05-17 03:15:00,0.358
2017-05-17 03:00:00,0.359
2017-05-17 02:45:00,0.361
2017-05-17 02:30:00,0.361
2017-05-17 02:15:00,0.362
2017-05-17 02:00:00,0.361
2017-05-17 01:45:00,0.362
2017-05-17 01:30:00,0.362
2017-05-17 01:15:00,0.362
2017-05-17 01:00:00,0.363
2017-05-17 00:45:00,0.363
2017-05-17 00:30:00,0.364
2017-05-17 00:15:00,0.364
2017-05-17 00:00:00,0.367
2017-05-16 23:45:00,0.367
2017-05-16 23:30:00,0.371
2017-05-16 23:15:00,0.375
2017-05-16 23:00:00,0.37
2017-05-16 22:45:00,0.372
2017-05-16 22:30:00,0.377
2017-05-16 22:15:00,0.382
2017-05-16 22:00:00,0.383
2017-05-16 21:45:00,0.381
2017-05-16 21:30:00,0.383
2017-05-16 21:15:00,0.384
2017-05-16 21:00:00,0.384
2017-05-16 20:45:00,0.383
2017-05-16 20:30:00,0.38
2017-05-16 20:15:00,0.383
2017-05-16 20:00:00,0.321
2017-05-16 19:45:00,0.056
2017-05-16 19:30:00,0.386
2017-05-16 19:15:00,2.093
2017-05-16 19:00:00,9.183
2017-05-16 18:45:00,16.218
2017-05-16 18:30:00,17.014
2017-05-16 18:15:00,22.904
2017-05-16 18:00:00,28.341
2017-05-16 17:45:00,46.207
2017-05-16 17:30:00,67.863
2017-05-16 17:15:00,41.226
2017-05-16 17:00:00,68.866
2017-05-16 16:45:00,48.31
2017-05-16 16:30:00,66.905
2017-05-16 16:15:00,26.784
2017-05-16 16:00:00,25.608
2017-05-16 15:45:00,33.23
2017-05-16 15:30:00,10.987
2017-05-16 15:15:00,9.827
2017-05-16 15:00:00,28.634
2017-05-16 14:45:00,40.694
2017-05-16 14:30:00,47.338
2017-05-16 14:15:00,35.442
2017-05-16 14:00:00,25.235
2017-05-16 13:45:00,26.258
2017-05-16 13:30:00,36.097
2017-05-16 13:15:00,63.739
2017-05-16 13:00:00,28.042
2017-05-16 12:45:00,56.642
2017-05-16 12:30:00,10.28
2017-05-16 12:15:00,10.984
2017-05-16 12:00:00,19.697
2017-05-16 11:45:00,5.923
2017-05-16 11:30:00,10.468
2017-05-16 11:15:00,0.358
2017-05-16 11:00:00,1.632
2017-05-16 10:45:00,18.36
2017-05-16 10:30:00,66.592
2017-05-16 10:15:00,23.541
2017-05-16 10:00:00,0.302
2017-05-16 09:45:00,-0.314
2017-05-16 09:30:00,1.081
2017-05-16 09:15:00,31.58
2017-05-16 09:00:00,65.93
2017-05-16 08:45:00,45.525
2017-05-16 08:30:00,2.959
2017-05-16 08:15:00,-16.88
2017-05-16 08:00:00,-18.602
2017-05-16 07:45:00,-29.158
2017-05-16 07:30:00,-44.019
2017-05-16 07:15:00,-39.054
2017-05-16 07:00:00,-37.23
2017-05-16 06:45:00,-35.247
2017-05-16 06:30:00,-37.258
2017-05-16 06:15:00,-39.289
2017-05-16 06:00:00,-35.139
2017-05-16 05:45:00,-37.69
2017-05-16 05:30:00,-32.021
2017-05-16 05:15:00,-24.363
2017-05-16 05:00:00,-29.568
2017-05-16 04:45:00,-31.521
2017-05-16 04:30:00,-30.556
2017-05-16 04:15:00,-16.104
2017-05-16 04:00:00,-15.94
2017-05-16 03:45:00,-15.764
2017-05-16 03:30:00,-17.162
2017-05-16 03:15:00,-15.447
2017-05-16 03:00:00,-16.708
2017-05-16 02:45:00,-16.458
2017-05-16 02:30:00,-14.837
2017-05-16 02:15:00,-16.152
2017-05-16 02:00:00,-17.327
2017-05-16 01:45:00,-16.6
2017-05-16 01:30:00,-15.615
2017-05-16 01:15:00,-18.329
2017-05-16 01:00:00,-17.555
2017-05-16 00:45:00,-17.318
2017-05-16 00:30:00,-16.78
2017-05-16 00:15:00,-18.11
2017-05-16 00:00:00,-17.542
2017-05-15 23:45:00,-16.05
2017-05-15 23:30:00,-19.435
2017-05-15 23:15:00,-17.864
2017-05-15 23:00:00,-17.347
2017-05-15 22:45:00,-17.634
2017-05-15 22:30:00,-19.039
2017-05-15 22:15:00,-18.851
2017-05-15 22:00:00,-17.737
2017-05-15 21:45:00,-20.088
2017-05-15 21:30:00,-19.762
2017-05-15 21:15:00,-21.308
2017-05-15 21:00:00,-25.326
2017-05-15 20:45:00,-26.188
2017-05-15 20:30:00,-31.213
2017-05-15 20:15:00,-26.379
2017-05-15 20:00:00,-27.765
2017-05-15 19:45:00,-28.3
2017-05-15 19:30:00,-23.916
2017-05-15 19:15:00,-20.322
2017-05-15 19:00:00,-11.809
2017-05-15 18:45:00,-13.795
2017-05-15 18:30:00,-9.395
2017-05-15 18:15:00,-4.398
2017-05-15 18:00:00,-10.689
2017-05-15 17:45:00,-10.262
2017-05-15 17:30:00,1.846
2017-05-15 17:15:00,13.905
2017-05-15 17:00:00,15.947
2017-05-15 16:45:00,20.169
2017-05-15 16:30:00,-5.208
2017-05-15 16:15:00,-21.408
2017-05-15 16:00:00,-12.854
2017-05-15 15:45:00,43.902
2017-05-15 15:30:00,8.674
2017-05-15 15:15:00,22.619
2017-05-15 15:00:00,44.388
2017-05-15 14:45:00,47.928
2017-05-15 14:30:00,45.542
2017-05-15 14:15:00,12.345
2017-05-15 14:00:00,4.007
2017-05-15 13:45:00,70.847
2017-05-15 13:30:00,22.279
2017-05-15 13:15:00,49.271
2017-05-15 13:00:00,59.994
2017-05-15 12:45:00,66.267
2017-05-15 12:30:00,40.067
2017-05-15 12:15:00,11.479
2017-05-15 12:00:00,8.065
2017-05-15 11:45:00,60.719
2017-05-15 11:30:00,33.852
2017-05-15 11:15:00,7.059
2017-05-15 11:00:00,5.664
2017-05-15 10:45:00,6.178
2017-05-15 10:30:00,24.687
2017-05-15 10:15:00,35.953
2017-05-15 10:00:00,59.465
2017-05-15 09:45:00,26.566
2017-05-15 09:30:00,1.818
2017-05-15 09:15:00,78.437
2017-05-15 09:00:00,92.669
2017-05-15 08:45:00,9.562
2017-05-15 08:30:00,-0.098
2017-05-15 08:15:00,-2.524
2017-05-15 08:00:00,-9.795
2017-05-15 07:45:00,-4.514
2017-05-15 07:30:00,-9.709
2017-05-15 07:15:00,-2.496
2017-05-15 07:00:00,-0.636
2017-05-15 06:45:00,-6.045
2017-05-15 06:30:00,-24.64
2017-05-15 06:15:00,-26.76
2017-05-15 06:00:00,-30.75
2017-05-15 05:45:00,-23.958
2017-05-15 05:30:00,-21.255
2017-05-15 05:15:00,-2.044
2017-05-15 05:00:00,0.337
2017-05-15 04:45:00,-0.391
2017-05-15 04:30:00,0.201
2017-05-15 04:15:00,0.347
2017-05-15 04:00:00,0.344
2017-05-15 03:45:00,-0.291
2017-05-15 03:30:00,0.271
2017-05-15 03:15:00,-5.243
2017-05-15 03:00:00,-16.799
2017-05-15 02:45:00,-18.156
2017-05-15 02:30:00,-17.836
2017-05-15 02:15:00,-17.559
2017-05-15 02:00:00,-17.961
2017-05-15 01:45:00,-18.631
2017-05-15 01:30:00,-18.983
2017-05-15 01:15:00,-18.503
2017-05-15 01:00:00,-19.067
2017-05-15 00:45:00,-19.981
2017-05-15 00:30:00,-22.514
2017-05-15 00:15:00,-20.152
2017-05-15 00:00:00,-19.737
2017-05-14 23:45:00,-20.809
2017-05-14 23:30:00,-22.878
2017-05-14 23:15:00,-22.046
2017-05-14 23:00:00,-18.918
2017-05-14 22:45:00,-21.576
2017-05-14 22:30:00,-23.364
2017-05-14 22:15:00,-22.438
2017-05-14 22:00:00,-20.502
2017-05-14 21:45:00,-23.337
2017-05-14 21:30:00,-22.268
2017-05-14 21:15:00,-21.468
2017-05-14 21:00:00,-23.539
2017-05-14 20:45:00,-24.407
2017-05-14 20:30:00,-25.982
2017-05-14 20:15:00,-24.86
2017-05-14 20:00:00,-26.305
2017-05-14 19:45:00,-28.355
2017-05-14 19:30:00,-29.181
2017-05-14 19:15:00,-28.272
2017-05-14 19:00:00,-14.806
2017-05-14 18:45:00,-15.339
2017-05-14 18:30:00,-9.798
2017-05-14 18:15:00,0.022
2017-05-14 18:00:00,0.456
2017-05-14 17:45:00,0.792
2017-05-14 17:30:00,0.46
2017-05-14 17:15:00,0.461
2017-05-14 17:00:00,0.908
2017-05-14 16:45:00,0.46
2017-05-14 16:30:00,0.458
2017-05-14 16:15:00,0.457
2017-05-14 16:00:00,0.461
2017-05-14 15:45:00,1.302
2017-05-14 15:30:00,0.461
2017-05-14 15:15:00,0.461
2017-05-14 15:00:00,0.468
2017-05-14 14:45:00,1.098
2017-05-14 14:30:00,0.979
2017-05-14 14:15:00,0.469
2017-05-14 14:00:00,1.106
2017-05-14 13:45:00,0.473
2017-05-14 13:30:00,0.988
2017-05-14 13:15:00,1.041
2017-05-14 13:00:00,1.284
2017-05-14 12:45:00,1.644
2017-05-14 12:30:00,1.368
2017-05-14 12:15:00,3.411
2017-05-14 12:00:00,6.231
2017-05-14 11:45:00,47.415
2017-05-14 11:30:00,95.287
2017-05-14 11:15:00,103.763
2017-05-14 11:00:00,83.37
2017-05-14 10:45:00,84.784
2017-05-14 10:30:00,103.055
2017-05-14 10:15:00,80.732
2017-05-14 10:00:00,73.03
2017-05-14 09:45:00,72.285
2017-05-14 09:30:00,70.2
2017-05-14 09:15:00,57.423
2017-05-14 09:00:00,28.438
2017-05-14 08:45:00,31.995
2017-05-14 08:30:00,35.697
2017-05-14 08:15:00,11.311
2017-05-14 08:00:00,24.773
2017-05-14 07:45:00,25.648
2017-05-14 07:30:00,13.403
2017-05-14 07:15:00,0.623
2017-05-14 07:00:00,-1.785
2017-05-14 06:45:00,-12.061
2017-05-14 06:30:00,-15.696
2017-05-14 06:15:00,-22.246
2017-05-14 06:00:00,-32.496
2017-05-14 05:45:00,-34.56
2017-05-14 05:30:00,-21.37
2017-05-14 05:15:00,-16.996
2017-05-14 05:00:00,-15.704
2017-05-14 04:45:00,-16.679
2017-05-14 04:30:00,-16.786
2017-05-14 04:15:00,-16.388
2017-05-14 04:00:00,-16.897
2017-05-14 03:45:00,-15.701
2017-05-14 03:30:00,-17.193
2017-05-14 03:15:00,-17.243
2017-05-14 03:00:00,-18.217
2017-05-14 02:45:00,-17.037
2017-05-14 02:30:00,-15.057
2017-05-14 02:15:00,-17.619
2017-05-14 02:00:00,-17.818
2017-05-14 01:45:00,-16.637
2017-05-14 01:30:00,-15.221
2017-05-14 01:15:00,-18.601
2017-05-14 01:00:00,-17.821
2017-05-14 00:45:00,-15.941
2017-05-14 00:30:00,-18.256
2017-05-14 00:15:00,-18.069
2017-05-14 00:00:00,-17.683
2017-05-13 23:45:00,-16.013
2017-05-13 23:30:00,-17.937
2017-05-13 23:15:00,-19.852
2017-05-13 23:00:00,-18.596
2017-05-13 22:45:00,-20.248
2017-05-13 22:30:00,-24.071
2017-05-13 22:15:00,-23.009
2017-05-13 22:00:00,-21.111
2017-05-13 21:45:00,-22.963
2017-05-13 21:30:00,-23.246
2017-05-13 21:15:00,-23.299
2017-05-13 21:00:00,-24.164
2017-05-13 20:45:00,-22.389
2017-05-13 20:30:00,-24.391
2017-05-13 20:15:00,-23.838
2017-05-13 20:00:00,-25.623
2017-05-13 19:45:00,-24.829
2017-05-13 19:30:00,-22.084
2017-05-13 19:15:00,-22.443
2017-05-13 19:00:00,-15.223
2017-05-13 18:45:00,-5.422
2017-05-13 18:30:00,-0.725
2017-05-13 18:15:00,0.45
2017-05-13 18:00:00,0.446
2017-05-13 17:45:00,0.447
2017-05-13 17:30:00,0.449
2017-05-13 17:15:00,0.448
2017-05-13 17:00:00,-1.211
2017-05-13 16:45:00,3.554
2017-05-13 16:30:00,0.009
2017-05-13 16:15:00,1.183
2017-05-13 16:00:00,0.446
2017-05-13 15:45:00,0.448
2017-05-13 15:30:00,0.448
2017-05-13 15:15:00,0.452
2017-05-13 15:00:00,1.052
2017-05-13 14:45:00,0.451
2017-05-13 14:30:00,0.455
2017-05-13 14:15:00,0.456
2017-05-13 14:00:00,0.964
2017-05-13 13:45:00,0.443
2017-05-13 13:30:00,0.448
2017-05-13 13:15:00,0.446
2017-05-13 13:00:00,1.031
2017-05-13 12:45:00,0.442
2017-05-13 12:30:00,0.446
2017-05-13 12:15:00,1.027
2017-05-13 12:00:00,0.444
2017-05-13 11:45:00,0.443
2017-05-13 11:30:00,0.442
2017-05-13 11:15:00,1.404
2017-05-13 11:00:00,0.437
2017-05-13 10:45:00,1.063
2017-05-13 10:30:00,0.437
2017-05-13 10:15:00,1.005
2017-05-13 10:00:00,0.437
2017-05-13 09:45:00,1.12
2017-05-13 09:30:00,0.959
2017-05-13 09:15:00,1.06
2017-05-13 09:00:00,1.419
2017-05-13 08:45:00,1.292
2017-05-13 08:30:00,2.352
2017-05-13 08:15:00,2.742
2017-05-13 08:00:00,4.601
2017-05-13 07:45:00,9.273
2017-05-13 07:30:00,28.641
2017-05-13 07:15:00,25.638
2017-05-13 07:00:00,12.739
2017-05-13 06:45:00,13.664
2017-05-13 06:30:00,6.971
2017-05-13 06:15:00,5.473
2017-05-13 06:00:00,4.017
2017-05-13 05:45:00,4.159
2017-05-13 05:30:00,3.989
2017-05-13 05:15:00,2.859
2017-05-13 05:00:00,3.831
2017-05-13 04:45:00,2.826
2017-05-13 04:30:00,2.918
2017-05-13 04:15:00,3.31
2017-05-13 04:00:00,1.976
2017-05-13 03:45:00,2.038
2017-05-13 03:30:00,2.149
2017-05-13 03:15:00,2.459
2017-05-13 03:00:00,1.791
2017-05-13 02:45:00,4.122
2017-05-13 02:30:00,2.416
2017-05-13 02:15:00,2.365
2017-05-13 02:00:00,2.949
2017-05-13 01:45:00,1.448
2017-05-13 01:30:00,3.679
2017-05-13 01:15:00,2.722
2017-05-13 01:00:00,1.557
2017-05-13 00:45:00,3.276
2017-05-13 00:30:00,2.663
2017-05-13 00:15:00,1.9
2017-05-13 00:00:00,2.035
2017-05-12 23:45:00,4.519
2017-05-12 23:30:00,2.87
2017-05-12 23:15:00,1.613
2017-05-12 23:00:00,1.026
2017-05-12 22:45:00,0.577
2017-05-12 22:30:00,1.083
2017-05-12 22:15:00,0.389
2017-05-12 22:00:00,0.372
2017-05-12 21:45:00,0.373
2017-05-12 21:30:00,0.53
2017-05-12 21:15:00,0.374
2017-05-12 21:00:00,0.377
2017-05-12 20:45:00,0.397
2017-05-12 20:30:00,0.389
2017-05-12 20:15:00,0.628
2017-05-12 20:00:00,0.382
2017-05-12 19:45:00,0.382
2017-05-12 19:30:00,0.387
2017-05-12 19:15:00,0.402
2017-05-12 19:00:00,10.067
2017-05-12 18:45:00,11.294
2017-05-12 18:30:00,19.785
2017-05-12 18:15:00,23.04
2017-05-12 18:00:00,28.944
2017-05-12 17:45:00,29.813
2017-05-12 17:30:00,16.401
2017-05-12 17:15:00,36.62
2017-05-12 17:00:00,24.077
2017-05-12 16:45:00,59.796
2017-05-12 16:30:00,66.647
2017-05-12 16:15:00,90.915
2017-05-12 16:00:00,96.243
2017-05-12 15:45:00,102.236
2017-05-12 15:30:00,107.399
2017-05-12 15:15:00,107.402
2017-05-12 15:00:00,107.43
2017-05-12 14:45:00,107.53
2017-05-12 14:30:00,106.679
2017-05-12 14:15:00,97.669
2017-05-12 14:00:00,75.583
2017-05-12 13:45:00,87.898
2017-05-12 13:30:00,65.598
2017-05-12 13:15:00,0.042
2017-05-12 13:00:00,0.589
2017-05-12 12:45:00,-0.525
2017-05-12 12:30:00,-0.59
2017-05-12 12:15:00,11.67
2017-05-12 12:00:00,4.704
2017-05-12 11:45:00,0.761
2017-05-12 11:30:00,0.305
2017-05-12 11:15:00,0.304
2017-05-12 11:00:00,0.303
2017-05-12 10:45:00,0.307
2017-05-12 10:30:00,0.308
2017-05-12 10:15:00,0.307
2017-05-12 10:00:00,0.307
2017-05-12 09:45:00,0.311
2017-05-12 09:30:00,0.306
2017-05-12 09:15:00,0.309
2017-05-12 09:00:00,-19.275
2017-05-12 08:45:00,-33.327
2017-05-12 08:30:00,-26.924
2017-05-12 08:15:00,-27.586
2017-05-12 08:00:00,-31.152
2017-05-12 07:45:00,-24.622
2017-05-12 07:30:00,-23.427
2017-05-12 07:15:00,-33.776
2017-05-12 07:00:00,-36.449
2017-05-12 06:45:00,-45.413
2017-05-12 06:30:00,-52.162
2017-05-12 06:15:00,-38.963
2017-05-12 06:00:00,-38.98
2017-05-12 05:45:00,-39.879
2017-05-12 05:30:00,-43.921
2017-05-12 05:15:00,-22.556
2017-05-12 05:00:00,-21.031
2017-05-12 04:45:00,-20.867
2017-05-12 04:30:00,-20.485
2017-05-12 04:15:00,-21.282
2017-05-12 04:00:00,-20.24
2017-05-12 03:45:00,-20.491
2017-05-12 03:30:00,-20.87
2017-05-12 03:15:00,-19.695
2017-05-12 03:00:00,-22.573
2017-05-12 02:45:00,-21.648
2017-05-12 02:30:00,-23.046
2017-05-12 02:15:00,-24.203
2017-05-12 02:00:00,-23.06
2017-05-12 01:45:00,-24.193
2017-05-12 01:30:00,-25.207
2017-05-12 01:15:00,-24.531
2017-05-12 01:00:00,-24.707
2017-05-12 00:45:00,-24.309
2017-05-12 00:30:00,-24.763
2017-05-12 00:15:00,-26.44
2017-05-12 00:00:00,-24.285
2017-05-11 23:45:00,-24.796
2017-05-11 23:30:00,-25.737
2017-05-11 23:15:00,-24.657
2017-05-11 23:00:00,-24.865
2017-05-11 22:45:00,-25.359
2017-05-11 22:30:00,-25.67
2017-05-11 22:15:00,-25.619
2017-05-11 22:00:00,-25.842
2017-05-11 21:45:00,-25.86
2017-05-11 21:30:00,-25.997
2017-05-11 21:15:00,-25.147
2017-05-11 21:00:00,-26.635
2017-05-11 20:45:00,-25.943
2017-05-11 20:30:00,-25.669
2017-05-11 20:15:00,-31.57
2017-05-11 20:00:00,-42.692
2017-05-11 19:45:00,-32.661
2017-05-11 19:30:00,-29.76
2017-05-11 19:15:00,-26.66
2017-05-11 19:00:00,-17.299
2017-05-11 18:45:00,-12.309
2017-05-11 18:30:00,-3.72
2017-05-11 18:15:00,-0.058
2017-05-11 18:00:00,-1.095
2017-05-11 17:45:00,0.444
2017-05-11 17:30:00,0.465
2017-05-11 17:15:00,0.449
2017-05-11 17:00:00,0.47
2017-05-11 16:45:00,0.465
2017-05-11 16:30:00,0.478
2017-05-11 16:15:00,0.405
2017-05-11 16:00:00,0.552
2017-05-11 15:45:00,56.197
2017-05-11 15:30:00,81.102
2017-05-11 15:15:00,87.411
2017-05-11 15:00:00,100.485
2017-05-11 14:45:00,80.173
2017-05-11 14:30:00,77.132
2017-05-11 14:15:00,90.145
2017-05-11 14:00:00,102.21
2017-05-11 13:45:00,89.336
2017-05-11 13:30:00,99.784
2017-05-11 13:15:00,105.732
2017-05-11 13:00:00,98.333
2017-05-11 12:45:00,100.269
2017-05-11 12:30:00,81.224
2017-05-11 12:15:00,99.19
2017-05-11 12:00:00,84.856
2017-05-11 11:45:00,88.2
2017-05-11 11:30:00,34.666
2017-05-11 11:15:00,0.252
2017-05-11 11:00:00,0.259
2017-05-11 10:45:00,0.254
2017-05-11 10:30:00,0.237
2017-05-11 10:15:00,0.231
2017-05-11 10:00:00,0.233
2017-05-11 09:45:00,0.227
2017-05-11 09:30:00,0.232
2017-05-11 09:15:00,0.231
2017-05-11 09:00:00,0.235
2017-05-11 08:45:00,0.239
2017-05-11 08:30:00,0.236
2017-05-11 08:15:00,0.234
2017-05-11 08:00:00,0.23
2017-05-11 07:45:00,0.231
2017-05-11 07:30:00,0.23
2017-05-11 07:15:00,0.229
2017-05-11 07:00:00,0.229
2017-05-11 06:45:00,0.231
2017-05-11 06:30:00,0.234
2017-05-11 06:15:00,0.23
2017-05-11 06:00:00,0.237
2017-05-11 05:45:00,0.228
2017-05-11 05:30:00,0.217
2017-05-11 05:15:00,0.216
2017-05-11 05:00:00,0.225
2017-05-11 04:45:00,0.229
2017-05-11 04:30:00,0.228
2017-05-11 04:15:00,0.223
2017-05-11 04:00:00,0.231
2017-05-11 03:45:00,0.231
2017-05-11 03:30:00,0.23
2017-05-11 03:15:00,0.228
2017-05-11 03:00:00,0.23
2017-05-11 02:45:00,0.239
2017-05-11 02:30:00,0.24
2017-05-11 02:15:00,0.238
2017-05-11 02:00:00,0.238
2017-05-11 01:45:00,0.236
2017-05-11 01:30:00,0.236
2017-05-11 01:15:00,0.235
2017-05-11 01:00:00,0.23
2017-05-11 00:45:00,0.229
2017-05-11 00:30:00,0.227
2017-05-11 00:15:00,0.234
2017-05-11 00:00:00,0.236
2017-05-10 23:45:00,0.232
2017-05-10 23:30:00,0.229
2017-05-10 23:15:00,0.237
2017-05-10 23:00:00,0.245
2017-05-10 22:45:00,0.232
2017-05-10 22:30:00,0.236
2017-05-10 22:15:00,0.245
2017-05-10 22:00:00,0.245
2017-05-10 21:45:00,0.248
2017-05-10 21:30:00,0.244
2017-05-10 21:15:00,0.238
2017-05-10 21:00:00,0.24
2017-05-10 20:45:00,0.238
2017-05-10 20:30:00,0.24
2017-05-10 20:15:00,0.238
2017-05-10 20:00:00,0.236
2017-05-10 19:45:00,0.239
2017-05-10 19:30:00,0.239
2017-05-10 19:15:00,0.243
2017-05-10 19:00:00,0.246
2017-05-10 18:45:00,0.245
2017-05-10 18:30:00,0.249
2017-05-10 18:15:00,0.248
2017-05-10 18:00:00,0.242
2017-05-10 17:45:00,0.24
2017-05-10 17:30:00,0.258
2017-05-10 17:15:00,0.276
2017-05-10 17:00:00,0.282
2017-05-10 16:45:00,0.282
2017-05-10 16:30:00,0.293
2017-05-10 16:15:00,0.284
2017-05-10 16:00:00,0.283
2017-05-10 15:45:00,0.28
2017-05-10 15:30:00,0.277
2017-05-10 15:15:00,0.269
2017-05-10 15:00:00,0.264
2017-05-10 14:45:00,0.27
2017-05-10 14:30:00,0.27
2017-05-10 14:15:00,0.282
2017-05-10 14:00:00,0.276
2017-05-10 13:45:00,0.271
2017-05-10 13:30:00,0.267
2017-05-10 13:15:00,0.266
2017-05-10 13:00:00,0.272
2017-05-10 12:45:00,0.27
2017-05-10 12:30:00,0.267
2017-05-10 12:15:00,0.264
2017-05-10 12:00:00,0.269
2017-05-10 11:45:00,0.27
2017-05-10 11:30:00,0.275
2017-05-10 11:15:00,0.279
2017-05-10 11:00:00,0.282
2017-05-10 10:45:00,0.278
2017-05-10 10:30:00,0.281
2017-05-10 10:15:00,0.258
2017-05-10 10:00:00,0.258
2017-05-10 09:45:00,0.255
2017-05-10 09:30:00,0.258
2017-05-10 09:15:00,0.265
2017-05-10 09:00:00,0.275
2017-05-10 08:45:00,-6.479
2017-05-10 08:30:00,-23.507
2017-05-10 08:15:00,-21.522
2017-05-10 08:00:00,-29.114
2017-05-10 07:45:00,-34.799
2017-05-10 07:30:00,-36.886
2017-05-10 07:15:00,-28.313
2017-05-10 07:00:00,-33.348
2017-05-10 06:45:00,-29.151
2017-05-10 06:30:00,-35.668
2017-05-10 06:15:00,-21.169
2017-05-10 06:00:00,-22.081
2017-05-10 05:45:00,-18.553
2017-05-10 05:30:00,-17.552
2017-05-10 05:15:00,-9.175
2017-05-10 05:00:00,-8.293
2017-05-10 04:45:00,-8.605
2017-05-10 04:30:00,-8.037
2017-05-10 04:15:00,-8.405
2017-05-10 04:00:00,-7.955
2017-05-10 03:45:00,-8.815
2017-05-10 03:30:00,-9.698
2017-05-10 03:15:00,-8.414
2017-05-10 03:00:00,-8.891
2017-05-10 02:45:00,-8.808
2017-05-10 02:30:00,-9.706
2017-05-10 02:15:00,-9.891
2017-05-10 02:00:00,-11.441
2017-05-10 01:45:00,-9.739
2017-05-10 01:30:00,-11.566
2017-05-10 01:15:00,-9.013
2017-05-10 01:00:00,-13.176
2017-05-10 00:45:00,-11.57
2017-05-10 00:30:00,-14.066
2017-05-10 00:15:00,-11.735
2017-05-10 00:00:00,-16.442
2017-05-09 23:45:00,-13.826
2017-05-09 23:30:00,-17.152
2017-05-09 23:15:00,-14.229
2017-05-09 23:00:00,-18.093
2017-05-09 22:45:00,-15.737
2017-05-09 22:30:00,-18.998
2017-05-09 22:15:00,-18.749
2017-05-09 22:00:00,-20.717
2017-05-09 21:45:00,-20.18
2017-05-09 21:30:00,-23.137
2017-05-09 21:15:00,-21.636
2017-05-09 21:00:00,-21.686
2017-05-09 20:45:00,-23.632
2017-05-09 20:30:00,-24.144
2017-05-09 20:15:00,-25.918
2017-05-09 20:00:00,-29.818
2017-05-09 19:45:00,-31.837
2017-05-09 19:30:00,-32.134
2017-05-09 19:15:00,-33.825
2017-05-09 19:00:00,-34.506
2017-05-09 18:45:00,-34.666
2017-05-09 18:30:00,-28.032
2017-05-09 18:15:00,-24.29
2017-05-09 18:00:00,-28.173
2017-05-09 17:45:00,-26.208
2017-05-09 17:30:00,-19.494
2017-05-09 17:15:00,-6.478
2017-05-09 17:00:00,4.63
2017-05-09 16:45:00,-3.247
2017-05-09 16:30:00,-9.411
2017-05-09 16:15:00,-8.107
2017-05-09 16:00:00,0.436
2017-05-09 15:45:00,-3.708
2017-05-09 15:30:00,-1.009
2017-05-09 15:15:00,0.212
2017-05-09 15:00:00,59.573
2017-05-09 14:45:00,70.642
2017-05-09 14:30:00,75.627
2017-05-09 14:15:00,62.654
2017-05-09 14:00:00,98.498
2017-05-09 13:45:00,93.551
2017-05-09 13:30:00,96.957
2017-05-09 13:15:00,97.873
2017-05-09 13:00:00,86.983
2017-05-09 12:45:00,87.056
2017-05-09 12:30:00,68.018
2017-05-09 12:15:00,90.011
2017-05-09 12:00:00,89.089
2017-05-09 11:45:00,75.764
2017-05-09 11:30:00,90.414
2017-05-09 11:15:00,103.612
2017-05-09 11:00:00,61.045
2017-05-09 10:45:00,-4.62
2017-05-09 10:30:00,-4.682
2017-05-09 10:15:00,-10.672
2017-05-09 10:00:00,-13.265
2017-05-09 09:45:00,-6.288
2017-05-09 09:30:00,-18.914
2017-05-09 09:15:00,-14.46
2017-05-09 09:00:00,-14.599
2017-05-09 08:45:00,-13.86
2017-05-09 08:30:00,-18.644
2017-05-09 08:15:00,-26.804
2017-05-09 08:00:00,-32.439
2017-05-09 07:45:00,-36.323
2017-05-09 07:30:00,-30.04
2017-05-09 07:15:00,-31.595
2017-05-09 07:00:00,-38.867
2017-05-09 06:45:00,-40.723
2017-05-09 06:30:00,-44.338
2017-05-09 06:15:00,-34.958
2017-05-09 06:00:00,-33.807
2017-05-09 05:45:00,-34.866
2017-05-09 05:30:00,-36.147
2017-05-09 05:15:00,-14.933
2017-05-09 05:00:00,-15.289
2017-05-09 04:45:00,-15.321
2017-05-09 04:30:00,-15.17
2017-05-09 04:15:00,-15.529
2017-05-09 04:00:00,-15.946
2017-05-09 03:45:00,-15.327
2017-05-09 03:30:00,-15.979
2017-05-09 03:15:00,-17.622
2017-05-09 03:00:00,-21.007
2017-05-09 02:45:00,-21.67
2017-05-09 02:30:00,-21.48
2017-05-09 02:15:00,-21.94
2017-05-09 02:00:00,-20.671
2017-05-09 01:45:00,-21.124
2017-05-09 01:30:00,-22.649
2017-05-09 01:15:00,-21.829
2017-05-09 01:00:00,-22.514
2017-05-09 00:45:00,-21.152
2017-05-09 00:30:00,-21.402
2017-05-09 00:15:00,-22.403
2017-05-09 00:00:00,-20.486
2017-05-08 23:45:00,-22.347
2017-05-08 23:30:00,-21.418
2017-05-08 23:15:00,-21.96
2017-05-08 23:00:00,-22.078
2017-05-08 22:45:00,-21.929
2017-05-08 22:30:00,-22.216
2017-05-08 22:15:00,-22.393
2017-05-08 22:00:00,-23.578
2017-05-08 21:45:00,-24.626
2017-05-08 21:30:00,-23.426
2017-05-08 21:15:00,-25.118
2017-05-08 21:00:00,-25.639
2017-05-08 20:45:00,-25.832
2017-05-08 20:30:00,-24.848
2017-05-08 20:15:00,-25.205
2017-05-08 20:00:00,-27.078
2017-05-08 19:45:00,-24.695
2017-05-08 19:30:00,-25.007
2017-05-08 19:15:00,-23.833
2017-05-08 19:00:00,-13.133
2017-05-08 18:45:00,-7.459
2017-05-08 18:30:00,-0.069
2017-05-08 18:15:00,0.442
2017-05-08 18:00:00,0.436
2017-05-08 17:45:00,0.439
2017-05-08 17:30:00,-0.272
2017-05-08 17:15:00,0.442
2017-05-08 17:00:00,0.448
2017-05-08 16:45:00,0.448
2017-05-08 16:30:00,0.452
2017-05-08 16:15:00,0.456
2017-05-08 16:00:00,0.458
2017-05-08 15:45:00,0.458
2017-05-08 15:30:00,0.458
2017-05-08 15:15:00,0.463
2017-05-08 15:00:00,0.461
2017-05-08 14:45:00,0.47
2017-05-08 14:30:00,0.473
2017-05-08 14:15:00,0.482
2017-05-08 14:00:00,0.484
2017-05-08 13:45:00,0.488
2017-05-08 13:30:00,0.503
2017-05-08 13:15:00,0.519
2017-05-08 13:00:00,0.526
2017-05-08 12:45:00,0.646
2017-05-08 12:30:00,97.39
2017-05-08 12:15:00,106.679
2017-05-08 12:00:00,106.632
2017-05-08 11:45:00,106.72
2017-05-08 11:30:00,106.952
2017-05-08 11:15:00,107.18
2017-05-08 11:00:00,107.271
2017-05-08 10:45:00,107.318
2017-05-08 10:30:00,107.342
2017-05-08 10:15:00,107.321
2017-05-08 10:00:00,107.431
2017-05-08 09:45:00,81.949
2017-05-08 09:30:00,106.768
2017-05-08 09:15:00,103.682
2017-05-08 09:00:00,78.384
2017-05-08 08:45:00,66.28
2017-05-08 08:30:00,34.199
2017-05-08 08:15:00,-5.783
2017-05-08 08:00:00,-6.458
2017-05-08 07:45:00,-25.694
2017-05-08 07:30:00,-24.531
2017-05-08 07:15:00,-11.159
2017-05-08 07:00:00,-20.233
2017-05-08 06:45:00,-15.736
2017-05-08 06:30:00,-8.212
2017-05-08 06:15:00,-10.374
2017-05-08 06:00:00,-25.499
2017-05-08 05:45:00,-24.381
2017-05-08 05:30:00,-33.108
2017-05-08 05:15:00,-29.165
2017-05-08 05:00:00,-25.138
2017-05-08 04:45:00,-20.357
2017-05-08 04:30:00,-8.733
2017-05-08 04:15:00,-9.625
2017-05-08 04:00:00,-17.43
2017-05-08 03:45:00,-25.522
2017-05-08 03:30:00,-30.394
2017-05-08 03:15:00,-31.431
2017-05-08 03:00:00,-18.304
2017-05-08 02:45:00,-14.106
2017-05-08 02:30:00,-14.257
2017-05-08 02:15:00,-31.16
2017-05-08 02:00:00,-35.455
2017-05-08 01:45:00,-31.82
2017-05-08 01:30:00,-21.046
2017-05-08 01:15:00,-15.347
2017-05-08 01:00:00,-14.279
2017-05-08 00:45:00,-23.617
2017-05-08 00:30:00,-34.847
2017-05-08 00:15:00,-34.274
2017-05-08 00:00:00,-26.238
2017-05-07 23:45:00,-15.223
2017-05-07 23:30:00,-16.445
2017-05-07 23:15:00,-15.812
2017-05-07 23:00:00,-30.531
2017-05-07 22:45:00,-33.891
2017-05-07 22:30:00,-35.256
2017-05-07 22:15:00,-16.965
2017-05-07 22:00:00,-14.749
2017-05-07 21:45:00,-20.669
2017-05-07 21:30:00,-33.768
2017-05-07 21:15:00,-34.78
2017-05-07 21:00:00,-30.871
2017-05-07 20:45:00,-22.7
2017-05-07 20:30:00,-20.169
2017-05-07 20:15:00,-17.638
2017-05-07 20:00:00,-32.66
2017-05-07 19:45:00,-34.986
2017-05-07 19:30:00,-32.776
2017-05-07 19:15:00,-16.508
2017-05-07 19:00:00,-14.767
2017-05-07 18:45:00,-13.072
2017-05-07 18:30:00,-15.746
2017-05-07 18:15:00,-27.664
2017-05-07 18:00:00,-28.924
2017-05-07 17:45:00,-28.152
2017-05-07 17:30:00,-23.317
2017-05-07 17:15:00,-10.777
2017-05-07 17:00:00,-10.883
2017-05-07 16:45:00,-9.432
2017-05-07 16:30:00,-1.801
2017-05-07 16:15:00,-1.503
2017-05-07 16:00:00,-4.31
2017-05-07 15:45:00,-1.335
2017-05-07 15:30:00,0.451
2017-05-07 15:15:00,-1.349
2017-05-07 15:00:00,27.131
2017-05-07 14:45:00,20.698
2017-05-07 14:30:00,32.21
2017-05-07 14:15:00,23.801
2017-05-07 14:00:00,31.651
2017-05-07 13:45:00,26.799
2017-05-07 13:30:00,40.627
2017-05-07 13:15:00,63.744
2017-05-07 13:00:00,51.22
2017-05-07 12:45:00,43.853
2017-05-07 12:30:00,74.679
2017-05-07 12:15:00,70.08
2017-05-07 12:00:00,102.492
2017-05-07 11:45:00,103.599
2017-05-07 11:30:00,63.001
2017-05-07 11:15:00,65.289
2017-05-07 11:00:00,96.445
2017-05-07 10:45:00,80.33
2017-05-07 10:30:00,74.661
2017-05-07 10:15:00,65.088
2017-05-07 10:00:00,68.058
2017-05-07 09:45:00,65.324
2017-05-07 09:30:00,29.03
2017-05-07 09:15:00,45.144
2017-05-07 09:00:00,10.389
2017-05-07 08:45:00,2.154
2017-05-07 08:30:00,-0.299
2017-05-07 08:15:00,4.484
2017-05-07 08:00:00,40.442
2017-05-07 07:45:00,1.186
2017-05-07 07:30:00,-3.71
2017-05-07 07:15:00,-2.992
2017-05-07 07:00:00,-0.146
2017-05-07 06:45:00,-3.981
2017-05-07 06:30:00,-16.203
2017-05-07 06:15:00,-23.334
2017-05-07 06:00:00,-25.609
2017-05-07 05:45:00,-25.856
2017-05-07 05:30:00,-30.421
2017-05-07 05:15:00,-25.823
2017-05-07 05:00:00,-24.731
2017-05-07 04:45:00,-20.894
2017-05-07 04:30:00,-10.483
2017-05-07 04:15:00,-13.577
2017-05-07 04:00:00,-11.294
2017-05-07 03:45:00,-10.762
2017-05-07 03:30:00,-11.086
2017-05-07 03:15:00,-25.319
2017-05-07 03:00:00,-25.621
2017-05-07 02:45:00,-29.048
2017-05-07 02:30:00,-28.139
2017-05-07 02:15:00,-24.908
2017-05-07 02:00:00,-21.37
2017-05-07 01:45:00,-11.081
2017-05-07 01:30:00,-9.902
2017-05-07 01:15:00,-10.966
2017-05-07 01:00:00,-13.931
2017-05-07 00:45:00,-10.644
2017-05-07 00:30:00,-22.629
2017-05-07 00:15:00,-25.262
2017-05-07 00:00:00,-27.51
2017-05-06 23:45:00,-29.522
2017-05-06 23:30:00,-31.512
2017-05-06 23:15:00,-23.561
2017-05-06 23:00:00,-17.812
2017-05-06 22:45:00,-17.106
2017-05-06 22:30:00,-17.389
2017-05-06 22:15:00,-15.993
2017-05-06 22:00:00,-17.262
2017-05-06 21:45:00,-17.695
2017-05-06 21:30:00,-18.465
2017-05-06 21:15:00,-17.389
2017-05-06 21:00:00,-16.177
2017-05-06 20:45:00,-17.612
2017-05-06 20:30:00,-17.731
2017-05-06 20:15:00,-16.542
2017-05-06 20:00:00,-17.896
2017-05-06 19:45:00,-18.168
2017-05-06 19:30:00,-16.448
2017-05-06 19:15:00,-15.116
2017-05-06 19:00:00,-1.95
2017-05-06 18:45:00,-0.098
2017-05-06 18:30:00,3.573
2017-05-06 18:15:00,-13.485
2017-05-06 18:00:00,-19.628
2017-05-06 17:45:00,-19.217
2017-05-06 17:30:00,-13.393
2017-05-06 17:15:00,-4.118
2017-05-06 17:00:00,-3.121
2017-05-06 16:45:00,2.791
2017-05-06 16:30:00,0.231
2017-05-06 16:15:00,-0.581
2017-05-06 16:00:00,-3.392
2017-05-06 15:45:00,-1.179
2017-05-06 15:30:00,-3.594
2017-05-06 15:15:00,-6.064
2017-05-06 15:00:00,0.674
2017-05-06 14:45:00,1.384
2017-05-06 14:30:00,9.284
2017-05-06 14:15:00,19.945
2017-05-06 14:00:00,12.658
2017-05-06 13:45:00,23.624
2017-05-06 13:30:00,47.109
2017-05-06 13:15:00,32.475
2017-05-06 13:00:00,29.966
2017-05-06 12:45:00,34.687
2017-05-06 12:30:00,101.11
2017-05-06 12:15:00,92.73
2017-05-06 12:00:00,94.187
2017-05-06 11:45:00,103.921
2017-05-06 11:30:00,106.204
2017-05-06 11:15:00,90.433
2017-05-06 11:00:00,90.584
2017-05-06 10:45:00,80.071
2017-05-06 10:30:00,43.354
2017-05-06 10:15:00,25.238
2017-05-06 10:00:00,32.802
2017-05-06 09:45:00,20.67
2017-05-06 09:30:00,8.937
2017-05-06 09:15:00,3.104
2017-05-06 09:00:00,3.646
2017-05-06 08:45:00,8.33
2017-05-06 08:30:00,6.379
2017-05-06 08:15:00,0.835
2017-05-06 08:00:00,4.375
2017-05-06 07:45:00,5.173
2017-05-06 07:30:00,0.829
2017-05-06 07:15:00,-0.756
2017-05-06 07:00:00,-0.213
2017-05-06 06:45:00,-0.993
2017-05-06 06:30:00,-0.816
2017-05-06 06:15:00,-0.511
2017-05-06 06:00:00,-1.143
2017-05-06 05:45:00,-1.453
2017-05-06 05:30:00,-1.164
2017-05-06 05:15:00,-1.041
2017-05-06 05:00:00,-0.731
2017-05-06 04:45:00,-0.822
2017-05-06 04:30:00,-0.855
2017-05-06 04:15:00,-2.216
2017-05-06 04:00:00,-1.08
2017-05-06 03:45:00,-0.889
2017-05-06 03:30:00,-0.779
2017-05-06 03:15:00,-0.982
2017-05-06 03:00:00,-1.583
2017-05-06 02:45:00,-1.442
2017-05-06 02:30:00,-0.803
2017-05-06 02:15:00,-1.514
2017-05-06 02:00:00,-0.927
2017-05-06 01:45:00,-0.875
2017-05-06 01:30:00,-0.853
2017-05-06 01:15:00,-0.722
2017-05-06 01:00:00,-2.004
2017-05-06 00:45:00,-3.061
2017-05-06 00:30:00,-0.82
2017-05-06 00:15:00,-0.901
2017-05-06 00:00:00,-2.786
2017-05-05 23:45:00,-2.372
2017-05-05 23:30:00,-2.561
2017-05-05 23:15:00,-2.355
2017-05-05 23:00:00,-1.789
2017-05-05 22:45:00,-2.518
2017-05-05 22:30:00,-2.366
2017-05-05 22:15:00,-2.552
2017-05-05 22:00:00,-2.851
2017-05-05 21:45:00,-2.543
2017-05-05 21:30:00,-1.815
2017-05-05 21:15:00,-3.44
2017-05-05 21:00:00,-6.434
2017-05-05 20:45:00,-7.31
2017-05-05 20:30:00,-7.277
2017-05-05 20:15:00,-10.679
2017-05-05 20:00:00,-9.528
2017-05-05 19:45:00,-13.367
2017-05-05 19:30:00,-13.322
2017-05-05 19:15:00,-13.965
2017-05-05 19:00:00,-10.87
2017-05-05 18:45:00,-9.666
2017-05-05 18:30:00,-4.997
2017-05-05 18:15:00,-7.951
2017-05-05 18:00:00,-7.725
2017-05-05 17:45:00,33.799
2017-05-05 17:30:00,39.741
2017-05-05 17:15:00,23.666
2017-05-05 17:00:00,15.095
2017-05-05 16:45:00,28.31
2017-05-05 16:30:00,36.843
2017-05-05 16:15:00,27.5
2017-05-05 16:00:00,34.357
2017-05-05 15:45:00,11.681
2017-05-05 15:30:00,-4.091
2017-05-05 15:15:00,5.921
2017-05-05 15:00:00,-1.606
2017-05-05 14:45:00,13.38
2017-05-05 14:30:00,-3.402
2017-05-05 14:15:00,-0.614
2017-05-05 14:00:00,-10.286
2017-05-05 13:45:00,-6.759
2017-05-05 13:30:00,-1.264
2017-05-05 13:15:00,-0.195
2017-05-05 13:00:00,0.271
2017-05-05 12:45:00,-0.039
2017-05-05 12:30:00,-1.56
2017-05-05 12:15:00,-11.253
2017-05-05 12:00:00,-12.203
2017-05-05 11:45:00,-13.313
2017-05-05 11:30:00,-35.968
2017-05-05 11:15:00,-31.554
2017-05-05 11:00:00,-2.914
2017-05-05 10:45:00,-2.799
2017-05-05 10:30:00,-11.21
2017-05-05 10:15:00,-19.126
2017-05-05 10:00:00,-21.275
2017-05-05 09:45:00,-20.05
2017-05-05 09:30:00,-14.226
2017-05-05 09:15:00,-16.635
2017-05-05 09:00:00,-24.295
2017-05-05 08:45:00,-18.457
2017-05-05 08:30:00,-18.277
2017-05-05 08:15:00,-31.53
2017-05-05 08:00:00,-41.028
2017-05-05 07:45:00,-43.415
2017-05-05 07:30:00,-48.675
2017-05-05 07:15:00,-28.553
2017-05-05 07:00:00,-28.594
2017-05-05 06:45:00,-28.634
2017-05-05 06:30:00,-28.765
2017-05-05 06:15:00,-27.593
2017-05-05 06:00:00,-22.956
2017-05-05 05:45:00,-17.461
2017-05-05 05:30:00,-13.868
2017-05-05 05:15:00,-12.649
2017-05-05 05:00:00,-11.151
2017-05-05 04:45:00,-11.355
2017-05-05 04:30:00,-10.63
2017-05-05 04:15:00,-10.796
2017-05-05 04:00:00,-11.445
2017-05-05 03:45:00,-10.91
2017-05-05 03:30:00,-11.64
2017-05-05 03:15:00,-11.276
2017-05-05 03:00:00,-11.675
2017-05-05 02:45:00,-12.983
2017-05-05 02:30:00,-12.786
2017-05-05 02:15:00,-12.571
2017-05-05 02:00:00,-12.476
2017-05-05 01:45:00,-11.772
2017-05-05 01:30:00,-12.622
2017-05-05 01:15:00,-12.748
2017-05-05 01:00:00,-12.51
2017-05-05 00:45:00,-12.399
2017-05-05 00:30:00,-12.831
2017-05-05 00:15:00,-13.035
2017-05-05 00:00:00,-12.819
2017-05-04 23:45:00,-12.734
2017-05-04 23:30:00,-12.302
2017-05-04 23:15:00,-13.858
2017-05-04 23:00:00,-17.736
2017-05-04 22:45:00,-16.508
2017-05-04 22:30:00,-18.107
2017-05-04 22:15:00,-16.919
2017-05-04 22:00:00,-17.529
2017-05-04 21:45:00,-17.478
2017-05-04 21:30:00,-18.207
2017-05-04 21:15:00,-17.914
2017-05-04 21:00:00,-17.041
2017-05-04 20:45:00,-18.321
2017-05-04 20:30:00,-17.782
2017-05-04 20:15:00,-19.05
2017-05-04 20:00:00,-24.165
2017-05-04 19:45:00,-23.128
2017-05-04 19:30:00,-23.414
2017-05-04 19:15:00,-24.198
2017-05-04 19:00:00,-24.438
2017-05-04 18:45:00,-21.269
2017-05-04 18:30:00,-17.999
2017-05-04 18:15:00,-26.94
2017-05-04 18:00:00,-33.307
2017-05-04 17:45:00,-8.444
2017-05-04 17:30:00,-0.465
2017-05-04 17:15:00,0.441
2017-05-04 17:00:00,0.449
2017-05-04 16:45:00,0.458
2017-05-04 16:30:00,0.221
2017-05-04 16:15:00,0.463
2017-05-04 16:00:00,0.461
2017-05-04 15:45:00,0.464
2017-05-04 15:30:00,0.46
2017-05-04 15:15:00,0.464
2017-05-04 15:00:00,0.464
2017-05-04 14:45:00,0.468
2017-05-04 14:30:00,0.466
2017-05-04 14:15:00,0.466
2017-05-04 14:00:00,0.467
2017-05-04 13:45:00,0.466
2017-05-04 13:30:00,0.467
2017-05-04 13:15:00,0.468
2017-05-04 13:00:00,0.48
2017-05-04 12:45:00,0.485
2017-05-04 12:30:00,1.205
2017-05-04 12:15:00,2.576
2017-05-04 12:00:00,2.578
2017-05-04 11:45:00,2.584
2017-05-04 11:30:00,2.59
2017-05-04 11:15:00,2.624
2017-05-04 11:00:00,20.93
2017-05-04 10:45:00,111.795
2017-05-04 10:30:00,109.545
2017-05-04 10:15:00,102.648
2017-05-04 10:00:00,97.182
2017-05-04 09:45:00,91.787
2017-05-04 09:30:00,76.353
2017-05-04 09:15:00,66.05
2017-05-04 09:00:00,52.383
2017-05-04 08:45:00,39.819
2017-05-04 08:30:00,11.375
2017-05-04 08:15:00,2.364
2017-05-04 08:00:00,5.313
2017-05-04 07:45:00,0.557
2017-05-04 07:30:00,0.806
2017-05-04 07:15:00,-4.013
2017-05-04 07:00:00,-12.333
2017-05-04 06:45:00,-19.728
2017-05-04 06:30:00,-9.121
2017-05-04 06:15:00,-9.114
2017-05-04 06:00:00,-7.124
2017-05-04 05:45:00,-4.349
2017-05-04 05:30:00,-2.203
2017-05-04 05:15:00,5.308
2017-05-04 05:00:00,4.226
2017-05-04 04:45:00,4.24
2017-05-04 04:30:00,5.179
2017-05-04 04:15:00,3.841
2017-05-04 04:00:00,4.351
2017-05-04 03:45:00,4.181
2017-05-04 03:30:00,4.31
2017-05-04 03:15:00,4.709
2017-05-04 03:00:00,4.131
2017-05-04 02:45:00,4.449
2017-05-04 02:30:00,3.955
2017-05-04 02:15:00,3.926
2017-05-04 02:00:00,4.806
2017-05-04 01:45:00,3.584
2017-05-04 01:30:00,3.868
2017-05-04 01:15:00,4.278
2017-05-04 01:00:00,3.582
2017-05-04 00:45:00,4.831
2017-05-04 00:30:00,3.431
2017-05-04 00:15:00,2.399
2017-05-04 00:00:00,2.844
2017-05-03 23:45:00,3.604
2017-05-03 23:30:00,4.111
2017-05-03 23:15:00,2.942
2017-05-03 23:00:00,3.886
2017-05-03 22:45:00,3.449
2017-05-03 22:30:00,3.338
2017-05-03 22:15:00,3.221
2017-05-03 22:00:00,3.249
2017-05-03 21:45:00,3.757
2017-05-03 21:30:00,2.964
2017-05-03 21:15:00,2.196
2017-05-03 21:00:00,0.822
2017-05-03 20:45:00,2.113
2017-05-03 20:30:00,2.756
2017-05-03 20:15:00,2.183
2017-05-03 20:00:00,-1.098
2017-05-03 19:45:00,-8.623
2017-05-03 19:30:00,-4.122
2017-05-03 19:15:00,-2.505
2017-05-03 19:00:00,-3.483
2017-05-03 18:45:00,1.143
2017-05-03 18:30:00,3.671
2017-05-03 18:15:00,5.355
2017-05-03 18:00:00,6.538
2017-05-03 17:45:00,11.893
2017-05-03 17:30:00,29.621
2017-05-03 17:15:00,48.712
2017-05-03 17:00:00,63.682
2017-05-03 16:45:00,66.011
2017-05-03 16:30:00,69.889
2017-05-03 16:15:00,5.357
2017-05-03 16:00:00,-0.032
2017-05-03 15:45:00,0.0
2017-05-03 15:30:00,0.0
2017-05-03 15:15:00,0.0
2017-05-03 15:00:00,0.0
2017-05-03 14:45:00,0.0
2017-05-03 14:30:00,0.0
2017-05-03 14:15:00,0.0
2017-05-03 14:00:00,0.0
2017-05-03 13:45:00,0.0
2017-05-03 13:30:00,0.0
2017-05-03 13:15:00,0.0
2017-05-03 13:00:00,0.0
2017-05-03 12:45:00,0.0
2017-05-03 12:30:00,0.0
2017-05-03 12:15:00,-0.477
2017-05-03 12:00:00,-0.574
2017-05-03 11:45:00,-0.573
2017-05-03 11:30:00,-0.573
2017-05-03 11:15:00,-0.793
2017-05-03 11:00:00,-0.569
2017-05-03 10:45:00,-0.564
2017-05-03 10:30:00,-0.918
2017-05-03 10:15:00,44.045
2017-05-03 10:00:00,100.615
2017-05-03 09:45:00,65.808
2017-05-03 09:30:00,65.214
2017-05-03 09:15:00,68.611
2017-05-03 09:00:00,56.344
2017-05-03 08:45:00,44.313
2017-05-03 08:30:00,38.192
2017-05-03 08:15:00,29.655
2017-05-03 08:00:00,10.489
2017-05-03 07:45:00,3.139
2017-05-03 07:30:00,-0.731
2017-05-03 07:15:00,0.013
2017-05-03 07:00:00,-1.515
2017-05-03 06:45:00,-10.03
2017-05-03 06:30:00,-12.596
2017-05-03 06:15:00,-14.004
2017-05-03 06:00:00,-15.012
2017-05-03 05:45:00,-19.349
2017-05-03 05:30:00,-22.87
2017-05-03 05:15:00,-17.214
2017-05-03 05:00:00,-18.572
2017-05-03 04:45:00,-18.248
2017-05-03 04:30:00,-17.596
2017-05-03 04:15:00,-18.03
2017-05-03 04:00:00,-17.529
2017-05-03 03:45:00,-16.962
2017-05-03 03:30:00,-18.535
2017-05-03 03:15:00,-17.905
2017-05-03 03:00:00,-17.969
2017-05-03 02:45:00,-18.577
2017-05-03 02:30:00,-19.497
2017-05-03 02:15:00,-20.941
2017-05-03 02:00:00,-21.908
2017-05-03 01:45:00,-21.837
2017-05-03 01:30:00,-23.054
2017-05-03 01:15:00,-22.292
2017-05-03 01:00:00,-21.573
2017-05-03 00:45:00,-22.089
2017-05-03 00:30:00,-22.597
2017-05-03 00:15:00,-22.57
2017-05-03 00:00:00,-23.666
2017-05-02 23:45:00,-22.081
2017-05-02 23:30:00,-23.936
2017-05-02 23:15:00,-28.209
2017-05-02 23:00:00,-28.134
2017-05-02 22:45:00,-29.456
2017-05-02 22:30:00,-25.635
2017-05-02 22:15:00,-22.423
2017-05-02 22:00:00,-23.464
2017-05-02 21:45:00,-25.692
2017-05-02 21:30:00,-32.952
2017-05-02 21:15:00,-42.589
2017-05-02 21:00:00,-34.086
2017-05-02 20:45:00,-31.797
2017-05-02 20:30:00,-32.307
2017-05-02 20:15:00,-32.217
2017-05-02 20:00:00,-34.122
2017-05-02 19:45:00,-46.83
2017-05-02 19:30:00,-47.319
2017-05-02 19:15:00,-50.104
2017-05-02 19:00:00,-51.107
2017-05-02 18:45:00,-44.28
2017-05-02 18:30:00,-40.308
2017-05-02 18:15:00,-38.916
2017-05-02 18:00:00,-40.506
2017-05-02 17:45:00,-29.425
2017-05-02 17:30:00,-16.848
2017-05-02 17:15:00,-1.875
2017-05-02 17:00:00,-0.213
2017-05-02 16:45:00,0.043
2017-05-02 16:30:00,0.464
2017-05-02 16:15:00,0.469
2017-05-02 16:00:00,0.481
2017-05-02 15:45:00,0.515
2017-05-02 15:30:00,32.86
2017-05-02 15:15:00,56.443
2017-05-02 15:00:00,61.226
2017-05-02 14:45:00,49.681
2017-05-02 14:30:00,60.933
2017-05-02 14:15:00,65.927
2017-05-02 14:00:00,76.83
2017-05-02 13:45:00,80.677
2017-05-02 13:30:00,63.13
2017-05-02 13:15:00,85.295
2017-05-02 13:00:00,96.848
2017-05-02 12:45:00,95.102
2017-05-02 12:30:00,91.015
2017-05-02 12:15:00,83.775
2017-05-02 12:00:00,81.894
2017-05-02 11:45:00,77.676
2017-05-02 11:30:00,70.304
2017-05-02 11:15:00,66.64
2017-05-02 11:00:00,78.769
2017-05-02 10:45:00,82.331
2017-05-02 10:30:00,79.079
2017-05-02 10:15:00,33.981
2017-05-02 10:00:00,-16.256
2017-05-02 09:45:00,-31.204
2017-05-02 09:30:00,-31.147
2017-05-02 09:15:00,-31.334
2017-05-02 09:00:00,-31.737
2017-05-02 08:45:00,-5.291
2017-05-02 08:30:00,-0.95
2017-05-02 08:15:00,-0.957
2017-05-02 08:00:00,-0.885
2017-05-02 07:45:00,-0.945
2017-05-02 07:30:00,-1.712
2017-05-02 07:15:00,-18.629
2017-05-02 07:00:00,-29.744
2017-05-02 06:45:00,-44.809
2017-05-02 06:30:00,-44.085
2017-05-02 06:15:00,-42.332
2017-05-02 06:00:00,-41.812
2017-05-02 05:45:00,-36.76
2017-05-02 05:30:00,-33.068
2017-05-02 05:15:00,-17.174
2017-05-02 05:00:00,-11.292
2017-05-02 04:45:00,-11.213
2017-05-02 04:30:00,-11.379
2017-05-02 04:15:00,-10.715
2017-05-02 04:00:00,-11.32
2017-05-02 03:45:00,-10.587
2017-05-02 03:30:00,-11.634
2017-05-02 03:15:00,-12.26
2017-05-02 03:00:00,-11.211
2017-05-02 02:45:00,-12.067
2017-05-02 02:30:00,-11.396
2017-05-02 02:15:00,-17.806
2017-05-02 02:00:00,-18.147
2017-05-02 01:45:00,-16.903
2017-05-02 01:30:00,-13.03
2017-05-02 01:15:00,-13.381
2017-05-02 01:00:00,-12.49
2017-05-02 00:45:00,-13.094
2017-05-02 00:30:00,-14.342
2017-05-02 00:15:00,-13.371
2017-05-02 00:00:00,-15.082
2017-05-01 23:45:00,-15.221
2017-05-01 23:30:00,-15.465
2017-05-01 23:15:00,-22.111
2017-05-01 23:00:00,-20.704
2017-05-01 22:45:00,-22.11
2017-05-01 22:30:00,-21.179
2017-05-01 22:15:00,-16.655
2017-05-01 22:00:00,-17.988
2017-05-01 21:45:00,-17.82
2017-05-01 21:30:00,-18.086
2017-05-01 21:15:00,-22.806
2017-05-01 21:00:00,-23.349
2017-05-01 20:45:00,-25.364
2017-05-01 20:30:00,-25.236
2017-05-01 20:15:00,-34.348
2017-05-01 20:00:00,-45.803
2017-05-01 19:45:00,-44.919
2017-05-01 19:30:00,-33.571
2017-05-01 19:15:00,-36.197
2017-05-01 19:00:00,-30.016
2017-05-01 18:45:00,-30.335
2017-05-01 18:30:00,-30.323
2017-05-01 18:15:00,-26.146
2017-05-01 18:00:00,-23.966
2017-05-01 17:45:00,-10.044
2017-05-01 17:30:00,-1.585
2017-05-01 17:15:00,0.571
2017-05-01 17:00:00,0.572
2017-05-01 16:45:00,0.579
2017-05-01 16:30:00,0.637
2017-05-01 16:15:00,0.453
2017-05-01 16:00:00,0.454
2017-05-01 15:45:00,0.458
2017-05-01 15:30:00,0.46
2017-05-01 15:15:00,0.456
2017-05-01 15:00:00,0.459
2017-05-01 14:45:00,0.459
2017-05-01 14:30:00,0.466
2017-05-01 14:15:00,0.459
2017-05-01 14:00:00,0.451
2017-05-01 13:45:00,0.467
2017-05-01 13:30:00,0.468
2017-05-01 13:15:00,0.487
2017-05-01 13:00:00,0.514
2017-05-01 12:45:00,0.558
2017-05-01 12:30:00,51.506
2017-05-01 12:15:00,106.51
2017-05-01 12:00:00,106.471
2017-05-01 11:45:00,106.621
2017-05-01 11:30:00,106.684
2017-05-01 11:15:00,105.767
2017-05-01 11:00:00,107.151
2017-05-01 10:45:00,107.353
2017-05-01 10:30:00,107.521
2017-05-01 10:15:00,107.539
2017-05-01 10:00:00,104.976
2017-05-01 09:45:00,100.107
2017-05-01 09:30:00,93.568
2017-05-01 09:15:00,81.198
2017-05-01 09:00:00,69.17
2017-05-01 08:45:00,53.661
2017-05-01 08:30:00,41.926
2017-05-01 08:15:00,24.138
2017-05-01 08:00:00,7.476
2017-05-01 07:45:00,0.427
2017-05-01 07:30:00,-3.522
2017-05-01 07:15:00,-28.606
2017-05-01 07:00:00,-36.701
2017-05-01 06:45:00,-31.507
2017-05-01 06:30:00,-29.159
2017-05-01 06:15:00,-30.73
2017-05-01 06:00:00,-25.842
2017-05-01 05:45:00,-27.263
2017-05-01 05:30:00,-28.342
2017-05-01 05:15:00,-30.05
2017-05-01 05:00:00,-30.67
2017-05-01 04:45:00,-23.229
2017-05-01 04:30:00,-23.799
2017-05-01 04:15:00,-24.7
2017-05-01 04:00:00,-26.033
2017-05-01 03:45:00,-26.106
2017-05-01 03:30:00,-26.527
2017-05-01 03:15:00,-28.793
2017-05-01 03:00:00,-31.762
2017-05-01 02:45:00,-31.994
2017-05-01 02:30:00,-32.75
2017-05-01 02:15:00,-33.661
2017-05-01 02:00:00,-33.913
2017-05-01 01:45:00,-33.006
2017-05-01 01:30:00,-33.611
2017-05-01 01:15:00,-33.655
2017-05-01 01:00:00,-34.926
2017-05-01 00:45:00,-35.272
2017-05-01 00:30:00,-35.909
2017-05-01 00:15:00,-33.887
2017-05-01 00:00:00,-13.88
2017-04-30 23:45:00,-12.563
2017-04-30 23:30:00,-12.314
2017-04-30 23:15:00,-11.94
2017-04-30 23:00:00,-13.999
2017-04-30 22:45:00,-13.257
2017-04-30 22:30:00,-19.028
2017-04-30 22:15:00,-21.106
2017-04-30 22:00:00,-22.511
2017-04-30 21:45:00,-22.776
2017-04-30 21:30:00,-24.173
2017-04-30 21:15:00,-26.203
2017-04-30 21:00:00,-25.619
2017-04-30 20:45:00,-25.869
2017-04-30 20:30:00,-26.316
2017-04-30 20:15:00,-26.486
2017-04-30 20:00:00,-28.56
2017-04-30 19:45:00,-27.802
2017-04-30 19:30:00,-28.766
2017-04-30 19:15:00,-43.438
2017-04-30 19:00:00,-44.73
2017-04-30 18:45:00,-40.14
2017-04-30 18:30:00,-25.251
2017-04-30 18:15:00,-9.308
2017-04-30 18:00:00,0.185
2017-04-30 17:45:00,0.43
2017-04-30 17:30:00,0.434
2017-04-30 17:15:00,0.433
2017-04-30 17:00:00,0.435
2017-04-30 16:45:00,0.438
2017-04-30 16:30:00,0.441
2017-04-30 16:15:00,0.44
2017-04-30 16:00:00,0.443
2017-04-30 15:45:00,0.45
2017-04-30 15:30:00,0.45
2017-04-30 15:15:00,0.448
2017-04-30 15:00:00,0.446
2017-04-30 14:45:00,0.445
2017-04-30 14:30:00,0.446
2017-04-30 14:15:00,0.452
2017-04-30 14:00:00,0.456
2017-04-30 13:45:00,0.458
2017-04-30 13:30:00,0.456
2017-04-30 13:15:00,0.453
2017-04-30 13:00:00,0.459
2017-04-30 12:45:00,0.462
2017-04-30 12:30:00,0.462
2017-04-30 12:15:00,0.462
2017-04-30 12:00:00,0.459
2017-04-30 11:45:00,0.457
2017-04-30 11:30:00,0.463
2017-04-30 11:15:00,0.474
2017-04-30 11:00:00,0.499
2017-04-30 10:45:00,0.52
2017-04-30 10:30:00,54.491
2017-04-30 10:15:00,106.437
2017-04-30 10:00:00,106.406
2017-04-30 09:45:00,106.491
2017-04-30 09:30:00,106.659
2017-04-30 09:15:00,106.873
2017-04-30 09:00:00,100.571
2017-04-30 08:45:00,87.438
2017-04-30 08:30:00,73.085
2017-04-30 08:15:00,57.659
2017-04-30 08:00:00,41.655
2017-04-30 07:45:00,25.822
2017-04-30 07:30:00,10.515
2017-04-30 07:15:00,0.479
2017-04-30 07:00:00,-2.173
2017-04-30 06:45:00,-11.0
2017-04-30 06:30:00,-11.671
2017-04-30 06:15:00,-13.366
2017-04-30 06:00:00,-13.13
2017-04-30 05:45:00,-13.546
2017-04-30 05:30:00,-12.863
2017-04-30 05:15:00,-13.952
2017-04-30 05:00:00,-13.498
2017-04-30 04:45:00,-13.56
2017-04-30 04:30:00,-12.704
2017-04-30 04:15:00,-14.045
2017-04-30 04:00:00,-13.084
2017-04-30 03:45:00,-13.873
2017-04-30 03:30:00,-13.715
2017-04-30 03:15:00,-13.969
2017-04-30 03:00:00,-12.775
2017-04-30 02:45:00,-14.474
2017-04-30 02:30:00,-13.375
2017-04-30 02:15:00,-13.269
2017-04-30 02:00:00,-13.523
2017-04-30 01:45:00,-13.67
2017-04-30 01:30:00,-14.529
2017-04-30 01:15:00,-13.168
2017-04-30 01:00:00,-13.644
2017-04-30 00:45:00,-13.765
2017-04-30 00:30:00,-14.263
2017-04-30 00:15:00,-13.875
2017-04-30 00:00:00,-13.698
2017-04-29 23:45:00,-13.675
2017-04-29 23:30:00,-14.382
2017-04-29 23:15:00,-15.342
2017-04-29 23:00:00,-16.177
2017-04-29 22:45:00,-17.403
2017-04-29 22:30:00,-18.212
2017-04-29 22:15:00,-17.201
2017-04-29 22:00:00,-18.391
2017-04-29 21:45:00,-18.037
2017-04-29 21:30:00,-21.623
2017-04-29 21:15:00,-24.878
2017-04-29 21:00:00,-25.784
2017-04-29 20:45:00,-26.753
2017-04-29 20:30:00,-26.407
2017-04-29 20:15:00,-26.647
2017-04-29 20:00:00,-29.005
2017-04-29 19:45:00,-30.858
2017-04-29 19:30:00,-28.939
2017-04-29 19:15:00,-28.4
2017-04-29 19:00:00,-23.913
2017-04-29 18:45:00,-29.523
2017-04-29 18:30:00,-28.7
2017-04-29 18:15:00,-20.68
2017-04-29 18:00:00,-14.61
2017-04-29 17:45:00,-1.613
2017-04-29 17:30:00,0.422
2017-04-29 17:15:00,0.422
2017-04-29 17:00:00,0.427
2017-04-29 16:45:00,0.428
2017-04-29 16:30:00,0.427
2017-04-29 16:15:00,0.429
2017-04-29 16:00:00,0.436
2017-04-29 15:45:00,0.438
2017-04-29 15:30:00,0.439
2017-04-29 15:15:00,0.438
2017-04-29 15:00:00,0.439
2017-04-29 14:45:00,0.447
2017-04-29 14:30:00,0.446
2017-04-29 14:15:00,0.446
2017-04-29 14:00:00,0.455
2017-04-29 13:45:00,0.457
2017-04-29 13:30:00,0.457
2017-04-29 13:15:00,0.459
2017-04-29 13:00:00,0.465
2017-04-29 12:45:00,0.47
2017-04-29 12:30:00,0.489
2017-04-29 12:15:00,0.499
2017-04-29 12:00:00,0.581
2017-04-29 11:45:00,80.708
2017-04-29 11:30:00,105.819
2017-04-29 11:15:00,106.385
2017-04-29 11:00:00,106.486
2017-04-29 10:45:00,106.743
2017-04-29 10:30:00,106.959
2017-04-29 10:15:00,106.982
2017-04-29 10:00:00,106.987
2017-04-29 09:45:00,107.078
2017-04-29 09:30:00,107.137
2017-04-29 09:15:00,107.11
2017-04-29 09:00:00,98.819
2017-04-29 08:45:00,85.916
2017-04-29 08:30:00,71.953
2017-04-29 08:15:00,55.258
2017-04-29 08:00:00,37.85
2017-04-29 07:45:00,22.059
2017-04-29 07:30:00,7.653
2017-04-29 07:15:00,0.245
2017-04-29 07:00:00,-5.712
2017-04-29 06:45:00,-14.034
2017-04-29 06:30:00,-15.544
2017-04-29 06:15:00,-16.832
2017-04-29 06:00:00,-16.479
2017-04-29 05:45:00,-16.92
2017-04-29 05:30:00,-17.809
2017-04-29 05:15:00,-16.856
2017-04-29 05:00:00,-16.613
2017-04-29 04:45:00,-16.61
2017-04-29 04:30:00,-16.758
2017-04-29 04:15:00,-16.652
2017-04-29 04:00:00,-16.661
2017-04-29 03:45:00,-17.601
2017-04-29 03:30:00,-16.836
2017-04-29 03:15:00,-16.633
2017-04-29 03:00:00,-17.144
2017-04-29 02:45:00,-16.832
2017-04-29 02:30:00,-17.445
2017-04-29 02:15:00,-16.265
2017-04-29 02:00:00,-16.433
2017-04-29 01:45:00,-16.402
2017-04-29 01:30:00,-17.663
2017-04-29 01:15:00,-16.446
2017-04-29 01:00:00,-18.186
2017-04-29 00:45:00,-17.797
2017-04-29 00:30:00,-17.586
2017-04-29 00:15:00,-17.505
2017-04-29 00:00:00,-19.372
2017-04-28 23:45:00,-19.202
2017-04-28 23:30:00,-21.231
2017-04-28 23:15:00,-20.849
2017-04-28 23:00:00,-22.103
2017-04-28 22:45:00,-21.919
2017-04-28 22:30:00,-23.245
2017-04-28 22:15:00,-23.404
2017-04-28 22:00:00,-22.658
2017-04-28 21:45:00,-27.412
2017-04-28 21:30:00,-28.467
2017-04-28 21:15:00,-28.39
2017-04-28 21:00:00,-28.84
2017-04-28 20:45:00,-29.955
2017-04-28 20:30:00,-29.662
2017-04-28 20:15:00,-36.461
2017-04-28 20:00:00,-55.13
2017-04-28 19:45:00,-67.576
2017-04-28 19:30:00,-67.661
2017-04-28 19:15:00,-56.757
2017-04-28 19:00:00,-45.38
2017-04-28 18:45:00,-37.668
2017-04-28 18:30:00,-25.752
2017-04-28 18:15:00,-27.962
2017-04-28 18:00:00,-36.132
2017-04-28 17:45:00,-31.772
2017-04-28 17:30:00,-13.93
2017-04-28 17:15:00,-1.096
2017-04-28 17:00:00,0.695
2017-04-28 16:45:00,0.437
2017-04-28 16:30:00,1.306
2017-04-28 16:15:00,-0.051
2017-04-28 16:00:00,0.797
2017-04-28 15:45:00,0.442
2017-04-28 15:30:00,0.968
2017-04-28 15:15:00,0.436
2017-04-28 15:00:00,0.953
2017-04-28 14:45:00,0.445
2017-04-28 14:30:00,0.971
2017-04-28 14:15:00,1.051
2017-04-28 14:00:00,0.997
2017-04-28 13:45:00,0.857
2017-04-28 13:30:00,1.494
2017-04-28 13:15:00,2.007
2017-04-28 13:00:00,3.147
2017-04-28 12:45:00,4.69
2017-04-28 12:30:00,67.1
2017-04-28 12:15:00,106.555
2017-04-28 12:00:00,106.6
2017-04-28 11:45:00,106.764
2017-04-28 11:30:00,107.02
2017-04-28 11:15:00,107.317
2017-04-28 11:00:00,107.246
2017-04-28 10:45:00,107.373
2017-04-28 10:30:00,107.428
2017-04-28 10:15:00,107.461
2017-04-28 10:00:00,107.522
2017-04-28 09:45:00,106.22
2017-04-28 09:30:00,90.987
2017-04-28 09:15:00,80.271
2017-04-28 09:00:00,52.629
2017-04-28 08:45:00,50.72
2017-04-28 08:30:00,36.16
2017-04-28 08:15:00,15.776
2017-04-28 08:00:00,10.139
2017-04-28 07:45:00,1.137
2017-04-28 07:30:00,0.428
2017-04-28 07:15:00,0.432
2017-04-28 07:00:00,0.437
2017-04-28 06:45:00,-11.7
2017-04-28 06:30:00,-17.709
2017-04-28 06:15:00,-20.262
2017-04-28 06:00:00,-13.587
2017-04-28 05:45:00,-16.187
2017-04-28 05:30:00,-13.949
2017-04-28 05:15:00,-13.317
2017-04-28 05:00:00,-13.928
2017-04-28 04:45:00,-12.428
2017-04-28 04:30:00,-14.464
2017-04-28 04:15:00,-14.503
2017-04-28 04:00:00,-17.845
2017-04-28 03:45:00,-15.076
2017-04-28 03:30:00,-17.178
2017-04-28 03:15:00,-15.971
2017-04-28 03:00:00,-17.262
2017-04-28 02:45:00,-19.507
2017-04-28 02:30:00,-18.061
2017-04-28 02:15:00,-18.299
2017-04-28 02:00:00,-17.978
2017-04-28 01:45:00,-20.836
2017-04-28 01:30:00,-19.392
2017-04-28 01:15:00,-22.309
2017-04-28 01:00:00,-20.849
2017-04-28 00:45:00,-22.577
2017-04-28 00:30:00,-22.069
2017-04-28 00:15:00,-22.387
2017-04-28 00:00:00,-22.266
2017-04-27 23:45:00,-23.792
2017-04-27 23:30:00,-24.53
2017-04-27 23:15:00,-24.191
2017-04-27 23:00:00,-25.928
2017-04-27 22:45:00,-25.171
2017-04-27 22:30:00,-26.347
2017-04-27 22:15:00,-25.546
2017-04-27 22:00:00,-27.564
2017-04-27 21:45:00,-25.908
2017-04-27 21:30:00,-25.579
2017-04-27 21:15:00,-27.069
2017-04-27 21:00:00,-26.382
2017-04-27 20:45:00,-27.447
2017-04-27 20:30:00,-27.311
2017-04-27 20:15:00,-35.653
2017-04-27 20:00:00,-51.337
2017-04-27 19:45:00,-53.725
2017-04-27 19:30:00,-56.6
2017-04-27 19:15:00,-56.441
2017-04-27 19:00:00,-52.567
2017-04-27 18:45:00,-48.167
2017-04-27 18:30:00,-49.414
2017-04-27 18:15:00,-47.535
2017-04-27 18:00:00,-31.5
2017-04-27 17:45:00,-24.065
2017-04-27 17:30:00,-31.567
2017-04-27 17:15:00,-30.618
2017-04-27 17:00:00,10.592
2017-04-27 16:45:00,33.36
2017-04-27 16:30:00,15.489
2017-04-27 16:15:00,41.236
2017-04-27 16:00:00,19.357
2017-04-27 15:45:00,41.148
2017-04-27 15:30:00,41.89
2017-04-27 15:15:00,60.58
2017-04-27 15:00:00,103.878
2017-04-27 14:45:00,96.586
2017-04-27 14:30:00,90.523
2017-04-27 14:15:00,92.809
2017-04-27 14:00:00,89.088
2017-04-27 13:45:00,60.844
2017-04-27 13:30:00,58.236
2017-04-27 13:15:00,94.652
2017-04-27 13:00:00,100.595
2017-04-27 12:45:00,103.129
2017-04-27 12:30:00,104.515
2017-04-27 12:15:00,98.236
2017-04-27 12:00:00,97.368
2017-04-27 11:45:00,50.584
2017-04-27 11:30:00,30.994
2017-04-27 11:15:00,12.922
2017-04-27 11:00:00,18.761
2017-04-27 10:45:00,0.431
2017-04-27 10:30:00,0.437
2017-04-27 10:15:00,0.444
2017-04-27 10:00:00,0.868
2017-04-27 09:45:00,0.459
2017-04-27 09:30:00,0.444
2017-04-27 09:15:00,0.444
2017-04-27 09:00:00,0.451
2017-04-27 08:45:00,0.465
2017-04-27 08:30:00,0.473
2017-04-27 08:15:00,0.456
2017-04-27 08:00:00,-7.067
2017-04-27 07:45:00,-20.284
2017-04-27 07:30:00,-9.243
2017-04-27 07:15:00,-11.743
2017-04-27 07:00:00,-16.619
2017-04-27 06:45:00,-14.773
2017-04-27 06:30:00,-27.714
2017-04-27 06:15:00,-28.309
2017-04-27 06:00:00,-24.719
2017-04-27 05:45:00,-30.357
2017-04-27 05:30:00,-26.13
2017-04-27 05:15:00,-27.592
2017-04-27 05:00:00,-31.97
2017-04-27 04:45:00,-30.071
2017-04-27 04:30:00,-19.569
2017-04-27 04:15:00,-16.838
2017-04-27 04:00:00,-12.867
2017-04-27 03:45:00,-17.121
2017-04-27 03:30:00,-15.242
2017-04-27 03:15:00,-13.943
2017-04-27 03:00:00,-18.466
2017-04-27 02:45:00,-14.671
2017-04-27 02:30:00,-17.177
2017-04-27 02:15:00,-20.293
2017-04-27 02:00:00,-18.393
2017-04-27 01:45:00,-19.96
2017-04-27 01:30:00,-17.964
2017-04-27 01:15:00,-18.396
2017-04-27 01:00:00,-20.858
2017-04-27 00:45:00,-18.317
2017-04-27 00:30:00,-20.928
2017-04-27 00:15:00,-22.52
2017-04-27 00:00:00,-18.919
2017-04-26 23:45:00,-22.029
2017-04-26 23:30:00,-21.268
2017-04-26 23:15:00,-20.428
2017-04-26 23:00:00,-23.018
2017-04-26 22:45:00,-22.614
2017-04-26 22:30:00,-20.485
2017-04-26 22:15:00,-25.814
2017-04-26 22:00:00,-23.182
2017-04-26 21:45:00,-21.711
2017-04-26 21:30:00,-25.808
2017-04-26 21:15:00,-26.08
2017-04-26 21:00:00,-21.835
2017-04-26 20:45:00,-26.143
2017-04-26 20:30:00,-25.002
2017-04-26 20:15:00,-33.5
2017-04-26 20:00:00,-57.211
2017-04-26 19:45:00,-66.165
2017-04-26 19:30:00,-66.16
2017-04-26 19:15:00,-54.915
2017-04-26 19:00:00,-49.66
2017-04-26 18:45:00,-46.389
2017-04-26 18:30:00,-38.452
2017-04-26 18:15:00,-29.563
2017-04-26 18:00:00,-24.852
2017-04-26 17:45:00,-6.2
2017-04-26 17:30:00,-22.728
2017-04-26 17:15:00,-6.569
2017-04-26 17:00:00,-0.221
2017-04-26 16:45:00,0.459
2017-04-26 16:30:00,0.462
2017-04-26 16:15:00,0.457
2017-04-26 16:00:00,0.459
2017-04-26 15:45:00,0.464
2017-04-26 15:30:00,0.464
2017-04-26 15:15:00,0.469
2017-04-26 15:00:00,0.464
2017-04-26 14:45:00,0.467
2017-04-26 14:30:00,0.471
2017-04-26 14:15:00,0.478
2017-04-26 14:00:00,0.488
2017-04-26 13:45:00,0.491
2017-04-26 13:30:00,0.521
2017-04-26 13:15:00,0.528
2017-04-26 13:00:00,0.651
2017-04-26 12:45:00,98.262
2017-04-26 12:30:00,106.368
2017-04-26 12:15:00,106.403
2017-04-26 12:00:00,106.25
2017-04-26 11:45:00,106.745
2017-04-26 11:30:00,107.023
2017-04-26 11:15:00,107.181
2017-04-26 11:00:00,101.113
2017-04-26 10:45:00,107.277
2017-04-26 10:30:00,98.42
2017-04-26 10:15:00,87.797
2017-04-26 10:00:00,86.956
2017-04-26 09:45:00,63.544
2017-04-26 09:30:00,54.318
2017-04-26 09:15:00,40.658
2017-04-26 09:00:00,29.881
2017-04-26 08:45:00,16.896
2017-04-26 08:30:00,3.858
2017-04-26 08:15:00,0.236
2017-04-26 08:00:00,0.277
2017-04-26 07:45:00,-3.569
2017-04-26 07:30:00,-6.579
2017-04-26 07:15:00,-20.041
2017-04-26 07:00:00,-28.628
2017-04-26 06:45:00,-32.083
2017-04-26 06:30:00,-32.788
2017-04-26 06:15:00,-31.766
2017-04-26 06:00:00,-30.124
2017-04-26 05:45:00,-28.656
2017-04-26 05:30:00,-29.135
2017-04-26 05:15:00,-28.635
2017-04-26 05:00:00,-27.104
2017-04-26 04:45:00,-28.831
2017-04-26 04:30:00,-22.649
2017-04-26 04:15:00,-11.598
2017-04-26 04:00:00,-12.747
2017-04-26 03:45:00,-11.448
2017-04-26 03:30:00,-11.597
2017-04-26 03:15:00,-11.19
2017-04-26 03:00:00,-11.459
2017-04-26 02:45:00,-10.554
2017-04-26 02:30:00,-10.853
2017-04-26 02:15:00,-12.357
2017-04-26 02:00:00,-12.591
2017-04-26 01:45:00,-12.793
2017-04-26 01:30:00,-12.649
2017-04-26 01:15:00,-10.655
2017-04-26 01:00:00,-11.107
2017-04-26 00:45:00,-14.683
2017-04-26 00:30:00,-12.158
2017-04-26 00:15:00,-12.625
2017-04-26 00:00:00,-13.085
2017-04-25 23:45:00,-12.079
2017-04-25 23:30:00,-13.418
2017-04-25 23:15:00,-14.562
2017-04-25 23:00:00,-14.476
2017-04-25 22:45:00,-15.499
2017-04-25 22:30:00,-14.498
2017-04-25 22:15:00,-16.192
2017-04-25 22:00:00,-16.459
2017-04-25 21:45:00,-18.02
2017-04-25 21:30:00,-16.183
2017-04-25 21:15:00,-14.999
2017-04-25 21:00:00,-16.998
2017-04-25 20:45:00,-17.842
2017-04-25 20:30:00,-18.268
2017-04-25 20:15:00,-23.736
2017-04-25 20:00:00,-43.724
2017-04-25 19:45:00,-58.729
2017-04-25 19:30:00,-58.48
2017-04-25 19:15:00,-58.938
2017-04-25 19:00:00,-50.328
2017-04-25 18:45:00,-41.019
2017-04-25 18:30:00,-34.677
2017-04-25 18:15:00,-41.94
2017-04-25 18:00:00,-28.392
2017-04-25 17:45:00,-14.39
2017-04-25 17:30:00,0.965
2017-04-25 17:15:00,8.961
2017-04-25 17:00:00,-0.818
2017-04-25 16:45:00,-3.506
2017-04-25 16:30:00,-2.747
2017-04-25 16:15:00,0.43
2017-04-25 16:00:00,0.437
2017-04-25 15:45:00,1.307
2017-04-25 15:30:00,0.45
2017-04-25 15:15:00,0.455
2017-04-25 15:00:00,0.457
2017-04-25 14:45:00,0.484
2017-04-25 14:30:00,0.493
2017-04-25 14:15:00,0.532
2017-04-25 14:00:00,36.976
2017-04-25 13:45:00,106.595
2017-04-25 13:30:00,101.662
2017-04-25 13:15:00,102.661
2017-04-25 13:00:00,102.543
2017-04-25 12:45:00,98.349
2017-04-25 12:30:00,81.24
2017-04-25 12:15:00,74.651
2017-04-25 12:00:00,74.242
2017-04-25 11:45:00,101.163
2017-04-25 11:30:00,91.54
2017-04-25 11:15:00,87.85
2017-04-25 11:00:00,89.645
2017-04-25 10:45:00,107.668
2017-04-25 10:30:00,66.874
2017-04-25 10:15:00,104.983
2017-04-25 10:00:00,12.434
2017-04-25 09:45:00,22.971
2017-04-25 09:30:00,64.093
2017-04-25 09:15:00,0.05
2017-04-25 09:00:00,0.361
2017-04-25 08:45:00,2.66
2017-04-25 08:30:00,-11.839
2017-04-25 08:15:00,-2.855
2017-04-25 08:00:00,-2.574
2017-04-25 07:45:00,-12.19
2017-04-25 07:30:00,-2.795
2017-04-25 07:15:00,0.313
2017-04-25 07:00:00,-4.932
2017-04-25 06:45:00,-19.896
2017-04-25 06:30:00,-23.017
2017-04-25 06:15:00,-25.769
2017-04-25 06:00:00,-26.449
2017-04-25 05:45:00,-27.572
2017-04-25 05:30:00,-23.183
2017-04-25 05:15:00,-26.397
2017-04-25 05:00:00,-24.222
2017-04-25 04:45:00,-28.356
2017-04-25 04:30:00,-27.339
2017-04-25 04:15:00,-17.664
2017-04-25 04:00:00,-21.915
2017-04-25 03:45:00,-17.532
2017-04-25 03:30:00,-20.312
2017-04-25 03:15:00,-20.065
2017-04-25 03:00:00,-18.655
2017-04-25 02:45:00,-20.21
2017-04-25 02:30:00,-21.16
2017-04-25 02:15:00,-18.753
2017-04-25 02:00:00,-20.693
2017-04-25 01:45:00,-18.583
2017-04-25 01:30:00,-21.24
2017-04-25 01:15:00,-18.932
2017-04-25 01:00:00,-20.53
2017-04-25 00:45:00,-19.646
2017-04-25 00:30:00,-19.871
2017-04-25 00:15:00,-20.182
2017-04-25 00:00:00,-21.729
2017-04-24 23:45:00,-20.19
2017-04-24 23:30:00,-20.383
2017-04-24 23:15:00,-21.152
2017-04-24 23:00:00,-20.262
2017-04-24 22:45:00,-20.413
2017-04-24 22:30:00,-20.872
2017-04-24 22:15:00,-19.98
2017-04-24 22:00:00,-20.488
2017-04-24 21:45:00,-21.586
2017-04-24 21:30:00,-22.526
2017-04-24 21:15:00,-21.126
2017-04-24 21:00:00,-22.472
2017-04-24 20:45:00,-26.908
2017-04-24 20:30:00,-26.768
2017-04-24 20:15:00,-32.005
2017-04-24 20:00:00,-44.142
2017-04-24 19:45:00,-44.996
2017-04-24 19:30:00,-44.98
2017-04-24 19:15:00,-44.523
2017-04-24 19:00:00,-40.454
2017-04-24 18:45:00,-35.039
2017-04-24 18:30:00,-36.479
2017-04-24 18:15:00,-37.938
2017-04-24 18:00:00,-38.26
2017-04-24 17:45:00,-13.407
2017-04-24 17:30:00,-13.514
2017-04-24 17:15:00,15.775
2017-04-24 17:00:00,-3.818
2017-04-24 16:45:00,-2.325
2017-04-24 16:30:00,-4.211
2017-04-24 16:15:00,-1.262
2017-04-24 16:00:00,1.526
2017-04-24 15:45:00,0.207
2017-04-24 15:30:00,-0.036
2017-04-24 15:15:00,0.952
2017-04-24 15:00:00,0.452
2017-04-24 14:45:00,0.46
2017-04-24 14:30:00,1.054
2017-04-24 14:15:00,0.617
2017-04-24 14:00:00,0.459
2017-04-24 13:45:00,1.016
2017-04-24 13:30:00,0.445
2017-04-24 13:15:00,0.728
2017-04-24 13:00:00,0.888
2017-04-24 12:45:00,1.269
2017-04-24 12:30:00,2.021
2017-04-24 12:15:00,2.293
2017-04-24 12:00:00,2.69
2017-04-24 11:45:00,36.877
2017-04-24 11:30:00,31.174
2017-04-24 11:15:00,64.149
2017-04-24 11:00:00,20.217
2017-04-24 10:45:00,11.17
2017-04-24 10:30:00,3.423
2017-04-24 10:15:00,50.141
2017-04-24 10:00:00,11.357
2017-04-24 09:45:00,-3.568
2017-04-24 09:30:00,31.033
2017-04-24 09:15:00,-15.071
2017-04-24 09:00:00,-25.493
2017-04-24 08:45:00,-34.272
2017-04-24 08:30:00,-32.43
2017-04-24 08:15:00,-37.856
2017-04-24 08:00:00,-47.061
2017-04-24 07:45:00,-35.802
2017-04-24 07:30:00,-0.945
2017-04-24 07:15:00,-0.936
2017-04-24 07:00:00,-0.932
2017-04-24 06:45:00,-0.928
2017-04-24 06:30:00,-0.933
2017-04-24 06:15:00,-0.935
2017-04-24 06:00:00,-0.928
2017-04-24 05:45:00,-0.928
2017-04-24 05:30:00,-0.934
2017-04-24 05:15:00,-0.926
2017-04-24 05:00:00,-0.924
2017-04-24 04:45:00,-0.925
2017-04-24 04:30:00,-0.928
2017-04-24 04:15:00,-0.929
2017-04-24 04:00:00,-0.933
2017-04-24 03:45:00,-0.933
2017-04-24 03:30:00,-0.933
2017-04-24 03:15:00,-0.935
2017-04-24 03:00:00,-0.933
2017-04-24 02:45:00,-0.934
2017-04-24 02:30:00,-0.934
2017-04-24 02:15:00,-0.933
2017-04-24 02:00:00,-0.933
2017-04-24 01:45:00,-0.933
2017-04-24 01:30:00,-0.936
2017-04-24 01:15:00,-0.938
2017-04-24 01:00:00,-0.94
2017-04-24 00:45:00,-0.94
2017-04-24 00:30:00,-0.938
2017-04-24 00:15:00,-0.936
2017-04-24 00:00:00,-0.935
2017-04-23 23:45:00,-0.934
2017-04-23 23:30:00,-0.932
2017-04-23 23:15:00,-0.935
2017-04-23 23:00:00,-0.935
2017-04-23 22:45:00,-0.932
2017-04-23 22:30:00,-0.93
2017-04-23 22:15:00,-0.928
2017-04-23 22:00:00,-0.936
2017-04-23 21:45:00,-0.943
2017-04-23 21:30:00,-0.941
2017-04-23 21:15:00,-0.939
2017-04-23 21:00:00,-0.938
2017-04-23 20:45:00,-0.939
2017-04-23 20:30:00,-0.942
2017-04-23 20:15:00,-0.94
2017-04-23 20:00:00,-0.94
2017-04-23 19:45:00,-0.933
2017-04-23 19:30:00,-0.936
2017-04-23 19:15:00,-0.937
2017-04-23 19:00:00,-0.936
2017-04-23 18:45:00,-0.936
2017-04-23 18:30:00,-0.935
2017-04-23 18:15:00,-0.94
2017-04-23 18:00:00,-0.935
2017-04-23 17:45:00,-0.935
2017-04-23 17:30:00,-0.936
2017-04-23 17:15:00,-0.936
2017-04-23 17:00:00,-0.935
2017-04-23 16:45:00,-0.936
2017-04-23 16:30:00,-0.938
2017-04-23 16:15:00,-0.938
2017-04-23 16:00:00,-0.934
2017-04-23 15:45:00,-0.936
2017-04-23 15:30:00,-0.938
2017-04-23 15:15:00,-0.938
2017-04-23 15:00:00,-0.937
2017-04-23 14:45:00,-0.937
2017-04-23 14:30:00,-0.932
2017-04-23 14:15:00,-0.932
2017-04-23 14:00:00,-0.929
2017-04-23 13:45:00,-0.923
2017-04-23 13:30:00,-0.924
2017-04-23 13:15:00,-0.923
2017-04-23 13:00:00,-0.932
2017-04-23 12:45:00,-0.931
2017-04-23 12:30:00,-0.931
2017-04-23 12:15:00,-0.932
2017-04-23 12:00:00,-0.934
2017-04-23 11:45:00,-0.935
2017-04-23 11:30:00,-0.935
2017-04-23 11:15:00,-0.937
2017-04-23 11:00:00,-0.937
2017-04-23 10:45:00,-0.929
2017-04-23 10:30:00,30.832
2017-04-23 10:15:00,106.235
2017-04-23 10:00:00,105.986
2017-04-23 09:45:00,105.226
2017-04-23 09:30:00,106.812
2017-04-23 09:15:00,95.924
2017-04-23 09:00:00,51.252
2017-04-23 08:45:00,29.748
2017-04-23 08:30:00,60.94
2017-04-23 08:15:00,56.417
2017-04-23 08:00:00,32.854
2017-04-23 07:45:00,11.909
2017-04-23 07:30:00,1.015
2017-04-23 07:15:00,-2.17
2017-04-23 07:00:00,-4.152
2017-04-23 06:45:00,-10.662
2017-04-23 06:30:00,-8.026
2017-04-23 06:15:00,-9.997
2017-04-23 06:00:00,-8.428
2017-04-23 05:45:00,-7.831
2017-04-23 05:30:00,-9.32
2017-04-23 05:15:00,-9.421
2017-04-23 05:00:00,-8.319
2017-04-23 04:45:00,-8.237
2017-04-23 04:30:00,-8.822
2017-04-23 04:15:00,-9.203
2017-04-23 04:00:00,-9.904
2017-04-23 03:45:00,-9.952
2017-04-23 03:30:00,-9.716
2017-04-23 03:15:00,-8.728
2017-04-23 03:00:00,-9.703
2017-04-23 02:45:00,-9.967
2017-04-23 02:30:00,-8.85
2017-04-23 02:15:00,-9.307
2017-04-23 02:00:00,-9.14
2017-04-23 01:45:00,-10.675
2017-04-23 01:30:00,-9.931
2017-04-23 01:15:00,-11.242
2017-04-23 01:00:00,-10.725
2017-04-23 00:45:00,-11.68
2017-04-23 00:30:00,-11.333
2017-04-23 00:15:00,-12.09
2017-04-23 00:00:00,-12.471
2017-04-22 23:45:00,-13.724
2017-04-22 23:30:00,-12.136
2017-04-22 23:15:00,-14.515
2017-04-22 23:00:00,-13.787
2017-04-22 22:45:00,-13.458
2017-04-22 22:30:00,-14.09
2017-04-22 22:15:00,-14.756
2017-04-22 22:00:00,-15.562
2017-04-22 21:45:00,-14.7
2017-04-22 21:30:00,-16.322
2017-04-22 21:15:00,-28.938
2017-04-22 21:00:00,-32.669
2017-04-22 20:45:00,-20.883
2017-04-22 20:30:00,-20.804
2017-04-22 20:15:00,-18.819
2017-04-22 20:00:00,-20.184
2017-04-22 19:45:00,-26.073
2017-04-22 19:30:00,-35.685
2017-04-22 19:15:00,-35.689
2017-04-22 19:00:00,-34.497
2017-04-22 18:45:00,-26.908
2017-04-22 18:30:00,-19.247
2017-04-22 18:15:00,-10.125
2017-04-22 18:00:00,-0.219
2017-04-22 17:45:00,0.434
2017-04-22 17:30:00,0.439
2017-04-22 17:15:00,0.434
2017-04-22 17:00:00,0.441
2017-04-22 16:45:00,0.44
2017-04-22 16:30:00,0.448
2017-04-22 16:15:00,0.448
2017-04-22 16:00:00,0.45
2017-04-22 15:45:00,0.449
2017-04-22 15:30:00,0.447
2017-04-22 15:15:00,0.443
2017-04-22 15:00:00,0.448
2017-04-22 14:45:00,0.444
2017-04-22 14:30:00,0.444
2017-04-22 14:15:00,0.44
2017-04-22 14:00:00,0.443
2017-04-22 13:45:00,0.441
2017-04-22 13:30:00,0.449
2017-04-22 13:15:00,0.439
2017-04-22 13:00:00,0.439
2017-04-22 12:45:00,0.445
2017-04-22 12:30:00,0.451
2017-04-22 12:15:00,0.459
2017-04-22 12:00:00,0.484
2017-04-22 11:45:00,0.496
2017-04-22 11:30:00,0.576
2017-04-22 11:15:00,71.811
2017-04-22 11:00:00,106.411
2017-04-22 10:45:00,106.404
2017-04-22 10:30:00,106.383
2017-04-22 10:15:00,106.618
2017-04-22 10:00:00,106.845
2017-04-22 09:45:00,106.98
2017-04-22 09:30:00,104.94
2017-04-22 09:15:00,98.901
2017-04-22 09:00:00,92.449
2017-04-22 08:45:00,80.293
2017-04-22 08:30:00,49.651
2017-04-22 08:15:00,36.337
2017-04-22 08:00:00,20.33
2017-04-22 07:45:00,5.004
2017-04-22 07:30:00,0.311
2017-04-22 07:15:00,-9.608
2017-04-22 07:00:00,-18.966
2017-04-22 06:45:00,-11.123
2017-04-22 06:30:00,-13.115
2017-04-22 06:15:00,-14.992
2017-04-22 06:00:00,-14.977
2017-04-22 05:45:00,-14.384
2017-04-22 05:30:00,-14.788
2017-04-22 05:15:00,-14.139
2017-04-22 05:00:00,-13.419
2017-04-22 04:45:00,-13.507
2017-04-22 04:30:00,-14.12
2017-04-22 04:15:00,-14.073
2017-04-22 04:00:00,-14.142
2017-04-22 03:45:00,-14.477
2017-04-22 03:30:00,-14.629
2017-04-22 03:15:00,-13.414
2017-04-22 03:00:00,-14.498
2017-04-22 02:45:00,-16.102
2017-04-22 02:30:00,-14.791
2017-04-22 02:15:00,-18.038
2017-04-22 02:00:00,-16.178
2017-04-22 01:45:00,-16.215
2017-04-22 01:30:00,-17.421
2017-04-22 01:15:00,-15.793
2017-04-22 01:00:00,-15.755
2017-04-22 00:45:00,-17.747
2017-04-22 00:30:00,-17.0
2017-04-22 00:15:00,-17.587
2017-04-22 00:00:00,-17.449
2017-04-21 23:45:00,-18.902
2017-04-21 23:30:00,-18.969
2017-04-21 23:15:00,-18.484
2017-04-21 23:00:00,-19.23
2017-04-21 22:45:00,-18.814
2017-04-21 22:30:00,-19.81
2017-04-21 22:15:00,-20.235
2017-04-21 22:00:00,-22.155
2017-04-21 21:45:00,-21.699
2017-04-21 21:30:00,-22.373
2017-04-21 21:15:00,-21.48
2017-04-21 21:00:00,-26.145
2017-04-21 20:45:00,-36.44
2017-04-21 20:30:00,-31.381
2017-04-21 20:15:00,-27.752
2017-04-21 20:00:00,-35.658
2017-04-21 19:45:00,-36.446
2017-04-21 19:30:00,-37.292
2017-04-21 19:15:00,-47.938
2017-04-21 19:00:00,-44.053
2017-04-21 18:45:00,-39.059
2017-04-21 18:30:00,-31.339
2017-04-21 18:15:00,-22.372
2017-04-21 18:00:00,-9.501
2017-04-21 17:45:00,-0.697
2017-04-21 17:30:00,0.448
2017-04-21 17:15:00,0.446
2017-04-21 17:00:00,0.448
2017-04-21 16:45:00,0.449
2017-04-21 16:30:00,0.451
2017-04-21 16:15:00,0.455
2017-04-21 16:00:00,0.459
2017-04-21 15:45:00,0.466
2017-04-21 15:30:00,0.467
2017-04-21 15:15:00,0.465
2017-04-21 15:00:00,0.469
2017-04-21 14:45:00,0.466
2017-04-21 14:30:00,0.463
2017-04-21 14:15:00,0.465
2017-04-21 14:00:00,0.464
2017-04-21 13:45:00,0.471
2017-04-21 13:30:00,0.487
2017-04-21 13:15:00,0.516
2017-04-21 13:00:00,0.542
2017-04-21 12:45:00,3.599
2017-04-21 12:30:00,106.404
2017-04-21 12:15:00,106.422
2017-04-21 12:00:00,106.403
2017-04-21 11:45:00,106.457
2017-04-21 11:30:00,106.653
2017-04-21 11:15:00,107.04
2017-04-21 11:00:00,107.319
2017-04-21 10:45:00,107.326
2017-04-21 10:30:00,107.411
2017-04-21 10:15:00,107.442
2017-04-21 10:00:00,105.383
2017-04-21 09:45:00,97.505
2017-04-21 09:30:00,79.515
2017-04-21 09:15:00,68.836
2017-04-21 09:00:00,54.409
2017-04-21 08:45:00,42.268
2017-04-21 08:30:00,27.395
2017-04-21 08:15:00,10.012
2017-04-21 08:00:00,0.551
2017-04-21 07:45:00,-1.132
2017-04-21 07:30:00,-3.277
2017-04-21 07:15:00,-1.993
2017-04-21 07:00:00,-6.719
2017-04-21 06:45:00,-15.367
2017-04-21 06:30:00,-26.905
2017-04-21 06:15:00,-37.395
2017-04-21 06:00:00,-40.548
2017-04-21 05:45:00,-40.639
2017-04-21 05:30:00,-39.7
2017-04-21 05:15:00,-31.619
2017-04-21 05:00:00,-23.316
2017-04-21 04:45:00,-21.652
2017-04-21 04:30:00,-22.429
2017-04-21 04:15:00,-21.823
2017-04-21 04:00:00,-23.85
2017-04-21 03:45:00,-23.114
2017-04-21 03:30:00,-23.849
2017-04-21 03:15:00,-22.753
2017-04-21 03:00:00,-22.772
2017-04-21 02:45:00,-22.16
2017-04-21 02:30:00,-23.509
2017-04-21 02:15:00,-22.002
2017-04-21 02:00:00,-21.885
2017-04-21 01:45:00,-22.127
2017-04-21 01:30:00,-24.567
2017-04-21 01:15:00,-22.482
2017-04-21 01:00:00,-24.652
2017-04-21 00:45:00,-25.827
2017-04-21 00:30:00,-24.175
2017-04-21 00:15:00,-25.004
2017-04-21 00:00:00,-27.155
2017-04-20 23:45:00,-26.008
2017-04-20 23:30:00,-27.037
2017-04-20 23:15:00,-27.385
2017-04-20 23:00:00,-26.222
2017-04-20 22:45:00,-27.6
2017-04-20 22:30:00,-26.999
2017-04-20 22:15:00,-27.18
2017-04-20 22:00:00,-27.787
2017-04-20 21:45:00,-26.924
2017-04-20 21:30:00,-27.36
2017-04-20 21:15:00,-28.556
2017-04-20 21:00:00,-29.973
2017-04-20 20:45:00,-30.936
2017-04-20 20:30:00,-29.338
2017-04-20 20:15:00,-33.066
2017-04-20 20:00:00,-36.255
2017-04-20 19:45:00,-36.823
2017-04-20 19:30:00,-36.893
2017-04-20 19:15:00,-36.119
2017-04-20 19:00:00,-35.408
2017-04-20 18:45:00,-30.446
2017-04-20 18:30:00,-34.249
2017-04-20 18:15:00,-25.781
2017-04-20 18:00:00,-6.444
2017-04-20 17:45:00,0.455
2017-04-20 17:30:00,0.455
2017-04-20 17:15:00,0.457
2017-04-20 17:00:00,0.456
2017-04-20 16:45:00,0.458
2017-04-20 16:30:00,0.46
2017-04-20 16:15:00,0.457
2017-04-20 16:00:00,0.455
2017-04-20 15:45:00,0.455
2017-04-20 15:30:00,0.454
2017-04-20 15:15:00,0.454
2017-04-20 15:00:00,0.466
2017-04-20 14:45:00,0.468
2017-04-20 14:30:00,0.471
2017-04-20 14:15:00,0.474
2017-04-20 14:00:00,0.479
2017-04-20 13:45:00,0.482
2017-04-20 13:30:00,0.505
2017-04-20 13:15:00,0.519
2017-04-20 13:00:00,0.551
2017-04-20 12:45:00,50.131
2017-04-20 12:30:00,106.478
2017-04-20 12:15:00,106.469
2017-04-20 12:00:00,106.478
2017-04-20 11:45:00,106.667
2017-04-20 11:30:00,106.911
2017-04-20 11:15:00,106.378
2017-04-20 11:00:00,107.208
2017-04-20 10:45:00,107.266
2017-04-20 10:30:00,105.976
2017-04-20 10:15:00,96.63
2017-04-20 10:00:00,85.33
2017-04-20 09:45:00,71.981
2017-04-20 09:30:00,63.746
2017-04-20 09:15:00,52.598
2017-04-20 09:00:00,37.69
2017-04-20 08:45:00,8.345
2017-04-20 08:30:00,8.663
2017-04-20 08:15:00,0.278
2017-04-20 08:00:00,0.252
2017-04-20 07:45:00,-5.914
2017-04-20 07:30:00,-12.559
2017-04-20 07:15:00,-16.173
2017-04-20 07:00:00,-20.275
2017-04-20 06:45:00,-30.44
2017-04-20 06:30:00,-33.378
2017-04-20 06:15:00,-32.369
2017-04-20 06:00:00,-31.007
2017-04-20 05:45:00,-31.893
2017-04-20 05:30:00,-31.265
2017-04-20 05:15:00,-27.158
2017-04-20 05:00:00,-14.254
2017-04-20 04:45:00,-14.964
2017-04-20 04:30:00,-13.977
2017-04-20 04:15:00,-14.296
2017-04-20 04:00:00,-14.017
2017-04-20 03:45:00,-14.079
2017-04-20 03:30:00,-15.292
2017-04-20 03:15:00,-15.536
2017-04-20 03:00:00,-14.015
2017-04-20 02:45:00,-13.879
2017-04-20 02:30:00,-14.329
2017-04-20 02:15:00,-14.426
2017-04-20 02:00:00,-14.905
2017-04-20 01:45:00,-14.218
2017-04-20 01:30:00,-13.38
2017-04-20 01:15:00,-13.909
2017-04-20 01:00:00,-16.492
2017-04-20 00:45:00,-17.232
2017-04-20 00:30:00,-16.496
2017-04-20 00:15:00,-18.03
2017-04-20 00:00:00,-18.885
2017-04-19 23:45:00,-20.409
2017-04-19 23:30:00,-19.406
2017-04-19 23:15:00,-19.915
2017-04-19 23:00:00,-19.755
2017-04-19 22:45:00,-19.516
2017-04-19 22:30:00,-20.489
2017-04-19 22:15:00,-20.326
2017-04-19 22:00:00,-21.233
2017-04-19 21:45:00,-21.348
2017-04-19 21:30:00,-22.552
2017-04-19 21:15:00,-21.554
2017-04-19 21:00:00,-23.257
2017-04-19 20:45:00,-22.403
2017-04-19 20:30:00,-37.397
2017-04-19 20:15:00,-33.088
2017-04-19 20:00:00,-34.393
2017-04-19 19:45:00,-34.566
2017-04-19 19:30:00,-35.22
2017-04-19 19:15:00,-34.727
2017-04-19 19:00:00,-36.984
2017-04-19 18:45:00,-34.321
2017-04-19 18:30:00,-29.782
2017-04-19 18:15:00,-31.933
2017-04-19 18:00:00,-28.7
2017-04-19 17:45:00,-16.8
2017-04-19 17:30:00,-3.129
2017-04-19 17:15:00,0.438
2017-04-19 17:00:00,0.443
2017-04-19 16:45:00,0.437
2017-04-19 16:30:00,0.436
2017-04-19 16:15:00,0.439
2017-04-19 16:00:00,0.44
2017-04-19 15:45:00,0.447
2017-04-19 15:30:00,0.452
2017-04-19 15:15:00,0.454
2017-04-19 15:00:00,0.454
2017-04-19 14:45:00,0.484
2017-04-19 14:30:00,0.504
2017-04-19 14:15:00,0.592
2017-04-19 14:00:00,66.477
2017-04-19 13:45:00,106.633
2017-04-19 13:30:00,104.253
2017-04-19 13:15:00,106.758
2017-04-19 13:00:00,106.955
2017-04-19 12:45:00,107.147
2017-04-19 12:30:00,107.296
2017-04-19 12:15:00,107.257
2017-04-19 12:00:00,106.903
2017-04-19 11:45:00,107.373
2017-04-19 11:30:00,102.244
2017-04-19 11:15:00,76.809
2017-04-19 11:00:00,91.612
2017-04-19 10:45:00,106.015
2017-04-19 10:30:00,40.563
2017-04-19 10:15:00,47.724
2017-04-19 10:00:00,3.182
2017-04-19 09:45:00,-1.229
2017-04-19 09:30:00,-15.321
2017-04-19 09:15:00,-7.336
2017-04-19 09:00:00,-32.751
2017-04-19 08:45:00,-21.076
2017-04-19 08:30:00,-18.708
2017-04-19 08:15:00,-22.218
2017-04-19 08:00:00,-17.621
2017-04-19 07:45:00,-18.714
2017-04-19 07:30:00,-23.585
2017-04-19 07:15:00,-18.249
2017-04-19 07:00:00,-25.961
2017-04-19 06:45:00,-29.527
2017-04-19 06:30:00,-30.237
2017-04-19 06:15:00,-26.019
2017-04-19 06:00:00,-25.757
2017-04-19 05:45:00,-25.351
2017-04-19 05:30:00,-27.367
2017-04-19 05:15:00,-21.685
2017-04-19 05:00:00,-9.655
2017-04-19 04:45:00,-8.648
2017-04-19 04:30:00,-10.713
2017-04-19 04:15:00,-9.726
2017-04-19 04:00:00,-9.834
2017-04-19 03:45:00,-11.023
2017-04-19 03:30:00,-11.904
2017-04-19 03:15:00,-12.967
2017-04-19 03:00:00,-12.816
2017-04-19 02:45:00,-12.831
2017-04-19 02:30:00,-11.213
2017-04-19 02:15:00,-13.757
2017-04-19 02:00:00,-12.404
2017-04-19 01:45:00,-13.055
2017-04-19 01:30:00,-13.917
2017-04-19 01:15:00,-12.214
2017-04-19 01:00:00,-13.186
2017-04-19 00:45:00,-12.819
2017-04-19 00:30:00,-12.195
2017-04-19 00:15:00,-12.977
2017-04-19 00:00:00,-13.955
2017-04-18 23:45:00,-12.687
2017-04-18 23:30:00,-12.769
2017-04-18 23:15:00,-13.217
2017-04-18 23:00:00,-13.483
2017-04-18 22:45:00,-13.932
2017-04-18 22:30:00,-14.35
2017-04-18 22:15:00,-13.948
2017-04-18 22:00:00,-14.931
2017-04-18 21:45:00,-15.547
2017-04-18 21:30:00,-20.374
2017-04-18 21:15:00,-27.792
2017-04-18 21:00:00,-24.585
2017-04-18 20:45:00,-15.282
2017-04-18 20:30:00,-16.799
2017-04-18 20:15:00,-22.33
2017-04-18 20:00:00,-35.729
2017-04-18 19:45:00,-34.122
2017-04-18 19:30:00,-35.776
2017-04-18 19:15:00,-37.974
2017-04-18 19:00:00,-51.601
2017-04-18 18:45:00,-59.49
2017-04-18 18:30:00,-51.612
2017-04-18 18:15:00,-39.077
2017-04-18 18:00:00,-30.486
2017-04-18 17:45:00,-14.415
2017-04-18 17:30:00,-1.076
2017-04-18 17:15:00,0.442
2017-04-18 17:00:00,0.825
2017-04-18 16:45:00,0.443
2017-04-18 16:30:00,0.442
2017-04-18 16:15:00,1.017
2017-04-18 16:00:00,0.445
2017-04-18 15:45:00,0.916
2017-04-18 15:30:00,0.443
2017-04-18 15:15:00,0.446
2017-04-18 15:00:00,1.298
2017-04-18 14:45:00,1.002
2017-04-18 14:30:00,0.961
2017-04-18 14:15:00,1.331
2017-04-18 14:00:00,1.082
2017-04-18 13:45:00,1.648
2017-04-18 13:30:00,1.696
2017-04-18 13:15:00,4.537
2017-04-18 13:00:00,6.188
2017-04-18 12:45:00,92.987
2017-04-18 12:30:00,105.676
2017-04-18 12:15:00,20.948
2017-04-18 12:00:00,92.076
2017-04-18 11:45:00,106.584
2017-04-18 11:30:00,105.582
2017-04-18 11:15:00,104.377
2017-04-18 11:00:00,82.075
2017-04-18 10:45:00,100.042
2017-04-18 10:30:00,97.397
2017-04-18 10:15:00,92.371
2017-04-18 10:00:00,82.604
2017-04-18 09:45:00,64.5
2017-04-18 09:30:00,20.518
2017-04-18 09:15:00,58.049
2017-04-18 09:00:00,25.529
2017-04-18 08:45:00,12.118
2017-04-18 08:30:00,-10.859
2017-04-18 08:15:00,-13.207
2017-04-18 08:00:00,-13.874
2017-04-18 07:45:00,-16.69
2017-04-18 07:30:00,-18.463
2017-04-18 07:15:00,-23.385
2017-04-18 07:00:00,-31.522
2017-04-18 06:45:00,-34.31
2017-04-18 06:30:00,-34.281
2017-04-18 06:15:00,-32.67
2017-04-18 06:00:00,-29.641
2017-04-18 05:45:00,-31.391
2017-04-18 05:30:00,-27.545
2017-04-18 05:15:00,-11.599
2017-04-18 05:00:00,-13.867
2017-04-18 04:45:00,-13.786
2017-04-18 04:30:00,-11.655
2017-04-18 04:15:00,-12.536
2017-04-18 04:00:00,-13.453
2017-04-18 03:45:00,-12.925
2017-04-18 03:30:00,-12.343
2017-04-18 03:15:00,-12.964
2017-04-18 03:00:00,-13.277
2017-04-18 02:45:00,-12.953
2017-04-18 02:30:00,-14.404
2017-04-18 02:15:00,-13.781
2017-04-18 02:00:00,-14.377
2017-04-18 01:45:00,-15.743
2017-04-18 01:30:00,-16.866
2017-04-18 01:15:00,-15.082
2017-04-18 01:00:00,-16.916
2017-04-18 00:45:00,-14.987
2017-04-18 00:30:00,-15.851
2017-04-18 00:15:00,-16.581
2017-04-18 00:00:00,-15.96
2017-04-17 23:45:00,-15.518
2017-04-17 23:30:00,-16.657
2017-04-17 23:15:00,-15.754
2017-04-17 23:00:00,-16.47
2017-04-17 22:45:00,-15.759
2017-04-17 22:30:00,-16.299
2017-04-17 22:15:00,-17.144
2017-04-17 22:00:00,-16.957
2017-04-17 21:45:00,-16.871
2017-04-17 21:30:00,-17.729
2017-04-17 21:15:00,-16.847
2017-04-17 21:00:00,-17.78
2017-04-17 20:45:00,-18.125
2017-04-17 20:30:00,-17.848
2017-04-17 20:15:00,-22.053
2017-04-17 20:00:00,-31.803
2017-04-17 19:45:00,-33.319
2017-04-17 19:30:00,-33.138
2017-04-17 19:15:00,-35.643
2017-04-17 19:00:00,-31.679
2017-04-17 18:45:00,-41.415
2017-04-17 18:30:00,-47.698
2017-04-17 18:15:00,-38.367
2017-04-17 18:00:00,-25.355
2017-04-17 17:45:00,-11.997
2017-04-17 17:30:00,0.334
2017-04-17 17:15:00,0.44
2017-04-17 17:00:00,0.439
2017-04-17 16:45:00,0.442
2017-04-17 16:30:00,0.449
2017-04-17 16:15:00,0.426
2017-04-17 16:00:00,0.45
2017-04-17 15:45:00,0.223
2017-04-17 15:30:00,0.461
2017-04-17 15:15:00,0.327
2017-04-17 15:00:00,0.456
2017-04-17 14:45:00,0.455
2017-04-17 14:30:00,0.458
2017-04-17 14:15:00,0.465
2017-04-17 14:00:00,0.472
2017-04-17 13:45:00,0.44
2017-04-17 13:30:00,0.518
2017-04-17 13:15:00,0.526
2017-04-17 13:00:00,13.832
2017-04-17 12:45:00,106.623
2017-04-17 12:30:00,106.566
2017-04-17 12:15:00,106.569
2017-04-17 12:00:00,106.656
2017-04-17 11:45:00,90.323
2017-04-17 11:30:00,95.89
2017-04-17 11:15:00,104.467
2017-04-17 11:00:00,86.052
2017-04-17 10:45:00,92.332
2017-04-17 10:30:00,96.75
2017-04-17 10:15:00,103.235
2017-04-17 10:00:00,89.856
2017-04-17 09:45:00,79.103
2017-04-17 09:30:00,71.699
2017-04-17 09:15:00,64.558
2017-04-17 09:00:00,35.586
2017-04-17 08:45:00,28.967
2017-04-17 08:30:00,-1.533
2017-04-17 08:15:00,2.831
2017-04-17 08:00:00,-8.145
2017-04-17 07:45:00,-22.049
2017-04-17 07:30:00,-37.559
2017-04-17 07:15:00,-21.015
2017-04-17 07:00:00,-27.704
2017-04-17 06:45:00,-36.1
2017-04-17 06:30:00,-38.645
2017-04-17 06:15:00,-39.143
2017-04-17 06:00:00,-38.565
2017-04-17 05:45:00,-36.964
2017-04-17 05:30:00,-38.134
2017-04-17 05:15:00,-19.893
2017-04-17 05:00:00,-19.236
2017-04-17 04:45:00,-18.476
2017-04-17 04:30:00,-19.516
2017-04-17 04:15:00,-19.91
2017-04-17 04:00:00,-21.572
2017-04-17 03:45:00,-18.954
2017-04-17 03:30:00,-18.692
2017-04-17 03:15:00,-19.728
2017-04-17 03:00:00,-19.325
2017-04-17 02:45:00,-18.953
2017-04-17 02:30:00,-20.286
2017-04-17 02:15:00,-20.848
2017-04-17 02:00:00,-19.219
2017-04-17 01:45:00,-19.404
2017-04-17 01:30:00,-19.299
2017-04-17 01:15:00,-20.8
2017-04-17 01:00:00,-18.772
2017-04-17 00:45:00,-19.822
2017-04-17 00:30:00,-19.888
2017-04-17 00:15:00,-21.894
2017-04-17 00:00:00,-21.175
2017-04-16 23:45:00,-20.508
2017-04-16 23:30:00,-20.597
2017-04-16 23:15:00,-21.819
2017-04-16 23:00:00,-22.596
2017-04-16 22:45:00,-21.82
2017-04-16 22:30:00,-24.605
2017-04-16 22:15:00,-23.275
2017-04-16 22:00:00,-26.267
2017-04-16 21:45:00,-26.139
2017-04-16 21:30:00,-26.04
2017-04-16 21:15:00,-25.151
2017-04-16 21:00:00,-25.309
2017-04-16 20:45:00,-25.607
2017-04-16 20:30:00,-25.54
2017-04-16 20:15:00,-25.632
2017-04-16 20:00:00,-26.987
2017-04-16 19:45:00,-27.834
2017-04-16 19:30:00,-26.917
2017-04-16 19:15:00,-28.363
2017-04-16 19:00:00,-20.862
2017-04-16 18:45:00,-17.21
2017-04-16 18:30:00,-4.516
2017-04-16 18:15:00,-0.552
2017-04-16 18:00:00,0.443
2017-04-16 17:45:00,0.44
2017-04-16 17:30:00,0.435
2017-04-16 17:15:00,0.433
2017-04-16 17:00:00,0.443
2017-04-16 16:45:00,0.446
2017-04-16 16:30:00,0.448
2017-04-16 16:15:00,0.449
2017-04-16 16:00:00,0.447
2017-04-16 15:45:00,0.449
2017-04-16 15:30:00,0.452
2017-04-16 15:15:00,0.455
2017-04-16 15:00:00,0.457
2017-04-16 14:45:00,0.462
2017-04-16 14:30:00,0.459
2017-04-16 14:15:00,0.457
2017-04-16 14:00:00,0.459
2017-04-16 13:45:00,0.454
2017-04-16 13:30:00,0.455
2017-04-16 13:15:00,0.451
2017-04-16 13:00:00,0.45
2017-04-16 12:45:00,0.454
2017-04-16 12:30:00,0.461
2017-04-16 12:15:00,0.464
2017-04-16 12:00:00,0.472
2017-04-16 11:45:00,0.494
2017-04-16 11:30:00,0.512
2017-04-16 11:15:00,7.99
2017-04-16 11:00:00,106.472
2017-04-16 10:45:00,106.437
2017-04-16 10:30:00,106.43
2017-04-16 10:15:00,106.577
2017-04-16 10:00:00,100.827
2017-04-16 09:45:00,72.767
2017-04-16 09:30:00,98.31
2017-04-16 09:15:00,100.544
2017-04-16 09:00:00,96.085
2017-04-16 08:45:00,70.914
2017-04-16 08:30:00,42.521
2017-04-16 08:15:00,40.066
2017-04-16 08:00:00,19.272
2017-04-16 07:45:00,11.406
2017-04-16 07:30:00,1.147
2017-04-16 07:15:00,0.273
2017-04-16 07:00:00,-3.708
2017-04-16 06:45:00,-13.276
2017-04-16 06:30:00,-27.391
2017-04-16 06:15:00,-36.55
2017-04-16 06:00:00,-30.26
2017-04-16 05:45:00,-17.642
2017-04-16 05:30:00,-17.551
2017-04-16 05:15:00,-18.017
2017-04-16 05:00:00,-18.352
2017-04-16 04:45:00,-19.393
2017-04-16 04:30:00,-18.32
2017-04-16 04:15:00,-16.958
2017-04-16 04:00:00,-18.124
2017-04-16 03:45:00,-18.097
2017-04-16 03:30:00,-19.452
2017-04-16 03:15:00,-19.137
2017-04-16 03:00:00,-17.807
2017-04-16 02:45:00,-17.567
2017-04-16 02:30:00,-18.187
2017-04-16 02:15:00,-17.268
2017-04-16 02:00:00,-18.356
2017-04-16 01:45:00,-20.198
2017-04-16 01:30:00,-19.545
2017-04-16 01:15:00,-18.374
2017-04-16 01:00:00,-18.725
2017-04-16 00:45:00,-18.195
2017-04-16 00:30:00,-17.741
2017-04-16 00:15:00,-19.231
2017-04-16 00:00:00,-20.003
2017-04-15 23:45:00,-20.637
2017-04-15 23:30:00,-17.845
2017-04-15 23:15:00,-18.366
2017-04-15 23:00:00,-18.253
2017-04-15 22:45:00,-19.025
2017-04-15 22:30:00,-17.912
2017-04-15 22:15:00,-19.286
2017-04-15 22:00:00,-19.751
2017-04-15 21:45:00,-19.451
2017-04-15 21:30:00,-20.514
2017-04-15 21:15:00,-19.023
2017-04-15 21:00:00,-18.33
2017-04-15 20:45:00,-18.816
2017-04-15 20:30:00,-19.061
2017-04-15 20:15:00,-19.086
2017-04-15 20:00:00,-21.767
2017-04-15 19:45:00,-21.474
2017-04-15 19:30:00,-23.146
2017-04-15 19:15:00,-24.201
2017-04-15 19:00:00,-20.108
2017-04-15 18:45:00,-25.119
2017-04-15 18:30:00,-21.151
2017-04-15 18:15:00,-2.294
2017-04-15 18:00:00,0.441
2017-04-15 17:45:00,0.444
2017-04-15 17:30:00,0.446
2017-04-15 17:15:00,0.451
2017-04-15 17:00:00,0.455
2017-04-15 16:45:00,0.458
2017-04-15 16:30:00,0.458
2017-04-15 16:15:00,0.459
2017-04-15 16:00:00,0.46
2017-04-15 15:45:00,0.461
2017-04-15 15:30:00,0.463
2017-04-15 15:15:00,0.466
2017-04-15 15:00:00,0.464
2017-04-15 14:45:00,0.46
2017-04-15 14:30:00,0.467
2017-04-15 14:15:00,0.471
2017-04-15 14:00:00,0.468
2017-04-15 13:45:00,0.473
2017-04-15 13:30:00,0.473
2017-04-15 13:15:00,0.474
2017-04-15 13:00:00,0.476
2017-04-15 12:45:00,0.479
2017-04-15 12:30:00,0.492
2017-04-15 12:15:00,0.517
2017-04-15 12:00:00,0.526
2017-04-15 11:45:00,0.652
2017-04-15 11:30:00,100.658
2017-04-15 11:15:00,106.532
2017-04-15 11:00:00,106.56
2017-04-15 10:45:00,106.705
2017-04-15 10:30:00,106.973
2017-04-15 10:15:00,107.123
2017-04-15 10:00:00,107.099
2017-04-15 09:45:00,107.104
2017-04-15 09:30:00,107.252
2017-04-15 09:15:00,102.927
2017-04-15 09:00:00,91.85
2017-04-15 08:45:00,72.83
2017-04-15 08:30:00,45.117
2017-04-15 08:15:00,27.155
2017-04-15 08:00:00,14.768
2017-04-15 07:45:00,13.323
2017-04-15 07:30:00,1.16
2017-04-15 07:15:00,-2.185
2017-04-15 07:00:00,-14.05
2017-04-15 06:45:00,-28.777
2017-04-15 06:30:00,-34.973
2017-04-15 06:15:00,-35.202
2017-04-15 06:00:00,-25.681
2017-04-15 05:45:00,-20.282
2017-04-15 05:30:00,-20.474
2017-04-15 05:15:00,-19.38
2017-04-15 05:00:00,-18.586
2017-04-15 04:45:00,-29.252
2017-04-15 04:30:00,-35.076
2017-04-15 04:15:00,-31.426
2017-04-15 04:00:00,-19.624
2017-04-15 03:45:00,-20.337
2017-04-15 03:30:00,-19.0
2017-04-15 03:15:00,-18.863
2017-04-15 03:00:00,-19.941
2017-04-15 02:45:00,-21.317
2017-04-15 02:30:00,-20.729
2017-04-15 02:15:00,-18.96
2017-04-15 02:00:00,-19.698
2017-04-15 01:45:00,-19.295
2017-04-15 01:30:00,-20.391
2017-04-15 01:15:00,-21.598
2017-04-15 01:00:00,-20.857
2017-04-15 00:45:00,-19.705
2017-04-15 00:30:00,-19.373
2017-04-15 00:15:00,-18.984
2017-04-15 00:00:00,-20.128
2017-04-14 23:45:00,-20.276
2017-04-14 23:30:00,-21.57
2017-04-14 23:15:00,-19.952
2017-04-14 23:00:00,-19.973
2017-04-14 22:45:00,-21.0
2017-04-14 22:30:00,-21.9
2017-04-14 22:15:00,-22.982
2017-04-14 22:00:00,-22.969
2017-04-14 21:45:00,-24.306
2017-04-14 21:30:00,-23.153
2017-04-14 21:15:00,-24.033
2017-04-14 21:00:00,-24.244
2017-04-14 20:45:00,-24.385
2017-04-14 20:30:00,-24.32
2017-04-14 20:15:00,-27.47
2017-04-14 20:00:00,-31.445
2017-04-14 19:45:00,-33.037
2017-04-14 19:30:00,-33.798
2017-04-14 19:15:00,-31.041
2017-04-14 19:00:00,-25.636
2017-04-14 18:45:00,-19.495
2017-04-14 18:30:00,-20.801
2017-04-14 18:15:00,-19.317
2017-04-14 18:00:00,-8.766
2017-04-14 17:45:00,0.456
2017-04-14 17:30:00,0.467
2017-04-14 17:15:00,0.466
2017-04-14 17:00:00,0.469
2017-04-14 16:45:00,0.459
2017-04-14 16:30:00,0.455
2017-04-14 16:15:00,0.464
2017-04-14 16:00:00,0.466
2017-04-14 15:45:00,0.466
2017-04-14 15:30:00,0.471
2017-04-14 15:15:00,0.474
2017-04-14 15:00:00,0.475
2017-04-14 14:45:00,0.479
2017-04-14 14:30:00,0.488
2017-04-14 14:15:00,0.498
2017-04-14 14:00:00,0.508
2017-04-14 13:45:00,0.526
2017-04-14 13:30:00,0.559
2017-04-14 13:15:00,29.136
2017-04-14 13:00:00,106.662
2017-04-14 12:45:00,106.602
2017-04-14 12:30:00,106.635
2017-04-14 12:15:00,106.744
2017-04-14 12:00:00,106.865
2017-04-14 11:45:00,107.04
2017-04-14 11:30:00,107.177
2017-04-14 11:15:00,107.285
2017-04-14 11:00:00,60.054
2017-04-14 10:45:00,87.799
2017-04-14 10:30:00,105.685
2017-04-14 10:15:00,99.204
2017-04-14 10:00:00,92.114
2017-04-14 09:45:00,58.76
2017-04-14 09:30:00,9.371
2017-04-14 09:15:00,16.832
2017-04-14 09:00:00,12.058
2017-04-14 08:45:00,-26.632
2017-04-14 08:30:00,-35.507
2017-04-14 08:15:00,-4.879
2017-04-14 08:00:00,1.224
2017-04-14 07:45:00,-5.865
2017-04-14 07:30:00,-12.317
2017-04-14 07:15:00,-31.673
2017-04-14 07:00:00,-29.464
2017-04-14 06:45:00,-34.027
2017-04-14 06:30:00,-35.627
2017-04-14 06:15:00,-32.585
2017-04-14 06:00:00,-31.941
2017-04-14 05:45:00,-31.882
2017-04-14 05:30:00,-31.195
2017-04-14 05:15:00,-24.481
2017-04-14 05:00:00,-14.231
2017-04-14 04:45:00,-15.464
2017-04-14 04:30:00,-14.036
2017-04-14 04:15:00,-14.021
2017-04-14 04:00:00,-13.669
2017-04-14 03:45:00,-13.978
2017-04-14 03:30:00,-14.208
2017-04-14 03:15:00,-14.166
2017-04-14 03:00:00,-15.645
2017-04-14 02:45:00,-14.991
2017-04-14 02:30:00,-13.324
2017-04-14 02:15:00,-13.76
2017-04-14 02:00:00,-13.592
2017-04-14 01:45:00,-13.846
2017-04-14 01:30:00,-15.135
2017-04-14 01:15:00,-14.508
2017-04-14 01:00:00,-16.371
2017-04-14 00:45:00,-16.226
2017-04-14 00:30:00,-16.34
2017-04-14 00:15:00,-17.096
2017-04-14 00:00:00,-18.307
2017-04-13 23:45:00,-17.925
2017-04-13 23:30:00,-19.636
2017-04-13 23:15:00,-19.086
2017-04-13 23:00:00,-20.995
2017-04-13 22:45:00,-19.723
2017-04-13 22:30:00,-20.244
2017-04-13 22:15:00,-19.879
2017-04-13 22:00:00,-20.098
2017-04-13 21:45:00,-18.835
2017-04-13 21:30:00,-20.835
2017-04-13 21:15:00,-20.313
2017-04-13 21:00:00,-20.897
2017-04-13 20:45:00,-21.57
2017-04-13 20:30:00,-21.439
2017-04-13 20:15:00,-25.149
2017-04-13 20:00:00,-31.383
2017-04-13 19:45:00,-40.799
2017-04-13 19:30:00,-47.374
2017-04-13 19:15:00,-41.97
2017-04-13 19:00:00,-25.825
2017-04-13 18:45:00,-20.519
2017-04-13 18:30:00,-8.214
2017-04-13 18:15:00,-6.897
2017-04-13 18:00:00,-7.037
2017-04-13 17:45:00,-5.844
2017-04-13 17:30:00,2.505
2017-04-13 17:15:00,2.006
2017-04-13 17:00:00,0.606
2017-04-13 16:45:00,0.759
2017-04-13 16:30:00,0.223
2017-04-13 16:15:00,0.468
2017-04-13 16:00:00,0.466
2017-04-13 15:45:00,1.495
2017-04-13 15:30:00,0.46
2017-04-13 15:15:00,0.456
2017-04-13 15:00:00,1.607
2017-04-13 14:45:00,0.463
2017-04-13 14:30:00,0.462
2017-04-13 14:15:00,1.567
2017-04-13 14:00:00,0.476
2017-04-13 13:45:00,1.279
2017-04-13 13:30:00,1.513
2017-04-13 13:15:00,1.604
2017-04-13 13:00:00,4.562
2017-04-13 12:45:00,7.32
2017-04-13 12:30:00,69.536
2017-04-13 12:15:00,106.542
2017-04-13 12:00:00,102.463
2017-04-13 11:45:00,57.711
2017-04-13 11:30:00,88.692
2017-04-13 11:15:00,103.235
2017-04-13 11:00:00,107.162
2017-04-13 10:45:00,107.174
2017-04-13 10:30:00,101.144
2017-04-13 10:15:00,107.296
2017-04-13 10:00:00,93.53
2017-04-13 09:45:00,84.904
2017-04-13 09:30:00,65.13
2017-04-13 09:15:00,26.431
2017-04-13 09:00:00,28.978
2017-04-13 08:45:00,47.427
2017-04-13 08:30:00,4.695
2017-04-13 08:15:00,-27.09
2017-04-13 08:00:00,-33.321
2017-04-13 07:45:00,-38.776
2017-04-13 07:30:00,-17.674
2017-04-13 07:15:00,-26.266
2017-04-13 07:00:00,-30.881
2017-04-13 06:45:00,-32.177
2017-04-13 06:30:00,-32.422
2017-04-13 06:15:00,-30.982
2017-04-13 06:00:00,-30.648
2017-04-13 05:45:00,-32.231
2017-04-13 05:30:00,-31.824
2017-04-13 05:15:00,-19.269
2017-04-13 05:00:00,-15.723
2017-04-13 04:45:00,-14.959
2017-04-13 04:30:00,-14.254
2017-04-13 04:15:00,-15.556
2017-04-13 04:00:00,-17.575
2017-04-13 03:45:00,-14.938
2017-04-13 03:30:00,-16.41
2017-04-13 03:15:00,-16.004
2017-04-13 03:00:00,-18.069
2017-04-13 02:45:00,-16.326
2017-04-13 02:30:00,-17.67
2017-04-13 02:15:00,-16.815
2017-04-13 02:00:00,-19.504
2017-04-13 01:45:00,-16.828
2017-04-13 01:30:00,-17.304
2017-04-13 01:15:00,-17.312
2017-04-13 01:00:00,-17.591
2017-04-13 00:45:00,-16.787
2017-04-13 00:30:00,-17.511
2017-04-13 00:15:00,-17.006
2017-04-13 00:00:00,-19.355
2017-04-12 23:45:00,-19.103
2017-04-12 23:30:00,-19.146
2017-04-12 23:15:00,-16.433
2017-04-12 23:00:00,-18.312
2017-04-12 22:45:00,-18.163
2017-04-12 22:30:00,-17.95
2017-04-12 22:15:00,-18.017
2017-04-12 22:00:00,-19.717
2017-04-12 21:45:00,-18.622
2017-04-12 21:30:00,-20.18
2017-04-12 21:15:00,-21.78
2017-04-12 21:00:00,-22.869
2017-04-12 20:45:00,-22.825
2017-04-12 20:30:00,-22.551
2017-04-12 20:15:00,-24.781
2017-04-12 20:00:00,-29.467
2017-04-12 19:45:00,-28.928
2017-04-12 19:30:00,-31.56
2017-04-12 19:15:00,-33.445
2017-04-12 19:00:00,-27.984
2017-04-12 18:45:00,-22.228
2017-04-12 18:30:00,-11.931
2017-04-12 18:15:00,-15.949
2017-04-12 18:00:00,-2.182
2017-04-12 17:45:00,0.46
2017-04-12 17:30:00,0.46
2017-04-12 17:15:00,0.457
2017-04-12 17:00:00,0.46
2017-04-12 16:45:00,0.455
2017-04-12 16:30:00,0.46
2017-04-12 16:15:00,0.463
2017-04-12 16:00:00,0.468
2017-04-12 15:45:00,0.475
2017-04-12 15:30:00,0.473
2017-04-12 15:15:00,0.472
2017-04-12 15:00:00,0.476
2017-04-12 14:45:00,0.481
2017-04-12 14:30:00,0.485
2017-04-12 14:15:00,-0.21
2017-04-12 14:00:00,-0.074
2017-04-12 13:45:00,-0.368
2017-04-12 13:30:00,0.475
2017-04-12 13:15:00,0.485
2017-04-12 13:00:00,0.508
2017-04-12 12:45:00,0.525
2017-04-12 12:30:00,0.587
2017-04-12 12:15:00,66.997
2017-04-12 12:00:00,87.845
2017-04-12 11:45:00,84.812
2017-04-12 11:30:00,82.632
2017-04-12 11:15:00,128.051
2017-04-12 11:00:00,144.838
2017-04-12 10:45:00,141.112
2017-04-12 10:30:00,133.148
2017-04-12 10:15:00,125.804
2017-04-12 10:00:00,118.721
2017-04-12 09:45:00,109.313
2017-04-12 09:30:00,95.328
2017-04-12 09:15:00,81.166
2017-04-12 09:00:00,67.241
2017-04-12 08:45:00,49.26
2017-04-12 08:30:00,33.397
2017-04-12 08:15:00,20.19
2017-04-12 08:00:00,11.32
2017-04-12 07:45:00,2.493
2017-04-12 07:30:00,-16.686
2017-04-12 07:15:00,-22.771
2017-04-12 07:00:00,-34.096
2017-04-12 06:45:00,-37.869
2017-04-12 06:30:00,-37.63
2017-04-12 06:15:00,-36.397
2017-04-12 06:00:00,-37.765
2017-04-12 05:45:00,-49.085
2017-04-12 05:30:00,-52.917
2017-04-12 05:15:00,-26.678
2017-04-12 05:00:00,-18.583
2017-04-12 04:45:00,-19.056
2017-04-12 04:30:00,-19.511
2017-04-12 04:15:00,-17.483
2017-04-12 04:00:00,-18.365
2017-04-12 03:45:00,-18.1
2017-04-12 03:30:00,-18.577
2017-04-12 03:15:00,-17.541
2017-04-12 03:00:00,-18.985
2017-04-12 02:45:00,-18.564
2017-04-12 02:30:00,-17.175
2017-04-12 02:15:00,-19.509
2017-04-12 02:00:00,-18.752
2017-04-12 01:45:00,-19.253
2017-04-12 01:30:00,-17.799
2017-04-12 01:15:00,-18.109
2017-04-12 01:00:00,-18.096
2017-04-12 00:45:00,-19.081
2017-04-12 00:30:00,-17.734
2017-04-12 00:15:00,-18.796
2017-04-12 00:00:00,-19.302
2017-04-11 23:45:00,-18.462
2017-04-11 23:30:00,-20.027
2017-04-11 23:15:00,-17.587
2017-04-11 23:00:00,-20.433
2017-04-11 22:45:00,-17.835
2017-04-11 22:30:00,-20.305
2017-04-11 22:15:00,-19.184
2017-04-11 22:00:00,-21.779
2017-04-11 21:45:00,-21.466
2017-04-11 21:30:00,-22.842
2017-04-11 21:15:00,-21.743
2017-04-11 21:00:00,-23.328
2017-04-11 20:45:00,-23.312
2017-04-11 20:30:00,-22.522
2017-04-11 20:15:00,-30.55
2017-04-11 20:00:00,-36.479
2017-04-11 19:45:00,-37.563
2017-04-11 19:30:00,-36.874
2017-04-11 19:15:00,-36.416
2017-04-11 19:00:00,-31.533
2017-04-11 18:45:00,-24.985
2017-04-11 18:30:00,-19.544
2017-04-11 18:15:00,-10.044
2017-04-11 18:00:00,-11.632
2017-04-11 17:45:00,0.803
2017-04-11 17:30:00,1.863
2017-04-11 17:15:00,1.58
2017-04-11 17:00:00,2.201
2017-04-11 16:45:00,2.06
2017-04-11 16:30:00,2.034
2017-04-11 16:15:00,1.582
2017-04-11 16:00:00,2.13
2017-04-11 15:45:00,2.091
2017-04-11 15:30:00,1.591
2017-04-11 15:15:00,2.511
2017-04-11 15:00:00,2.097
2017-04-11 14:45:00,2.456
2017-04-11 14:30:00,2.198
2017-04-11 14:15:00,2.399
2017-04-11 14:00:00,2.276
2017-04-11 13:45:00,3.357
2017-04-11 13:30:00,4.089
2017-04-11 13:15:00,5.975
2017-04-11 13:00:00,12.145
2017-04-11 12:45:00,140.611
2017-04-11 12:30:00,140.407
2017-04-11 12:15:00,82.592
2017-04-11 12:00:00,62.677
2017-04-11 11:45:00,53.341
2017-04-11 11:30:00,90.549
2017-04-11 11:15:00,121.997
2017-04-11 11:00:00,90.452
2017-04-11 10:45:00,87.215
2017-04-11 10:30:00,82.685
2017-04-11 10:15:00,71.651
2017-04-11 10:00:00,70.955
2017-04-11 09:45:00,79.581
2017-04-11 09:30:00,71.516
2017-04-11 09:15:00,51.096
2017-04-11 09:00:00,44.219
2017-04-11 08:45:00,31.167
2017-04-11 08:30:00,9.775
2017-04-11 08:15:00,2.365
2017-04-11 08:00:00,1.977
2017-04-11 07:45:00,-6.182
2017-04-11 07:30:00,-19.997
2017-04-11 07:15:00,-19.019
2017-04-11 07:00:00,-26.495
2017-04-11 06:45:00,-47.406
2017-04-11 06:30:00,-51.059
2017-04-11 06:15:00,-46.916
2017-04-11 06:00:00,-36.779
2017-04-11 05:45:00,-36.825
2017-04-11 05:30:00,-35.283
2017-04-11 05:15:00,-20.368
2017-04-11 05:00:00,-32.886
2017-04-11 04:45:00,-33.926
2017-04-11 04:30:00,-24.258
2017-04-11 04:15:00,-16.061
2017-04-11 04:00:00,-16.692
2017-04-11 03:45:00,-16.346
2017-04-11 03:30:00,-18.513
2017-04-11 03:15:00,-16.705
2017-04-11 03:00:00,-16.933
2017-04-11 02:45:00,-16.536
2017-04-11 02:30:00,-18.799
2017-04-11 02:15:00,-17.709
2017-04-11 02:00:00,-16.782
2017-04-11 01:45:00,-16.953
2017-04-11 01:30:00,-17.462
2017-04-11 01:15:00,-17.513
2017-04-11 01:00:00,-16.974
2017-04-11 00:45:00,-17.784
2017-04-11 00:30:00,-16.892
2017-04-11 00:15:00,-17.424
2017-04-11 00:00:00,-16.835
2017-04-10 23:45:00,-17.622
2017-04-10 23:30:00,-18.681
2017-04-10 23:15:00,-17.605
2017-04-10 23:00:00,-17.239
2017-04-10 22:45:00,-19.168
2017-04-10 22:30:00,-18.708
2017-04-10 22:15:00,-18.449
2017-04-10 22:00:00,-19.72
2017-04-10 21:45:00,-20.098
2017-04-10 21:30:00,-21.396
2017-04-10 21:15:00,-21.401
2017-04-10 21:00:00,-22.761
2017-04-10 20:45:00,-22.014
2017-04-10 20:30:00,-22.132
2017-04-10 20:15:00,-24.553
2017-04-10 20:00:00,-27.818
2017-04-10 19:45:00,-28.205
2017-04-10 19:30:00,-30.977
2017-04-10 19:15:00,-33.19
2017-04-10 19:00:00,-24.092
2017-04-10 18:45:00,-18.354
2017-04-10 18:30:00,-18.082
2017-04-10 18:15:00,-22.972
2017-04-10 18:00:00,-7.379
2017-04-10 17:45:00,2.316
2017-04-10 17:30:00,2.318
2017-04-10 17:15:00,2.323
2017-04-10 17:00:00,2.324
2017-04-10 16:45:00,2.332
2017-04-10 16:30:00,2.342
2017-04-10 16:15:00,2.351
2017-04-10 16:00:00,2.359
2017-04-10 15:45:00,2.359
2017-04-10 15:30:00,2.365
2017-04-10 15:15:00,2.358
2017-04-10 15:00:00,2.362
2017-04-10 14:45:00,2.362
2017-04-10 14:30:00,2.365
2017-04-10 14:15:00,2.376
2017-04-10 14:00:00,2.383
2017-04-10 13:45:00,2.391
2017-04-10 13:30:00,2.39
2017-04-10 13:15:00,2.391
2017-04-10 13:00:00,2.39
2017-04-10 12:45:00,2.385
2017-04-10 12:30:00,2.412
2017-04-10 12:15:00,2.423
2017-04-10 12:00:00,2.493
2017-04-10 11:45:00,48.416
2017-04-10 11:30:00,151.365
2017-04-10 11:15:00,143.907
2017-04-10 11:00:00,128.391
2017-04-10 10:45:00,107.245
2017-04-10 10:30:00,130.169
2017-04-10 10:15:00,130.098
2017-04-10 10:00:00,120.863
2017-04-10 09:45:00,108.654
2017-04-10 09:30:00,100.53
2017-04-10 09:15:00,85.915
2017-04-10 09:00:00,72.382
2017-04-10 08:45:00,56.934
2017-04-10 08:30:00,41.246
2017-04-10 08:15:00,23.579
2017-04-10 08:00:00,6.557
2017-04-10 07:45:00,1.886
2017-04-10 07:30:00,-21.046
2017-04-10 07:15:00,-28.493
2017-04-10 07:00:00,-38.669
2017-04-10 06:45:00,-50.327
2017-04-10 06:30:00,-37.973
2017-04-10 06:15:00,-36.715
2017-04-10 06:00:00,-36.665
2017-04-10 05:45:00,-37.929
2017-04-10 05:30:00,-50.467
2017-04-10 05:15:00,-38.726
2017-04-10 05:00:00,-32.49
2017-04-10 04:45:00,-20.473
2017-04-10 04:30:00,-17.003
2017-04-10 04:15:00,-17.2
2017-04-10 04:00:00,-16.609
2017-04-10 03:45:00,-16.691
2017-04-10 03:30:00,-32.867
2017-04-10 03:15:00,-33.413
2017-04-10 03:00:00,-23.887
2017-04-10 02:45:00,-17.896
2017-04-10 02:30:00,-18.281
2017-04-10 02:15:00,-16.11
2017-04-10 02:00:00,-17.654
2017-04-10 01:45:00,-16.706
2017-04-10 01:30:00,-16.597
2017-04-10 01:15:00,-17.41
2017-04-10 01:00:00,-16.952
2017-04-10 00:45:00,-18.304
2017-04-10 00:30:00,-16.237
2017-04-10 00:15:00,-17.284
2017-04-10 00:00:00,-17.765
2017-04-09 23:45:00,-17.331
2017-04-09 23:30:00,-18.916
2017-04-09 23:15:00,-18.357
2017-04-09 23:00:00,-17.581
2017-04-09 22:45:00,-17.914
2017-04-09 22:30:00,-17.512
2017-04-09 22:15:00,-18.529
2017-04-09 22:00:00,-19.136
2017-04-09 21:45:00,-19.386
2017-04-09 21:30:00,-19.651
2017-04-09 21:15:00,-19.432
2017-04-09 21:00:00,-21.005
2017-04-09 20:45:00,-21.443
2017-04-09 20:30:00,-21.022
2017-04-09 20:15:00,-20.618
2017-04-09 20:00:00,-20.344
2017-04-09 19:45:00,-21.665
2017-04-09 19:30:00,-22.3
2017-04-09 19:15:00,-20.765
2017-04-09 19:00:00,-15.968
2017-04-09 18:45:00,-9.598
2017-04-09 18:30:00,-4.456
2017-04-09 18:15:00,-1.417
2017-04-09 18:00:00,2.334
2017-04-09 17:45:00,2.337
2017-04-09 17:30:00,2.341
2017-04-09 17:15:00,2.343
2017-04-09 17:00:00,2.343
2017-04-09 16:45:00,2.354
2017-04-09 16:30:00,2.349
2017-04-09 16:15:00,2.354
2017-04-09 16:00:00,2.35
2017-04-09 15:45:00,2.351
2017-04-09 15:30:00,2.35
2017-04-09 15:15:00,2.343
2017-04-09 15:00:00,2.343
2017-04-09 14:45:00,2.345
2017-04-09 14:30:00,2.354
2017-04-09 14:15:00,2.347
2017-04-09 14:00:00,2.346
2017-04-09 13:45:00,2.345
2017-04-09 13:30:00,2.368
2017-04-09 13:15:00,2.367
2017-04-09 13:00:00,2.374
2017-04-09 12:45:00,2.386
2017-04-09 12:30:00,2.391
2017-04-09 12:15:00,2.398
2017-04-09 12:00:00,2.397
2017-04-09 11:45:00,2.413
2017-04-09 11:30:00,2.464
2017-04-09 11:15:00,2.571
2017-04-09 11:00:00,64.956
2017-04-09 10:45:00,170.866
2017-04-09 10:30:00,164.465
2017-04-09 10:15:00,123.553
2017-04-09 10:00:00,91.802
2017-04-09 09:45:00,127.17
2017-04-09 09:30:00,125.659
2017-04-09 09:15:00,113.689
2017-04-09 09:00:00,86.929
2017-04-09 08:45:00,77.692
2017-04-09 08:30:00,50.927
2017-04-09 08:15:00,19.79
2017-04-09 08:00:00,-0.214
2017-04-09 07:45:00,4.718
2017-04-09 07:30:00,-14.206
2017-04-09 07:15:00,-8.288
2017-04-09 07:00:00,-15.275
2017-04-09 06:45:00,-15.559
2017-04-09 06:30:00,-17.266
2017-04-09 06:15:00,-32.515
2017-04-09 06:00:00,-32.814
2017-04-09 05:45:00,-28.941
2017-04-09 05:30:00,-16.528
2017-04-09 05:15:00,-18.243
2017-04-09 05:00:00,-17.539
2017-04-09 04:45:00,-31.993
2017-04-09 04:30:00,-31.961
2017-04-09 04:15:00,-30.407
2017-04-09 04:00:00,-16.72
2017-04-09 03:45:00,-16.542
2017-04-09 03:30:00,-16.998
2017-04-09 03:15:00,-23.42
2017-04-09 03:00:00,-33.632
2017-04-09 02:45:00,-33.291
2017-04-09 02:30:00,-21.15
2017-04-09 02:15:00,-17.839
2017-04-09 02:00:00,-18.533
2017-04-09 01:45:00,-16.364
2017-04-09 01:30:00,-17.228
2017-04-09 01:15:00,-16.901
2017-04-09 01:00:00,-16.314
2017-04-09 00:45:00,-17.534
2017-04-09 00:30:00,-16.389
2017-04-09 00:15:00,-18.467
2017-04-09 00:00:00,-18.017
2017-04-08 23:45:00,-17.08
2017-04-08 23:30:00,-16.519
2017-04-08 23:15:00,-16.804
2017-04-08 23:00:00,-17.785
2017-04-08 22:45:00,-17.255
2017-04-08 22:30:00,-17.226
2017-04-08 22:15:00,-17.655
2017-04-08 22:00:00,-17.703
2017-04-08 21:45:00,-17.743
2017-04-08 21:30:00,-18.206
2017-04-08 21:15:00,-17.633
2017-04-08 21:00:00,-16.878
2017-04-08 20:45:00,-17.385
2017-04-08 20:30:00,-17.019
2017-04-08 20:15:00,-19.551
2017-04-08 20:00:00,-18.409
2017-04-08 19:45:00,-20.832
2017-04-08 19:30:00,-22.985
2017-04-08 19:15:00,-22.987
2017-04-08 19:00:00,-16.509
2017-04-08 18:45:00,-10.066
2017-04-08 18:30:00,-0.877
2017-04-08 18:15:00,2.336
2017-04-08 18:00:00,2.341
2017-04-08 17:45:00,2.335
2017-04-08 17:30:00,2.342
2017-04-08 17:15:00,2.337
2017-04-08 17:00:00,2.336
2017-04-08 16:45:00,2.342
2017-04-08 16:30:00,2.34
2017-04-08 16:15:00,2.35
2017-04-08 16:00:00,2.346
2017-04-08 15:45:00,2.351
2017-04-08 15:30:00,2.352
2017-04-08 15:15:00,2.34
2017-04-08 15:00:00,2.349
2017-04-08 14:45:00,2.355
2017-04-08 14:30:00,2.357
2017-04-08 14:15:00,2.358
2017-04-08 14:00:00,2.359
2017-04-08 13:45:00,2.358
2017-04-08 13:30:00,2.361
2017-04-08 13:15:00,2.364
2017-04-08 13:00:00,2.362
2017-04-08 12:45:00,2.352
2017-04-08 12:30:00,2.351
2017-04-08 12:15:00,2.348
2017-04-08 12:00:00,2.34
2017-04-08 11:45:00,2.342
2017-04-08 11:30:00,2.336
2017-04-08 11:15:00,2.336
2017-04-08 11:00:00,2.334
2017-04-08 10:45:00,2.335
2017-04-08 10:30:00,2.332
2017-04-08 10:15:00,2.331
2017-04-08 10:00:00,2.328
2017-04-08 09:45:00,2.319
2017-04-08 09:30:00,2.324
2017-04-08 09:15:00,2.323
2017-04-08 09:00:00,2.326
2017-04-08 08:45:00,2.336
2017-04-08 08:30:00,2.352
2017-04-08 08:15:00,2.352
2017-04-08 08:00:00,2.342
2017-04-08 07:45:00,2.323
2017-04-08 07:30:00,2.323
2017-04-08 07:15:00,2.326
2017-04-08 07:00:00,2.319
2017-04-08 06:45:00,2.317
2017-04-08 06:30:00,2.304
2017-04-08 06:15:00,2.307
2017-04-08 06:00:00,2.3
2017-04-08 05:45:00,2.296
2017-04-08 05:30:00,2.297
2017-04-08 05:15:00,2.303
2017-04-08 05:00:00,2.302
2017-04-08 04:45:00,2.301
2017-04-08 04:30:00,2.298
2017-04-08 04:15:00,2.298
2017-04-08 04:00:00,2.286
2017-04-08 03:45:00,2.282
2017-04-08 03:30:00,2.285
2017-04-08 03:15:00,2.284
2017-04-08 03:00:00,2.282
2017-04-08 02:45:00,2.284
2017-04-08 02:30:00,2.278
2017-04-08 02:15:00,2.276
2017-04-08 02:00:00,2.271
2017-04-08 01:45:00,2.271
2017-04-08 01:30:00,2.284
2017-04-08 01:15:00,2.277
2017-04-08 01:00:00,2.272
2017-04-08 00:45:00,2.282
2017-04-08 00:30:00,2.285
2017-04-08 00:15:00,2.288
2017-04-08 00:00:00,2.293
2017-04-07 23:45:00,2.3
2017-04-07 23:30:00,2.295
2017-04-07 23:15:00,2.279
2017-04-07 23:00:00,2.28
2017-04-07 22:45:00,2.282
2017-04-07 22:30:00,2.287
2017-04-07 22:15:00,2.283
2017-04-07 22:00:00,2.278
2017-04-07 21:45:00,2.277
2017-04-07 21:30:00,2.278
2017-04-07 21:15:00,2.252
2017-04-07 21:00:00,2.266
2017-04-07 20:45:00,2.269
2017-04-07 20:30:00,2.348
2017-04-07 20:15:00,2.35
2017-04-07 20:00:00,1.7
2017-04-07 19:45:00,0.9
2017-04-07 19:30:00,-0.655
2017-04-07 19:15:00,0.67
2017-04-07 19:00:00,2.069
2017-04-07 18:45:00,2.242
2017-04-07 18:30:00,2.211
2017-04-07 18:15:00,2.358
2017-04-07 18:00:00,2.357
2017-04-07 17:45:00,2.354
2017-04-07 17:30:00,2.353
2017-04-07 17:15:00,2.359
2017-04-07 17:00:00,2.363
2017-04-07 16:45:00,2.366
2017-04-07 16:30:00,2.37
2017-04-07 16:15:00,2.36
2017-04-07 16:00:00,2.373
2017-04-07 15:45:00,2.364
2017-04-07 15:30:00,2.375
2017-04-07 15:15:00,2.361
2017-04-07 15:00:00,2.378
2017-04-07 14:45:00,2.375
2017-04-07 14:30:00,2.394
2017-04-07 14:15:00,2.389
2017-04-07 14:00:00,2.408
2017-04-07 13:45:00,2.404
2017-04-07 13:30:00,2.427
2017-04-07 13:15:00,2.422
2017-04-07 13:00:00,2.436
2017-04-07 12:45:00,2.435
2017-04-07 12:30:00,2.454
2017-04-07 12:15:00,2.501
2017-04-07 12:00:00,26.053
2017-04-07 11:45:00,111.431
2017-04-07 11:30:00,126.807
2017-04-07 11:15:00,106.798
2017-04-07 11:00:00,128.903
2017-04-07 10:45:00,140.897
2017-04-07 10:30:00,137.385
2017-04-07 10:15:00,135.002
2017-04-07 10:00:00,124.194
2017-04-07 09:45:00,118.478
2017-04-07 09:30:00,110.064
2017-04-07 09:15:00,71.586
2017-04-07 09:00:00,78.501
2017-04-07 08:45:00,59.118
2017-04-07 08:30:00,43.897
2017-04-07 08:15:00,28.856
2017-04-07 08:00:00,7.939
2017-04-07 07:45:00,3.287
2017-04-07 07:30:00,-0.002
2017-04-07 07:15:00,-11.457
2017-04-07 07:00:00,-11.959
2017-04-07 06:45:00,-17.653
2017-04-07 06:30:00,-19.333
2017-04-07 06:15:00,-25.929
2017-04-07 06:00:00,-27.899
2017-04-07 05:45:00,-29.426
2017-04-07 05:30:00,-29.978
2017-04-07 05:15:00,-16.167
2017-04-07 05:00:00,-10.736
2017-04-07 04:45:00,-11.798
2017-04-07 04:30:00,-10.378
2017-04-07 04:15:00,-9.652
2017-04-07 04:00:00,-11.236
2017-04-07 03:45:00,-11.738
2017-04-07 03:30:00,-9.782
2017-04-07 03:15:00,-13.242
2017-04-07 03:00:00,-10.893
2017-04-07 02:45:00,-11.263
2017-04-07 02:30:00,-10.272
2017-04-07 02:15:00,-10.682
2017-04-07 02:00:00,-11.345
2017-04-07 01:45:00,-9.897
2017-04-07 01:30:00,-9.188
2017-04-07 01:15:00,-11.49
2017-04-07 01:00:00,-12.616
2017-04-07 00:45:00,-11.642
2017-04-07 00:30:00,-11.542
2017-04-07 00:15:00,-12.151
2017-04-07 00:00:00,-11.866
2017-04-06 23:45:00,-12.256
2017-04-06 23:30:00,-12.755
2017-04-06 23:15:00,-13.365
2017-04-06 23:00:00,-22.241
2017-04-06 22:45:00,-27.226
2017-04-06 22:30:00,-21.923
2017-04-06 22:15:00,-15.389
2017-04-06 22:00:00,-14.99
2017-04-06 21:45:00,-16.373
2017-04-06 21:30:00,-17.022
2017-04-06 21:15:00,-16.757
2017-04-06 21:00:00,-18.112
2017-04-06 20:45:00,-30.428
2017-04-06 20:30:00,-30.872
2017-04-06 20:15:00,-38.72
2017-04-06 20:00:00,-57.696
2017-04-06 19:45:00,-58.364
2017-04-06 19:30:00,-60.967
2017-04-06 19:15:00,-62.339
2017-04-06 19:00:00,-62.729
2017-04-06 18:45:00,-55.26
2017-04-06 18:30:00,-50.205
2017-04-06 18:15:00,-51.837
2017-04-06 18:00:00,-41.687
2017-04-06 17:45:00,-32.994
2017-04-06 17:30:00,-27.396
2017-04-06 17:15:00,-13.009
2017-04-06 17:00:00,-14.89
2017-04-06 16:45:00,0.087
2017-04-06 16:30:00,2.362
2017-04-06 16:15:00,2.371
2017-04-06 16:00:00,2.361
2017-04-06 15:45:00,2.377
2017-04-06 15:30:00,2.385
2017-04-06 15:15:00,2.378
2017-04-06 15:00:00,2.396
2017-04-06 14:45:00,2.392
2017-04-06 14:30:00,2.411
2017-04-06 14:15:00,2.413
2017-04-06 14:00:00,2.422
2017-04-06 13:45:00,2.433
2017-04-06 13:30:00,2.431
2017-04-06 13:15:00,2.46
2017-04-06 13:00:00,2.502
2017-04-06 12:45:00,2.651
2017-04-06 12:30:00,80.946
2017-04-06 12:15:00,143.139
2017-04-06 12:00:00,133.668
2017-04-06 11:45:00,131.395
2017-04-06 11:30:00,127.43
2017-04-06 11:15:00,134.053
2017-04-06 11:00:00,127.739
2017-04-06 10:45:00,122.0
2017-04-06 10:30:00,112.951
2017-04-06 10:15:00,109.442
2017-04-06 10:00:00,99.858
2017-04-06 09:45:00,91.497
2017-04-06 09:30:00,90.827
2017-04-06 09:15:00,34.421
2017-04-06 09:00:00,-11.122
2017-04-06 08:45:00,-19.98
2017-04-06 08:30:00,-17.311
2017-04-06 08:15:00,-47.029
2017-04-06 08:00:00,-31.515
2017-04-06 07:45:00,-33.17
2017-04-06 07:30:00,-19.837
2017-04-06 07:15:00,-23.435
2017-04-06 07:00:00,-30.841
2017-04-06 06:45:00,-32.009
2017-04-06 06:30:00,-31.414
2017-04-06 06:15:00,-30.095
2017-04-06 06:00:00,-27.871
2017-04-06 05:45:00,-28.8
2017-04-06 05:30:00,-30.049
2017-04-06 05:15:00,-12.836
2017-04-06 05:00:00,-8.192
2017-04-06 04:45:00,-10.744
2017-04-06 04:30:00,-11.524
2017-04-06 04:15:00,-8.802
2017-04-06 04:00:00,-9.596
2017-04-06 03:45:00,-9.193
2017-04-06 03:30:00,-10.355
2017-04-06 03:15:00,-10.35
2017-04-06 03:00:00,-12.102
2017-04-06 02:45:00,-10.544
2017-04-06 02:30:00,-12.015
2017-04-06 02:15:00,-11.86
2017-04-06 02:00:00,-11.414
2017-04-06 01:45:00,-14.311
2017-04-06 01:30:00,-15.943
2017-04-06 01:15:00,-12.484
2017-04-06 01:00:00,-13.389
2017-04-06 00:45:00,-15.61
2017-04-06 00:30:00,-15.719
2017-04-06 00:15:00,-14.014
2017-04-06 00:00:00,-15.916
2017-04-05 23:45:00,-15.482
2017-04-05 23:30:00,-15.375
2017-04-05 23:15:00,-16.043
2017-04-05 23:00:00,-15.746
2017-04-05 22:45:00,-16.054
2017-04-05 22:30:00,-15.863
2017-04-05 22:15:00,-16.834
2017-04-05 22:00:00,-19.45
2017-04-05 21:45:00,-17.928
2017-04-05 21:30:00,-19.658
2017-04-05 21:15:00,-20.671
2017-04-05 21:00:00,-20.861
2017-04-05 20:45:00,-22.016
2017-04-05 20:30:00,-22.99
2017-04-05 20:15:00,-26.749
2017-04-05 20:00:00,-33.651
2017-04-05 19:45:00,-34.374
2017-04-05 19:30:00,-35.329
2017-04-05 19:15:00,-33.525
2017-04-05 19:00:00,-32.169
2017-04-05 18:45:00,-41.188
2017-04-05 18:30:00,-34.415
2017-04-05 18:15:00,-23.259
2017-04-05 18:00:00,-30.329
2017-04-05 17:45:00,-12.4
2017-04-05 17:30:00,2.322
2017-04-05 17:15:00,2.331
2017-04-05 17:00:00,2.349
2017-04-05 16:45:00,2.338
2017-04-05 16:30:00,2.35
2017-04-05 16:15:00,2.341
2017-04-05 16:00:00,2.358
2017-04-05 15:45:00,2.353
2017-04-05 15:30:00,2.367
2017-04-05 15:15:00,2.36
2017-04-05 15:00:00,2.366
2017-04-05 14:45:00,2.375
2017-04-05 14:30:00,2.373
2017-04-05 14:15:00,2.386
2017-04-05 14:00:00,2.375
2017-04-05 13:45:00,2.397
2017-04-05 13:30:00,2.406
2017-04-05 13:15:00,2.422
2017-04-05 13:00:00,2.411
2017-04-05 12:45:00,2.415
2017-04-05 12:30:00,2.43
2017-04-05 12:15:00,2.463
2017-04-05 12:00:00,2.571
2017-04-05 11:45:00,46.573
2017-04-05 11:30:00,163.26
2017-04-05 11:15:00,156.693
2017-04-05 11:00:00,144.13
2017-04-05 10:45:00,138.151
2017-04-05 10:30:00,126.159
2017-04-05 10:15:00,124.156
2017-04-05 10:00:00,117.16
2017-04-05 09:45:00,106.599
2017-04-05 09:30:00,92.836
2017-04-05 09:15:00,81.1
2017-04-05 09:00:00,66.86
2017-04-05 08:45:00,57.784
2017-04-05 08:30:00,48.09
2017-04-05 08:15:00,28.84
2017-04-05 08:00:00,12.229
2017-04-05 07:45:00,10.967
2017-04-05 07:30:00,7.635
2017-04-05 07:15:00,-6.313
2017-04-05 07:00:00,-19.181
2017-04-05 06:45:00,-29.533
2017-04-05 06:30:00,-24.634
2017-04-05 06:15:00,-29.369
2017-04-05 06:00:00,-35.404
2017-04-05 05:45:00,-35.213
2017-04-05 05:30:00,-39.234
2017-04-05 05:15:00,-26.579
2017-04-05 05:00:00,-19.647
2017-04-05 04:45:00,-19.959
2017-04-05 04:30:00,-19.7
2017-04-05 04:15:00,-19.984
2017-04-05 04:00:00,-21.57
2017-04-05 03:45:00,-20.283
2017-04-05 03:30:00,-18.979
2017-04-05 03:15:00,-20.445
2017-04-05 03:00:00,-19.917
2017-04-05 02:45:00,-19.831
2017-04-05 02:30:00,-21.331
2017-04-05 02:15:00,-20.624
2017-04-05 02:00:00,-20.481
2017-04-05 01:45:00,-21.354
2017-04-05 01:30:00,-20.918
2017-04-05 01:15:00,-19.937
2017-04-05 01:00:00,-21.65
2017-04-05 00:45:00,-20.562
2017-04-05 00:30:00,-21.615
2017-04-05 00:15:00,-24.802
2017-04-05 00:00:00,-22.489
2017-04-04 23:45:00,-21.968
2017-04-04 23:30:00,-23.301
2017-04-04 23:15:00,-24.674
2017-04-04 23:00:00,-24.537
2017-04-04 22:45:00,-25.823
2017-04-04 22:30:00,-26.081
2017-04-04 22:15:00,-25.778
2017-04-04 22:00:00,-27.388
2017-04-04 21:45:00,-25.968
2017-04-04 21:30:00,-26.061
2017-04-04 21:15:00,-26.906
2017-04-04 21:00:00,-26.96
2017-04-04 20:45:00,-26.407
2017-04-04 20:30:00,-26.577
2017-04-04 20:15:00,-29.865
2017-04-04 20:00:00,-32.311
2017-04-04 19:45:00,-32.048
2017-04-04 19:30:00,-33.151
2017-04-04 19:15:00,-33.445
2017-04-04 19:00:00,-26.84
2017-04-04 18:45:00,-22.208
2017-04-04 18:30:00,-25.566
2017-04-04 18:15:00,-16.979
2017-04-04 18:00:00,-1.582
2017-04-04 17:45:00,2.322
2017-04-04 17:30:00,2.312
2017-04-04 17:15:00,2.316
2017-04-04 17:00:00,2.321
2017-04-04 16:45:00,2.321
2017-04-04 16:30:00,2.318
2017-04-04 16:15:00,2.331
2017-04-04 16:00:00,2.338
2017-04-04 15:45:00,2.346
2017-04-04 15:30:00,2.348
2017-04-04 15:15:00,2.362
2017-04-04 15:00:00,2.357
2017-04-04 14:45:00,2.362
2017-04-04 14:30:00,2.365
2017-04-04 14:15:00,2.379
2017-04-04 14:00:00,2.392
2017-04-04 13:45:00,2.383
2017-04-04 13:30:00,2.408
2017-04-04 13:15:00,2.408
2017-04-04 13:00:00,2.411
2017-04-04 12:45:00,2.41
2017-04-04 12:30:00,2.422
2017-04-04 12:15:00,2.437
2017-04-04 12:00:00,2.511
2017-04-04 11:45:00,19.705
2017-04-04 11:30:00,159.058
2017-04-04 11:15:00,158.395
2017-04-04 11:00:00,152.145
2017-04-04 10:45:00,146.456
2017-04-04 10:30:00,136.569
2017-04-04 10:15:00,130.087
2017-04-04 10:00:00,123.871
2017-04-04 09:45:00,109.382
2017-04-04 09:30:00,106.318
2017-04-04 09:15:00,92.448
2017-04-04 09:00:00,76.266
2017-04-04 08:45:00,60.834
2017-04-04 08:30:00,47.842
2017-04-04 08:15:00,25.068
2017-04-04 08:00:00,15.066
2017-04-04 07:45:00,2.498
2017-04-04 07:30:00,1.373
2017-04-04 07:15:00,-15.201
2017-04-04 07:00:00,-20.699
2017-04-04 06:45:00,-20.012
2017-04-04 06:30:00,-21.997
2017-04-04 06:15:00,-28.781
2017-04-04 06:00:00,-29.608
2017-04-04 05:45:00,-30.668
2017-04-04 05:30:00,-36.048
2017-04-04 05:15:00,-22.062
2017-04-04 05:00:00,-18.483
2017-04-04 04:45:00,-19.784
2017-04-04 04:30:00,-19.229
2017-04-04 04:15:00,-19.591
2017-04-04 04:00:00,-21.588
2017-04-04 03:45:00,-20.363
2017-04-04 03:30:00,-18.362
2017-04-04 03:15:00,-19.266
2017-04-04 03:00:00,-19.106
2017-04-04 02:45:00,-20.146
2017-04-04 02:30:00,-19.522
2017-04-04 02:15:00,-21.402
2017-04-04 02:00:00,-21.479
2017-04-04 01:45:00,-19.973
2017-04-04 01:30:00,-19.055
2017-04-04 01:15:00,-19.918
2017-04-04 01:00:00,-21.195
2017-04-04 00:45:00,-18.291
2017-04-04 00:30:00,-20.165
2017-04-04 00:15:00,-20.322
2017-04-04 00:00:00,-18.803
2017-04-03 23:45:00,-21.362
2017-04-03 23:30:00,-20.638
2017-04-03 23:15:00,-20.658
2017-04-03 23:00:00,-20.559
2017-04-03 22:45:00,-22.458
2017-04-03 22:30:00,-23.786
2017-04-03 22:15:00,-23.81
2017-04-03 22:00:00,-23.503
2017-04-03 21:45:00,-26.254
2017-04-03 21:30:00,-23.186
2017-04-03 21:15:00,-24.895
2017-04-03 21:00:00,-27.836
2017-04-03 20:45:00,-24.277
2017-04-03 20:30:00,-24.735
2017-04-03 20:15:00,-27.865
2017-04-03 20:00:00,-30.671
2017-04-03 19:45:00,-30.767
2017-04-03 19:30:00,-31.375
2017-04-03 19:15:00,-31.13
2017-04-03 19:00:00,-26.188
2017-04-03 18:45:00,-25.008
2017-04-03 18:30:00,-20.441
2017-04-03 18:15:00,-9.672
2017-04-03 18:00:00,-16.93
2017-04-03 17:45:00,-23.878
2017-04-03 17:30:00,-14.383
2017-04-03 17:15:00,-15.161
2017-04-03 17:00:00,-4.972
2017-04-03 16:45:00,-0.191
2017-04-03 16:30:00,-8.36
2017-04-03 16:15:00,-13.313
2017-04-03 16:00:00,-0.282
2017-04-03 15:45:00,2.362
2017-04-03 15:30:00,2.367
2017-04-03 15:15:00,2.356
2017-04-03 15:00:00,2.354
2017-04-03 14:45:00,2.358
2017-04-03 14:30:00,2.358
2017-04-03 14:15:00,2.388
2017-04-03 14:00:00,2.395
2017-04-03 13:45:00,2.409
2017-04-03 13:30:00,2.408
2017-04-03 13:15:00,2.417
2017-04-03 13:00:00,2.43
2017-04-03 12:45:00,2.464
2017-04-03 12:30:00,2.558
2017-04-03 12:15:00,28.366
2017-04-03 12:00:00,171.823
2017-04-03 11:45:00,151.575
2017-04-03 11:30:00,145.029
2017-04-03 11:15:00,111.291
2017-04-03 11:00:00,132.156
2017-04-03 10:45:00,137.889
2017-04-03 10:30:00,114.713
2017-04-03 10:15:00,122.041
2017-04-03 10:00:00,113.214
2017-04-03 09:45:00,103.487
2017-04-03 09:30:00,83.844
2017-04-03 09:15:00,24.678
2017-04-03 09:00:00,15.498
2017-04-03 08:45:00,38.051
2017-04-03 08:30:00,8.003
2017-04-03 08:15:00,-13.448
2017-04-03 08:00:00,-25.998
2017-04-03 07:45:00,-37.683
2017-04-03 07:30:00,-35.72
2017-04-03 07:15:00,-32.021
2017-04-03 07:00:00,-31.637
2017-04-03 06:45:00,-32.084
2017-04-03 06:30:00,-31.778
2017-04-03 06:15:00,-34.458
2017-04-03 06:00:00,-31.394
2017-04-03 05:45:00,-31.116
2017-04-03 05:30:00,-32.765
2017-04-03 05:15:00,-16.294
2017-04-03 05:00:00,-12.22
2017-04-03 04:45:00,-14.84
2017-04-03 04:30:00,-13.989
2017-04-03 04:15:00,-13.573
2017-04-03 04:00:00,-12.458
2017-04-03 03:45:00,-14.491
2017-04-03 03:30:00,-18.261
2017-04-03 03:15:00,-14.488
2017-04-03 03:00:00,-18.548
2017-04-03 02:45:00,-16.372
2017-04-03 02:30:00,-17.636
2017-04-03 02:15:00,-15.54
2017-04-03 02:00:00,-19.439
2017-04-03 01:45:00,-18.05
2017-04-03 01:30:00,-18.261
2017-04-03 01:15:00,-17.758
2017-04-03 01:00:00,-20.073
2017-04-03 00:45:00,-19.475
2017-04-03 00:30:00,-17.913
2017-04-03 00:15:00,-19.634
2017-04-03 00:00:00,-21.038
2017-04-02 23:45:00,-20.632
2017-04-02 23:30:00,-22.416
2017-04-02 23:15:00,-22.204
2017-04-02 23:00:00,-21.625
2017-04-02 22:45:00,-21.706
2017-04-02 22:30:00,-22.996
2017-04-02 22:15:00,-23.842
2017-04-02 22:00:00,-22.526
2017-04-02 21:45:00,-23.573
2017-04-02 21:30:00,-24.722
2017-04-02 21:15:00,-24.931
2017-04-02 21:00:00,-22.438
2017-04-02 20:45:00,-24.537
2017-04-02 20:30:00,-24.444
2017-04-02 20:15:00,-24.335
2017-04-02 20:00:00,-23.304
2017-04-02 19:45:00,-24.373
2017-04-02 19:30:00,-25.628
2017-04-02 19:15:00,-24.656
2017-04-02 19:00:00,-34.182
2017-04-02 18:45:00,-25.388
2017-04-02 18:30:00,-7.725
2017-04-02 18:15:00,2.067
2017-04-02 18:00:00,2.307
2017-04-02 17:45:00,2.307
2017-04-02 17:30:00,2.306
2017-04-02 17:15:00,2.307
2017-04-02 17:00:00,2.309
2017-04-02 16:45:00,2.314
2017-04-02 16:30:00,2.32
2017-04-02 16:15:00,2.306
2017-04-02 16:00:00,2.321
2017-04-02 15:45:00,2.324
2017-04-02 15:30:00,2.322
2017-04-02 15:15:00,2.328
2017-04-02 15:00:00,2.32
2017-04-02 14:45:00,2.328
2017-04-02 14:30:00,2.333
2017-04-02 14:15:00,2.329
2017-04-02 14:00:00,2.31
2017-04-02 13:45:00,2.318
2017-04-02 13:30:00,2.318
2017-04-02 13:15:00,2.317
2017-04-02 13:00:00,2.321
2017-04-02 12:45:00,2.325
2017-04-02 12:30:00,2.33
2017-04-02 12:15:00,2.343
2017-04-02 12:00:00,2.341
2017-04-02 11:45:00,2.347
2017-04-02 11:30:00,2.368
2017-04-02 11:15:00,2.392
2017-04-02 11:00:00,2.533
2017-04-02 10:45:00,111.611
2017-04-02 10:30:00,157.249
2017-04-02 10:15:00,146.492
2017-04-02 10:00:00,137.556
2017-04-02 09:45:00,127.128
2017-04-02 09:30:00,115.972
2017-04-02 09:15:00,99.352
2017-04-02 09:00:00,89.885
2017-04-02 08:45:00,74.37
2017-04-02 08:30:00,56.364
2017-04-02 08:15:00,38.156
2017-04-02 08:00:00,22.547
2017-04-02 07:45:00,5.863
2017-04-02 07:30:00,-7.867
2017-04-02 07:15:00,-23.631
2017-04-02 07:00:00,-23.022
2017-04-02 06:45:00,-17.764
2017-04-02 06:30:00,-17.397
2017-04-02 06:15:00,-16.281
2017-04-02 06:00:00,-18.399
2017-04-02 05:45:00,-34.015
2017-04-02 05:30:00,-33.642
2017-04-02 05:15:00,-28.149
2017-04-02 05:00:00,-16.028
2017-04-02 04:45:00,-19.191
2017-04-02 04:30:00,-18.562
2017-04-02 04:15:00,-16.699
2017-04-02 04:00:00,-16.253
2017-04-02 03:45:00,-18.378
2017-04-02 03:30:00,-17.685
2017-04-02 03:15:00,-16.905
2017-04-02 03:00:00,-17.405
2017-04-02 02:45:00,-17.706
2017-04-02 02:30:00,-16.003
2017-04-02 02:15:00,-19.709
2017-04-02 02:00:00,-19.282
2017-04-02 01:45:00,-15.835
2017-04-02 01:30:00,-16.82
2017-04-02 01:15:00,-17.299
2017-04-02 01:00:00,-19.077
2017-04-02 00:45:00,-18.06
2017-04-02 00:30:00,-16.956
2017-04-02 00:15:00,-17.092
2017-04-02 00:00:00,-18.224
2017-04-01 23:45:00,-16.135
2017-04-01 23:30:00,-19.283
2017-04-01 23:15:00,-21.017
2017-04-01 23:00:00,-16.769
2017-04-01 22:45:00,-17.14
2017-04-01 22:30:00,-20.213
2017-04-01 22:15:00,-19.671
2017-04-01 22:00:00,-19.364
2017-04-01 21:45:00,-22.348
2017-04-01 21:30:00,-21.178
2017-04-01 21:15:00,-18.983
2017-04-01 21:00:00,-19.481
2017-04-01 20:45:00,-21.445
2017-04-01 20:30:00,-21.302
2017-04-01 20:15:00,-21.404
2017-04-01 20:00:00,-23.395
2017-04-01 19:45:00,-24.228
2017-04-01 19:30:00,-23.879
2017-04-01 19:15:00,-23.689
2017-04-01 19:00:00,-20.343
2017-04-01 18:45:00,-13.121
2017-04-01 18:30:00,-4.153
2017-04-01 18:15:00,2.333
2017-04-01 18:00:00,2.351
2017-04-01 17:45:00,2.346
2017-04-01 17:30:00,2.352
2017-04-01 17:15:00,2.355
2017-04-01 17:00:00,2.361
2017-04-01 16:45:00,2.361
2017-04-01 16:30:00,2.367
2017-04-01 16:15:00,2.362
2017-04-01 16:00:00,2.365
2017-04-01 15:45:00,2.364
2017-04-01 15:30:00,2.364
2017-04-01 15:15:00,2.373
2017-04-01 15:00:00,2.387
2017-04-01 14:45:00,2.375
2017-04-01 14:30:00,2.375
2017-04-01 14:15:00,2.382
2017-04-01 14:00:00,2.396
2017-04-01 13:45:00,2.401
2017-04-01 13:30:00,2.405
2017-04-01 13:15:00,2.416
2017-04-01 13:00:00,2.424
2017-04-01 12:45:00,2.433
2017-04-01 12:30:00,2.433
2017-04-01 12:15:00,2.437
2017-04-01 12:00:00,2.446
2017-04-01 11:45:00,2.479
2017-04-01 11:30:00,2.565
2017-04-01 11:15:00,42.195
2017-04-01 11:00:00,175.768
2017-04-01 10:45:00,169.361
2017-04-01 10:30:00,158.56
2017-04-01 10:15:00,147.466
2017-04-01 10:00:00,139.574
2017-04-01 09:45:00,129.912
2017-04-01 09:30:00,116.9
2017-04-01 09:15:00,100.97
2017-04-01 09:00:00,88.251
2017-04-01 08:45:00,73.664
2017-04-01 08:30:00,54.185
2017-04-01 08:15:00,27.816
2017-04-01 08:00:00,6.286
2017-04-01 07:45:00,0.742
2017-04-01 07:30:00,-11.503
2017-04-01 07:15:00,-21.156
2017-04-01 07:00:00,-17.555
2017-04-01 06:45:00,-20.327
2017-04-01 06:30:00,-22.969
2017-04-01 06:15:00,-34.249
2017-04-01 06:00:00,-33.008
2017-04-01 05:45:00,-34.712
2017-04-01 05:30:00,-33.72
2017-04-01 05:15:00,-21.482
2017-04-01 05:00:00,-19.39
2017-04-01 04:45:00,-21.364
2017-04-01 04:30:00,-18.328
2017-04-01 04:15:00,-31.187
2017-04-01 04:00:00,-35.003
2017-04-01 03:45:00,-34.453
2017-04-01 03:30:00,-19.138
2017-04-01 03:15:00,-18.129
2017-04-01 03:00:00,-20.933
2017-04-01 02:45:00,-20.794
2017-04-01 02:30:00,-18.408
2017-04-01 02:15:00,-18.331
2017-04-01 02:00:00,-19.38
2017-04-01 01:45:00,-18.407
2017-04-01 01:30:00,-18.249
2017-04-01 01:15:00,-19.709
2017-04-01 01:00:00,-18.367
2017-04-01 00:45:00,-19.301
2017-04-01 00:30:00,-21.282
2017-04-01 00:15:00,-20.498
2017-04-01 00:00:00,-18.601
2017-03-31 23:45:00,-18.6
2017-03-31 23:30:00,-19.035
2017-03-31 23:15:00,-20.28
2017-03-31 23:00:00,-19.819
2017-03-31 22:45:00,-18.702
2017-03-31 22:30:00,-20.698
2017-03-31 22:15:00,-20.592
2017-03-31 22:00:00,-21.72
2017-03-31 21:45:00,-20.857
2017-03-31 21:30:00,-22.726
2017-03-31 21:15:00,-19.855
2017-03-31 21:00:00,-21.569
2017-03-31 20:45:00,-23.98
2017-03-31 20:30:00,-22.425
2017-03-31 20:15:00,-23.094
2017-03-31 20:00:00,-27.699
2017-03-31 19:45:00,-29.872
2017-03-31 19:30:00,-28.742
2017-03-31 19:15:00,-31.833
2017-03-31 19:00:00,-24.871
2017-03-31 18:45:00,-20.762
2017-03-31 18:30:00,-9.208
2017-03-31 18:15:00,-0.827
2017-03-31 18:00:00,2.339
2017-03-31 17:45:00,2.334
2017-03-31 17:30:00,2.348
2017-03-31 17:15:00,2.35
2017-03-31 17:00:00,2.361
2017-03-31 16:45:00,2.353
2017-03-31 16:30:00,2.359
2017-03-31 16:15:00,2.357
2017-03-31 16:00:00,2.362
2017-03-31 15:45:00,2.361
2017-03-31 15:30:00,2.361
2017-03-31 15:15:00,2.363
2017-03-31 15:00:00,2.372
2017-03-31 14:45:00,2.381
2017-03-31 14:30:00,2.386
2017-03-31 14:15:00,2.396
2017-03-31 14:00:00,2.404
2017-03-31 13:45:00,2.409
2017-03-31 13:30:00,2.406
2017-03-31 13:15:00,2.41
2017-03-31 13:00:00,2.419
2017-03-31 12:45:00,2.435
2017-03-31 12:30:00,2.451
2017-03-31 12:15:00,2.51
2017-03-31 12:00:00,2.673
2017-03-31 11:45:00,74.845
2017-03-31 11:30:00,171.965
2017-03-31 11:15:00,165.316
2017-03-31 11:00:00,158.455
2017-03-31 10:45:00,150.66
2017-03-31 10:30:00,145.279
2017-03-31 10:15:00,134.297
2017-03-31 10:00:00,123.852
2017-03-31 09:45:00,112.019
2017-03-31 09:30:00,98.629
2017-03-31 09:15:00,84.003
2017-03-31 09:00:00,69.45
2017-03-31 08:45:00,47.975
2017-03-31 08:30:00,17.974
2017-03-31 08:15:00,3.919
2017-03-31 08:00:00,-1.825
2017-03-31 07:45:00,-9.487
2017-03-31 07:30:00,-15.633
2017-03-31 07:15:00,-29.301
2017-03-31 07:00:00,-36.61
2017-03-31 06:45:00,-45.943
2017-03-31 06:30:00,-50.423
2017-03-31 06:15:00,-50.074
2017-03-31 06:00:00,-46.964
2017-03-31 05:45:00,-29.73
2017-03-31 05:30:00,-18.93
2017-03-31 05:15:00,-19.466
2017-03-31 05:00:00,-17.741
2017-03-31 04:45:00,-17.488
2017-03-31 04:30:00,-18.676
2017-03-31 04:15:00,-18.511
2017-03-31 04:00:00,-18.621
2017-03-31 03:45:00,-17.572
2017-03-31 03:30:00,-18.59
2017-03-31 03:15:00,-18.532
2017-03-31 03:00:00,-18.625
2017-03-31 02:45:00,-18.282
2017-03-31 02:30:00,-20.506
2017-03-31 02:15:00,-19.902
2017-03-31 02:00:00,-19.239
2017-03-31 01:45:00,-19.665
2017-03-31 01:30:00,-19.362
2017-03-31 01:15:00,-19.691
2017-03-31 01:00:00,-18.881
2017-03-31 00:45:00,-19.358
2017-03-31 00:30:00,-18.349
2017-03-31 00:15:00,-21.347
2017-03-31 00:00:00,-20.272
2017-03-30 23:45:00,-20.252
2017-03-30 23:30:00,-20.469
2017-03-30 23:15:00,-21.623
2017-03-30 23:00:00,-21.328
2017-03-30 22:45:00,-20.648
2017-03-30 22:30:00,-21.874
2017-03-30 22:15:00,-22.918
2017-03-30 22:00:00,-24.721
2017-03-30 21:45:00,-22.166
2017-03-30 21:30:00,-24.868
2017-03-30 21:15:00,-24.29
2017-03-30 21:00:00,-23.114
2017-03-30 20:45:00,-23.772
2017-03-30 20:30:00,-24.987
2017-03-30 20:15:00,-25.346
2017-03-30 20:00:00,-28.679
2017-03-30 19:45:00,-31.403
2017-03-30 19:30:00,-31.244
2017-03-30 19:15:00,-30.661
2017-03-30 19:00:00,-25.93
2017-03-30 18:45:00,-17.765
2017-03-30 18:30:00,-15.277
2017-03-30 18:15:00,-10.902
2017-03-30 18:00:00,-11.962
2017-03-30 17:45:00,-4.823
2017-03-30 17:30:00,1.621
2017-03-30 17:15:00,2.346
2017-03-30 17:00:00,2.211
2017-03-30 16:45:00,2.354
2017-03-30 16:30:00,2.354
2017-03-30 16:15:00,2.355
2017-03-30 16:00:00,2.354
2017-03-30 15:45:00,2.366
2017-03-30 15:30:00,2.325
2017-03-30 15:15:00,2.095
2017-03-30 15:00:00,2.367
2017-03-30 14:45:00,2.364
2017-03-30 14:30:00,2.374
2017-03-30 14:15:00,2.368
2017-03-30 14:00:00,2.387
2017-03-30 13:45:00,2.395
2017-03-30 13:30:00,2.405
2017-03-30 13:15:00,2.405
2017-03-30 13:00:00,2.403
2017-03-30 12:45:00,2.41
2017-03-30 12:30:00,2.422
2017-03-30 12:15:00,2.454
2017-03-30 12:00:00,2.578
2017-03-30 11:45:00,51.865
2017-03-30 11:30:00,168.858
2017-03-30 11:15:00,158.273
2017-03-30 11:00:00,152.273
2017-03-30 10:45:00,144.205
2017-03-30 10:30:00,133.927
2017-03-30 10:15:00,122.707
2017-03-30 10:00:00,119.093
2017-03-30 09:45:00,108.46
2017-03-30 09:30:00,93.519
2017-03-30 09:15:00,80.103
2017-03-30 09:00:00,65.763
2017-03-30 08:45:00,50.871
2017-03-30 08:30:00,29.906
2017-03-30 08:15:00,21.088
2017-03-30 08:00:00,15.385
2017-03-30 07:45:00,6.742
2017-03-30 07:30:00,-7.713
2017-03-30 07:15:00,-26.751
2017-03-30 07:00:00,-36.621
2017-03-30 06:45:00,-41.838
2017-03-30 06:30:00,-38.74
2017-03-30 06:15:00,-35.563
2017-03-30 06:00:00,-35.76
2017-03-30 05:45:00,-36.013
2017-03-30 05:30:00,-36.51
2017-03-30 05:15:00,-20.332
2017-03-30 05:00:00,-17.583
2017-03-30 04:45:00,-18.564
2017-03-30 04:30:00,-17.563
2017-03-30 04:15:00,-16.303
2017-03-30 04:00:00,-16.955
2017-03-30 03:45:00,-17.218
2017-03-30 03:30:00,-16.315
2017-03-30 03:15:00,-17.476
2017-03-30 03:00:00,-18.865
2017-03-30 02:45:00,-18.692
2017-03-30 02:30:00,-16.435
2017-03-30 02:15:00,-17.209
2017-03-30 02:00:00,-16.661
2017-03-30 01:45:00,-16.982
2017-03-30 01:30:00,-17.264
2017-03-30 01:15:00,-18.038
2017-03-30 01:00:00,-18.611
2017-03-30 00:45:00,-18.324
2017-03-30 00:30:00,-17.041
2017-03-30 00:15:00,-18.595
2017-03-30 00:00:00,-18.314
2017-03-29 23:45:00,-16.997
2017-03-29 23:30:00,-19.717
2017-03-29 23:15:00,-17.84
2017-03-29 23:00:00,-18.19
2017-03-29 22:45:00,-19.651
2017-03-29 22:30:00,-22.785
2017-03-29 22:15:00,-25.136
2017-03-29 22:00:00,-23.078
2017-03-29 21:45:00,-24.55
2017-03-29 21:30:00,-25.615
2017-03-29 21:15:00,-25.775
2017-03-29 21:00:00,-25.527
2017-03-29 20:45:00,-26.496
2017-03-29 20:30:00,-26.674
2017-03-29 20:15:00,-28.354
2017-03-29 20:00:00,-32.511
2017-03-29 19:45:00,-33.307
2017-03-29 19:30:00,-35.863
2017-03-29 19:15:00,-32.893
2017-03-29 19:00:00,-30.637
2017-03-29 18:45:00,-28.051
2017-03-29 18:30:00,-31.722
2017-03-29 18:15:00,-17.919
2017-03-29 18:00:00,-5.871
2017-03-29 17:45:00,-4.197
2017-03-29 17:30:00,0.888
2017-03-29 17:15:00,2.315
2017-03-29 17:00:00,2.331
2017-03-29 16:45:00,2.339
2017-03-29 16:30:00,2.332
2017-03-29 16:15:00,2.339
2017-03-29 16:00:00,2.339
2017-03-29 15:45:00,2.349
2017-03-29 15:30:00,2.342
2017-03-29 15:15:00,2.341
2017-03-29 15:00:00,2.344
2017-03-29 14:45:00,2.339
2017-03-29 14:30:00,2.358
2017-03-29 14:15:00,2.353
2017-03-29 14:00:00,2.371
2017-03-29 13:45:00,2.381
2017-03-29 13:30:00,2.375
2017-03-29 13:15:00,2.388
2017-03-29 13:00:00,2.391
2017-03-29 12:45:00,2.4
2017-03-29 12:30:00,2.401
2017-03-29 12:15:00,2.423
2017-03-29 12:00:00,2.454
2017-03-29 11:45:00,2.595
2017-03-29 11:30:00,67.772
2017-03-29 11:15:00,171.55
2017-03-29 11:00:00,163.401
2017-03-29 10:45:00,154.224
2017-03-29 10:30:00,148.834
2017-03-29 10:15:00,140.038
2017-03-29 10:00:00,133.662
2017-03-29 09:45:00,122.463
2017-03-29 09:30:00,110.472
2017-03-29 09:15:00,94.15
2017-03-29 09:00:00,80.601
2017-03-29 08:45:00,62.986
2017-03-29 08:30:00,48.779
2017-03-29 08:15:00,19.571
2017-03-29 08:00:00,2.921
2017-03-29 07:45:00,7.684
2017-03-29 07:30:00,10.985
2017-03-29 07:15:00,1.973
2017-03-29 07:00:00,1.748
2017-03-29 06:45:00,-13.874
2017-03-29 06:30:00,-20.169
2017-03-29 06:15:00,-23.209
2017-03-29 06:00:00,-16.81
2017-03-29 05:45:00,-5.07
2017-03-29 05:30:00,-7.252
2017-03-29 05:15:00,-4.808
2017-03-29 05:00:00,-14.885
2017-03-29 04:45:00,-24.046
2017-03-29 04:30:00,-28.611
2017-03-29 04:15:00,-23.853
2017-03-29 04:00:00,-20.768
2017-03-29 03:45:00,-19.993
2017-03-29 03:30:00,-21.727
2017-03-29 03:15:00,-20.846
2017-03-29 03:00:00,-21.541
2017-03-29 02:45:00,-23.04
2017-03-29 02:30:00,-21.909
2017-03-29 02:15:00,-22.939
2017-03-29 02:00:00,-23.924
2017-03-29 01:45:00,-23.29
2017-03-29 01:30:00,-23.045
2017-03-29 01:15:00,-24.613
2017-03-29 01:00:00,-24.789
2017-03-29 00:45:00,-26.441
2017-03-29 00:30:00,-24.802
2017-03-29 00:15:00,-25.557
2017-03-29 00:00:00,-25.294
2017-03-28 23:45:00,-25.217
2017-03-28 23:30:00,-25.198
2017-03-28 23:15:00,-26.309
2017-03-28 23:00:00,-24.473
2017-03-28 22:45:00,-26.524
2017-03-28 22:30:00,-26.308
2017-03-28 22:15:00,-27.193
2017-03-28 22:00:00,-29.046
2017-03-28 21:45:00,-30.115
2017-03-28 21:30:00,-29.421
2017-03-28 21:15:00,-31.237
2017-03-28 21:00:00,-31.397
2017-03-28 20:45:00,-30.551
2017-03-28 20:30:00,-31.675
2017-03-28 20:15:00,-37.589
2017-03-28 20:00:00,-46.456
2017-03-28 19:45:00,-48.507
2017-03-28 19:30:00,-47.686
2017-03-28 19:15:00,-48.264
2017-03-28 19:00:00,-43.421
2017-03-28 18:45:00,-40.358
2017-03-28 18:30:00,-33.31
2017-03-28 18:15:00,-19.146
2017-03-28 18:00:00,-3.328
2017-03-28 17:45:00,2.331
2017-03-28 17:30:00,2.331
2017-03-28 17:15:00,2.333
2017-03-28 17:00:00,2.341
2017-03-28 16:45:00,2.34
2017-03-28 16:30:00,2.347
2017-03-28 16:15:00,2.348
2017-03-28 16:00:00,2.347
2017-03-28 15:45:00,2.353
2017-03-28 15:30:00,2.372
2017-03-28 15:15:00,2.376
2017-03-28 15:00:00,2.387
2017-03-28 14:45:00,2.378
2017-03-28 14:30:00,2.391
2017-03-28 14:15:00,2.402
2017-03-28 14:00:00,2.397
2017-03-28 13:45:00,2.419
2017-03-28 13:30:00,2.404
2017-03-28 13:15:00,2.414
2017-03-28 13:00:00,2.419
2017-03-28 12:45:00,2.415
2017-03-28 12:30:00,2.425
2017-03-28 12:15:00,2.434
2017-03-28 12:00:00,2.459
2017-03-28 11:45:00,2.555
2017-03-28 11:30:00,2.789
2017-03-28 11:15:00,158.066
2017-03-28 11:00:00,179.977
2017-03-28 10:45:00,168.597
2017-03-28 10:30:00,159.2
2017-03-28 10:15:00,148.542
2017-03-28 10:00:00,136.549
2017-03-28 09:45:00,121.93
2017-03-28 09:30:00,110.993
2017-03-28 09:15:00,95.206
2017-03-28 09:00:00,85.205
2017-03-28 08:45:00,62.442
2017-03-28 08:30:00,29.704
2017-03-28 08:15:00,9.692
2017-03-28 08:00:00,1.89
2017-03-28 07:45:00,6.376
2017-03-28 07:30:00,2.285
2017-03-28 07:15:00,-3.16
2017-03-28 07:00:00,-13.711
2017-03-28 06:45:00,-31.725
2017-03-28 06:30:00,-33.856
2017-03-28 06:15:00,-38.645
2017-03-28 06:00:00,-28.444
2017-03-28 05:45:00,-27.171
2017-03-28 05:30:00,-26.547
2017-03-28 05:15:00,-29.332
2017-03-28 05:00:00,-28.132
2017-03-28 04:45:00,-29.511
2017-03-28 04:30:00,-27.398
2017-03-28 04:15:00,-17.494
2017-03-28 04:00:00,-11.292
2017-03-28 03:45:00,-11.705
2017-03-28 03:30:00,-12.708
2017-03-28 03:15:00,-20.567
2017-03-28 03:00:00,-34.159
2017-03-28 02:45:00,-32.185
2017-03-28 02:30:00,-22.003
2017-03-28 02:15:00,-16.747
2017-03-28 02:00:00,-16.867
2017-03-28 01:45:00,-17.184
2017-03-28 01:30:00,-17.465
2017-03-28 01:15:00,-17.186
2017-03-28 01:00:00,-17.771
2017-03-28 00:45:00,-18.613
2017-03-28 00:30:00,-17.548
2017-03-28 00:15:00,-16.576
2017-03-28 00:00:00,-16.367
2017-03-27 23:45:00,-17.763
2017-03-27 23:30:00,-17.168
2017-03-27 23:15:00,-19.451
2017-03-27 23:00:00,-19.873
2017-03-27 22:45:00,-20.336
2017-03-27 22:30:00,-17.208
2017-03-27 22:15:00,-19.391
2017-03-27 22:00:00,-19.928
2017-03-27 21:45:00,-19.406
2017-03-27 21:30:00,-19.904
2017-03-27 21:15:00,-20.779
2017-03-27 21:00:00,-20.939
2017-03-27 20:45:00,-22.552
2017-03-27 20:30:00,-23.874
2017-03-27 20:15:00,-23.892
2017-03-27 20:00:00,-27.473
2017-03-27 19:45:00,-26.574
2017-03-27 19:30:00,-27.942
2017-03-27 19:15:00,-28.572
2017-03-27 19:00:00,-22.568
2017-03-27 18:45:00,-25.745
2017-03-27 18:30:00,-35.118
2017-03-27 18:15:00,-20.699
2017-03-27 18:00:00,0.967
2017-03-27 17:45:00,2.314
2017-03-27 17:30:00,2.324
2017-03-27 17:15:00,2.325
2017-03-27 17:00:00,2.323
2017-03-27 16:45:00,2.338
2017-03-27 16:30:00,2.331
2017-03-27 16:15:00,6.894
2017-03-27 16:00:00,0.505
2017-03-27 15:45:00,2.44
2017-03-27 15:30:00,0.961
2017-03-27 15:15:00,5.515
2017-03-27 15:00:00,2.674
2017-03-27 14:45:00,4.451
2017-03-27 14:30:00,6.837
2017-03-27 14:15:00,11.36
2017-03-27 14:00:00,102.537
2017-03-27 13:45:00,171.591
2017-03-27 13:30:00,171.309
2017-03-27 13:15:00,108.82
2017-03-27 13:00:00,189.747
2017-03-27 12:45:00,179.849
2017-03-27 12:30:00,97.747
2017-03-27 12:15:00,85.748
2017-03-27 12:00:00,56.042
2017-03-27 11:45:00,115.69
2017-03-27 11:30:00,36.157
2017-03-27 11:15:00,19.581
2017-03-27 11:00:00,7.312
2017-03-27 10:45:00,26.028
2017-03-27 10:30:00,21.785
2017-03-27 10:15:00,-1.859
2017-03-27 10:00:00,2.881
2017-03-27 09:45:00,21.31
2017-03-27 09:30:00,8.345
2017-03-27 09:15:00,2.571
2017-03-27 09:00:00,3.2
2017-03-27 08:45:00,-6.457
2017-03-27 08:30:00,-6.936
2017-03-27 08:15:00,-11.486
2017-03-27 08:00:00,-21.77
2017-03-27 07:45:00,-11.633
2017-03-27 07:30:00,-25.874
2017-03-27 07:15:00,-33.784
2017-03-27 07:00:00,-29.153
2017-03-27 06:45:00,-29.482
2017-03-27 06:30:00,-27.081
2017-03-27 06:15:00,-28.206
2017-03-27 06:00:00,-35.081
2017-03-27 05:45:00,-44.432
2017-03-27 05:30:00,-47.136
2017-03-27 05:15:00,-44.508
2017-03-27 05:00:00,-14.682
2017-03-27 04:45:00,-12.833
2017-03-27 04:30:00,-14.166
2017-03-27 04:15:00,-12.428
2017-03-27 04:00:00,-12.837
2017-03-27 03:45:00,-15.501
2017-03-27 03:30:00,-14.745
2017-03-27 03:15:00,-11.851
2017-03-27 03:00:00,-12.987
2017-03-27 02:45:00,-15.075
2017-03-27 02:30:00,-13.501
2017-03-27 02:15:00,-13.058
2017-03-27 02:00:00,-14.466
2017-03-27 01:45:00,-15.048
2017-03-27 01:30:00,-14.352
2017-03-27 01:15:00,-14.96
2017-03-27 01:00:00,-19.58
2017-03-27 00:45:00,-18.838
2017-03-27 00:30:00,-19.734
2017-03-27 00:15:00,-18.96
2017-03-27 00:00:00,-19.467
2017-03-26 23:45:00,-18.738
2017-03-26 23:30:00,-19.941
2017-03-26 23:15:00,-19.157
2017-03-26 23:00:00,-21.139
2017-03-26 22:45:00,-18.697
2017-03-26 22:30:00,-19.179
2017-03-26 22:15:00,-22.141
2017-03-26 22:00:00,-21.267
2017-03-26 21:45:00,-23.955
2017-03-26 21:30:00,-23.241
2017-03-26 21:15:00,-24.751
2017-03-26 21:00:00,-22.98
2017-03-26 20:45:00,-24.74
2017-03-26 20:30:00,-24.643
2017-03-26 20:15:00,-24.567
2017-03-26 20:00:00,-23.471
2017-03-26 19:45:00,-23.94
2017-03-26 19:30:00,-24.884
2017-03-26 19:15:00,-23.863
2017-03-26 19:00:00,-19.494
2017-03-26 18:45:00,-16.205
2017-03-26 18:30:00,-5.896
2017-03-26 18:15:00,2.035
2017-03-26 18:00:00,2.329
2017-03-26 17:45:00,2.337
2017-03-26 17:30:00,2.319
2017-03-26 17:15:00,2.334
2017-03-26 17:00:00,2.325
2017-03-26 16:45:00,2.329
2017-03-26 16:30:00,2.337
2017-03-26 16:15:00,2.336
2017-03-26 16:00:00,3.047
2017-03-26 15:45:00,2.363
2017-03-26 15:30:00,2.383
2017-03-26 15:15:00,3.36
2017-03-26 15:00:00,2.396
2017-03-26 14:45:00,3.703
2017-03-26 14:30:00,4.34
2017-03-26 14:15:00,5.826
2017-03-26 14:00:00,13.426
2017-03-26 13:45:00,128.589
2017-03-26 13:30:00,134.755
2017-03-26 13:15:00,60.91
2017-03-26 13:00:00,46.21
2017-03-26 12:45:00,110.186
2017-03-26 12:30:00,171.754
2017-03-26 12:15:00,106.392
2017-03-26 12:00:00,86.399
2017-03-26 11:45:00,43.498
2017-03-26 11:30:00,66.119
2017-03-26 11:15:00,74.353
2017-03-26 11:00:00,43.712
2017-03-26 10:45:00,16.967
2017-03-26 10:30:00,19.056
2017-03-26 10:15:00,30.163
2017-03-26 10:00:00,36.136
2017-03-26 09:45:00,42.153
2017-03-26 09:30:00,45.583
2017-03-26 09:15:00,20.656
2017-03-26 09:00:00,9.232
2017-03-26 08:45:00,0.635
2017-03-26 08:30:00,-9.39
2017-03-26 08:15:00,-14.776
2017-03-26 08:00:00,-8.827
2017-03-26 07:45:00,-0.86
2017-03-26 07:30:00,-9.264
2017-03-26 07:15:00,-17.963
2017-03-26 07:00:00,-19.74
2017-03-26 06:45:00,-17.535
2017-03-26 06:30:00,-18.383
2017-03-26 06:15:00,-18.472
2017-03-26 06:00:00,-17.744
2017-03-26 05:45:00,-17.931
2017-03-26 05:30:00,-19.611
2017-03-26 05:15:00,-17.997
2017-03-26 05:00:00,-19.433
2017-03-26 04:45:00,-18.676
2017-03-26 04:30:00,-18.632
2017-03-26 04:15:00,-18.118
2017-03-26 04:00:00,-17.343
2017-03-26 03:45:00,-18.377
2017-03-26 03:30:00,-18.768
2017-03-26 03:15:00,-18.875
2017-03-26 03:00:00,-18.194
2017-03-26 02:45:00,-18.697
2017-03-26 02:30:00,-18.494
2017-03-26 02:15:00,-18.39
2017-03-26 02:00:00,-18.155
2017-03-26 01:45:00,-21.215
2017-03-26 01:30:00,-19.445
2017-03-26 01:15:00,-19.938
2017-03-26 01:00:00,-20.052
2017-03-26 00:45:00,-22.986
2017-03-26 00:30:00,-19.401
2017-03-26 00:15:00,-22.435
2017-03-26 00:00:00,-20.742
2017-03-25 23:45:00,-22.599
2017-03-25 23:30:00,-18.913
2017-03-25 23:15:00,-23.173
2017-03-25 23:00:00,-20.828
2017-03-25 22:45:00,-21.546
2017-03-25 22:30:00,-20.502
2017-03-25 22:15:00,-23.856
2017-03-25 22:00:00,-22.76
2017-03-25 21:45:00,-22.402
2017-03-25 21:30:00,-21.835
2017-03-25 21:15:00,-23.589
2017-03-25 21:00:00,-22.126
2017-03-25 20:45:00,-22.864
2017-03-25 20:30:00,-23.85
2017-03-25 20:15:00,-23.354
2017-03-25 20:00:00,-23.887
2017-03-25 19:45:00,-23.332
2017-03-25 19:30:00,-24.116
2017-03-25 19:15:00,-22.841
2017-03-25 19:00:00,-18.868
2017-03-25 18:45:00,-16.048
2017-03-25 18:30:00,-5.987
2017-03-25 18:15:00,2.186
2017-03-25 18:00:00,2.316
2017-03-25 17:45:00,2.315
2017-03-25 17:30:00,2.322
2017-03-25 17:15:00,2.321
2017-03-25 17:00:00,2.327
2017-03-25 16:45:00,2.336
2017-03-25 16:30:00,2.331
2017-03-25 16:15:00,2.333
2017-03-25 16:00:00,2.332
2017-03-25 15:45:00,2.349
2017-03-25 15:30:00,2.347
2017-03-25 15:15:00,2.341
2017-03-25 15:00:00,2.342
2017-03-25 14:45:00,2.345
2017-03-25 14:30:00,2.345
2017-03-25 14:15:00,2.361
2017-03-25 14:00:00,3.18
2017-03-25 13:45:00,2.386
2017-03-25 13:30:00,3.51
2017-03-25 13:15:00,3.267
2017-03-25 13:00:00,3.027
2017-03-25 12:45:00,2.438
2017-03-25 12:30:00,2.632
2017-03-25 12:15:00,149.109
2017-03-25 12:00:00,95.819
2017-03-25 11:45:00,123.71
2017-03-25 11:30:00,90.158
2017-03-25 11:15:00,62.154
2017-03-25 11:00:00,40.62
2017-03-25 10:45:00,60.96
2017-03-25 10:30:00,103.642
2017-03-25 10:15:00,74.721
2017-03-25 10:00:00,52.677
2017-03-25 09:45:00,58.324
2017-03-25 09:30:00,75.176
2017-03-25 09:15:00,115.402
2017-03-25 09:00:00,86.241
2017-03-25 08:45:00,73.432
2017-03-25 08:30:00,52.386
2017-03-25 08:15:00,22.376
2017-03-25 08:00:00,2.575
2017-03-25 07:45:00,-18.008
2017-03-25 07:30:00,-34.68
2017-03-25 07:15:00,-32.619
2017-03-25 07:00:00,-33.035
2017-03-25 06:45:00,-21.8
2017-03-25 06:30:00,-17.297
2017-03-25 06:15:00,-24.745
2017-03-25 06:00:00,-32.097
2017-03-25 05:45:00,-31.046
2017-03-25 05:30:00,-18.122
2017-03-25 05:15:00,-16.475
2017-03-25 05:00:00,-15.783
2017-03-25 04:45:00,-17.513
2017-03-25 04:30:00,-18.841
2017-03-25 04:15:00,-16.702
2017-03-25 04:00:00,-15.783
2017-03-25 03:45:00,-16.309
2017-03-25 03:30:00,-17.092
2017-03-25 03:15:00,-15.421
2017-03-25 03:00:00,-16.937
2017-03-25 02:45:00,-16.965
2017-03-25 02:30:00,-17.164
2017-03-25 02:15:00,-16.26
2017-03-25 02:00:00,-17.192
2017-03-25 01:45:00,-17.481
2017-03-25 01:30:00,-15.815
2017-03-25 01:15:00,-16.261
2017-03-25 01:00:00,-16.26
2017-03-25 00:45:00,-16.708
2017-03-25 00:30:00,-15.966
2017-03-25 00:15:00,-17.482
2017-03-25 00:00:00,-19.473
2017-03-24 23:45:00,-17.602
2017-03-24 23:30:00,-17.072
2017-03-24 23:15:00,-18.914
2017-03-24 23:00:00,-18.644
2017-03-24 22:45:00,-18.112
2017-03-24 22:30:00,-19.377
2017-03-24 22:15:00,-19.128
2017-03-24 22:00:00,-18.439
2017-03-24 21:45:00,-20.484
2017-03-24 21:30:00,-20.996
2017-03-24 21:15:00,-19.952
2017-03-24 21:00:00,-19.064
2017-03-24 20:45:00,-21.905
2017-03-24 20:30:00,-21.033
2017-03-24 20:15:00,-24.686
2017-03-24 20:00:00,-33.888
2017-03-24 19:45:00,-44.569
2017-03-24 19:30:00,-44.064
2017-03-24 19:15:00,-44.811
2017-03-24 19:00:00,-34.472
2017-03-24 18:45:00,-26.303
2017-03-24 18:30:00,-18.323
2017-03-24 18:15:00,-4.369
2017-03-24 18:00:00,1.905
2017-03-24 17:45:00,2.063
2017-03-24 17:30:00,2.306
2017-03-24 17:15:00,2.313
2017-03-24 17:00:00,2.322
2017-03-24 16:45:00,2.317
2017-03-24 16:30:00,2.33
2017-03-24 16:15:00,2.336
2017-03-24 16:00:00,2.335
2017-03-24 15:45:00,2.352
2017-03-24 15:30:00,2.358
2017-03-24 15:15:00,2.351
2017-03-24 15:00:00,2.354
2017-03-24 14:45:00,2.357
2017-03-24 14:30:00,2.361
2017-03-24 14:15:00,2.376
2017-03-24 14:00:00,2.378
2017-03-24 13:45:00,2.383
2017-03-24 13:30:00,2.398
2017-03-24 13:15:00,2.401
2017-03-24 13:00:00,2.398
2017-03-24 12:45:00,2.392
2017-03-24 12:30:00,2.402
2017-03-24 12:15:00,2.418
2017-03-24 12:00:00,2.485
2017-03-24 11:45:00,2.693
2017-03-24 11:30:00,127.246
2017-03-24 11:15:00,172.443
2017-03-24 11:00:00,161.421
2017-03-24 10:45:00,156.111
2017-03-24 10:30:00,143.923
2017-03-24 10:15:00,132.715
2017-03-24 10:00:00,126.04
2017-03-24 09:45:00,117.821
2017-03-24 09:30:00,103.744
2017-03-24 09:15:00,83.884
2017-03-24 09:00:00,72.374
2017-03-24 08:45:00,53.571
2017-03-24 08:30:00,40.357
2017-03-24 08:15:00,40.73
2017-03-24 08:00:00,17.044
2017-03-24 07:45:00,1.694
2017-03-24 07:30:00,-5.475
2017-03-24 07:15:00,-19.134
2017-03-24 07:00:00,-20.28
2017-03-24 06:45:00,-4.972
2017-03-24 06:30:00,-1.021
2017-03-24 06:15:00,-1.88
2017-03-24 06:00:00,-20.078
2017-03-24 05:45:00,-21.931
2017-03-24 05:30:00,-27.655
2017-03-24 05:15:00,-23.996
2017-03-24 05:00:00,-12.707
2017-03-24 04:45:00,-12.246
2017-03-24 04:30:00,-12.061
2017-03-24 04:15:00,-22.374
2017-03-24 04:00:00,-31.466
2017-03-24 03:45:00,-31.659
2017-03-24 03:30:00,-18.153
2017-03-24 03:15:00,-15.977
2017-03-24 03:00:00,-16.271
2017-03-24 02:45:00,-16.195
2017-03-24 02:30:00,-28.316
2017-03-24 02:15:00,-32.53
2017-03-24 02:00:00,-22.15
2017-03-24 01:45:00,-17.356
2017-03-24 01:30:00,-15.768
2017-03-24 01:15:00,-14.733
2017-03-24 01:00:00,-17.079
2017-03-24 00:45:00,-15.309
2017-03-24 00:30:00,-15.136
2017-03-24 00:15:00,-16.317
2017-03-24 00:00:00,-16.271
2017-03-23 23:45:00,-15.886
2017-03-23 23:30:00,-15.312
2017-03-23 23:15:00,-17.282
2017-03-23 23:00:00,-15.516
2017-03-23 22:45:00,-15.633
2017-03-23 22:30:00,-16.34
2017-03-23 22:15:00,-15.917
2017-03-23 22:00:00,-15.971
2017-03-23 21:45:00,-15.488
2017-03-23 21:30:00,-18.461
2017-03-23 21:15:00,-18.921
2017-03-23 21:00:00,-23.893
2017-03-23 20:45:00,-32.181
2017-03-23 20:30:00,-32.432
2017-03-23 20:15:00,-39.312
2017-03-23 20:00:00,-56.129
2017-03-23 19:45:00,-57.109
2017-03-23 19:30:00,-57.234
2017-03-23 19:15:00,-57.021
2017-03-23 19:00:00,-54.049
2017-03-23 18:45:00,-53.494
2017-03-23 18:30:00,-41.136
2017-03-23 18:15:00,-22.815
2017-03-23 18:00:00,-0.235
2017-03-23 17:45:00,2.302
2017-03-23 17:30:00,2.298
2017-03-23 17:15:00,2.305
2017-03-23 17:00:00,2.33
2017-03-23 16:45:00,2.332
2017-03-23 16:30:00,2.342
2017-03-23 16:15:00,2.342
2017-03-23 16:00:00,2.325
2017-03-23 15:45:00,2.328
2017-03-23 15:30:00,2.344
2017-03-23 15:15:00,2.35
2017-03-23 15:00:00,2.356
2017-03-23 14:45:00,2.364
2017-03-23 14:30:00,2.357
2017-03-23 14:15:00,2.325
2017-03-23 14:00:00,2.216
2017-03-23 13:45:00,2.383
2017-03-23 13:30:00,3.806
2017-03-23 13:15:00,2.384
2017-03-23 13:00:00,3.469
2017-03-23 12:45:00,3.482
2017-03-23 12:30:00,4.436
2017-03-23 12:15:00,8.337
2017-03-23 12:00:00,61.366
2017-03-23 11:45:00,192.179
2017-03-23 11:30:00,168.134
2017-03-23 11:15:00,165.692
2017-03-23 11:00:00,158.999
2017-03-23 10:45:00,126.096
2017-03-23 10:30:00,67.583
2017-03-23 10:15:00,66.41
2017-03-23 10:00:00,128.78
2017-03-23 09:45:00,82.436
2017-03-23 09:30:00,51.094
2017-03-23 09:15:00,47.036
2017-03-23 09:00:00,1.728
2017-03-23 08:45:00,42.804
2017-03-23 08:30:00,31.088
2017-03-23 08:15:00,1.63
2017-03-23 08:00:00,-32.795
2017-03-23 07:45:00,-40.851
2017-03-23 07:30:00,-36.51
2017-03-23 07:15:00,-20.548
2017-03-23 07:00:00,-22.087
2017-03-23 06:45:00,-22.228
2017-03-23 06:30:00,-19.595
2017-03-23 06:15:00,-18.75
2017-03-23 06:00:00,-35.712
2017-03-23 05:45:00,-41.403
2017-03-23 05:30:00,-34.288
2017-03-23 05:15:00,-18.923
2017-03-23 05:00:00,-13.164
2017-03-23 04:45:00,-13.982
2017-03-23 04:30:00,-12.596
2017-03-23 04:15:00,-12.729
2017-03-23 04:00:00,-14.25
2017-03-23 03:45:00,-13.273
2017-03-23 03:30:00,-12.887
2017-03-23 03:15:00,-14.168
2017-03-23 03:00:00,-16.653
2017-03-23 02:45:00,-14.973
2017-03-23 02:30:00,-14.762
2017-03-23 02:15:00,-15.872
2017-03-23 02:00:00,-15.504
2017-03-23 01:45:00,-14.701
2017-03-23 01:30:00,-15.551
2017-03-23 01:15:00,-15.328
2017-03-23 01:00:00,-15.46
2017-03-23 00:45:00,-15.189
2017-03-23 00:30:00,-16.836
2017-03-23 00:15:00,-16.455
2017-03-23 00:00:00,-13.615
2017-03-22 23:45:00,-15.817
2017-03-22 23:30:00,-15.946
2017-03-22 23:15:00,-16.218
2017-03-22 23:00:00,-14.528
2017-03-22 22:45:00,-16.672
2017-03-22 22:30:00,-17.229
2017-03-22 22:15:00,-16.431
2017-03-22 22:00:00,-18.053
2017-03-22 21:45:00,-17.648
2017-03-22 21:30:00,-17.723
2017-03-22 21:15:00,-18.366
2017-03-22 21:00:00,-21.87
2017-03-22 20:45:00,-22.907
2017-03-22 20:30:00,-24.439
2017-03-22 20:15:00,-25.244
2017-03-22 20:00:00,-31.317
2017-03-22 19:45:00,-31.533
2017-03-22 19:30:00,-29.935
2017-03-22 19:15:00,-31.233
2017-03-22 19:00:00,-25.464
2017-03-22 18:45:00,-12.23
2017-03-22 18:30:00,-7.757
2017-03-22 18:15:00,0.821
2017-03-22 18:00:00,-19.912
2017-03-22 17:45:00,-10.184
2017-03-22 17:30:00,-12.0
2017-03-22 17:15:00,-1.754
2017-03-22 17:00:00,1.926
2017-03-22 16:45:00,-6.833
2017-03-22 16:30:00,-0.155
2017-03-22 16:15:00,5.639
2017-03-22 16:00:00,4.521
2017-03-22 15:45:00,6.742
2017-03-22 15:30:00,28.087
2017-03-22 15:15:00,26.613
2017-03-22 15:00:00,152.673
2017-03-22 14:45:00,88.219
2017-03-22 14:30:00,137.021
2017-03-22 14:15:00,41.523
2017-03-22 14:00:00,77.724
2017-03-22 13:45:00,78.037
2017-03-22 13:30:00,34.599
2017-03-22 13:15:00,2.18
2017-03-22 13:00:00,40.258
2017-03-22 12:45:00,55.819
2017-03-22 12:30:00,132.345
2017-03-22 12:15:00,120.666
2017-03-22 12:00:00,43.269
2017-03-22 11:45:00,58.625
2017-03-22 11:30:00,78.207
2017-03-22 11:15:00,35.861
2017-03-22 11:00:00,-2.136
2017-03-22 10:45:00,13.234
2017-03-22 10:30:00,-8.328
2017-03-22 10:15:00,-12.441
2017-03-22 10:00:00,-7.689
2017-03-22 09:45:00,-10.872
2017-03-22 09:30:00,-9.447
2017-03-22 09:15:00,-8.791
2017-03-22 09:00:00,-21.5
2017-03-22 08:45:00,-29.776
2017-03-22 08:30:00,-33.317
2017-03-22 08:15:00,-32.733
2017-03-22 08:00:00,-42.056
2017-03-22 07:45:00,-40.627
2017-03-22 07:30:00,-33.65
2017-03-22 07:15:00,-25.728
2017-03-22 07:00:00,-23.503
2017-03-22 06:45:00,-19.132
2017-03-22 06:30:00,-19.707
2017-03-22 06:15:00,-18.188
2017-03-22 06:00:00,-16.695
2017-03-22 05:45:00,-17.358
2017-03-22 05:30:00,-18.01
2017-03-22 05:15:00,-2.931
2017-03-22 05:00:00,1.709
2017-03-22 04:45:00,1.67
2017-03-22 04:30:00,0.282
2017-03-22 04:15:00,1.167
2017-03-22 04:00:00,1.893
2017-03-22 03:45:00,0.7
2017-03-22 03:30:00,-0.047
2017-03-22 03:15:00,1.105
2017-03-22 03:00:00,1.195
2017-03-22 02:45:00,-0.217
2017-03-22 02:30:00,0.773
2017-03-22 02:15:00,0.667
2017-03-22 02:00:00,-0.47
2017-03-22 01:45:00,-0.514
2017-03-22 01:30:00,-1.742
2017-03-22 01:15:00,-0.929
2017-03-22 01:00:00,-3.664
2017-03-22 00:45:00,-2.853
2017-03-22 00:30:00,-3.976
2017-03-22 00:15:00,-5.926
2017-03-22 00:00:00,-5.393
2017-03-21 23:45:00,-7.169
2017-03-21 23:30:00,-6.971
2017-03-21 23:15:00,-9.566
2017-03-21 23:00:00,-10.333
2017-03-21 22:45:00,-9.144
2017-03-21 22:30:00,-12.457
2017-03-21 22:15:00,-12.678
2017-03-21 22:00:00,-14.904
2017-03-21 21:45:00,-13.169
2017-03-21 21:30:00,-14.604
2017-03-21 21:15:00,-17.63
2017-03-21 21:00:00,-17.439
2017-03-21 20:45:00,-21.73
2017-03-21 20:30:00,-19.359
2017-03-21 20:15:00,-26.141
2017-03-21 20:00:00,-30.611
2017-03-21 19:45:00,-32.577
2017-03-21 19:30:00,-32.853
2017-03-21 19:15:00,-31.963
2017-03-21 19:00:00,-28.674
2017-03-21 18:45:00,-31.507
2017-03-21 18:30:00,-44.255
2017-03-21 18:15:00,-41.584
2017-03-21 18:00:00,-27.007
2017-03-21 17:45:00,-15.476
2017-03-21 17:30:00,-17.566
2017-03-21 17:15:00,-13.387
2017-03-21 17:00:00,-4.883
2017-03-21 16:45:00,-5.031
2017-03-21 16:30:00,0.094
2017-03-21 16:15:00,-5.373
2017-03-21 16:00:00,-3.832
2017-03-21 15:45:00,1.957
2017-03-21 15:30:00,2.371
2017-03-21 15:15:00,1.205
2017-03-21 15:00:00,2.37
2017-03-21 14:45:00,2.365
2017-03-21 14:30:00,2.376
2017-03-21 14:15:00,2.387
2017-03-21 14:00:00,2.382
2017-03-21 13:45:00,2.411
2017-03-21 13:30:00,2.411
2017-03-21 13:15:00,2.412
2017-03-21 13:00:00,2.417
2017-03-21 12:45:00,2.435
2017-03-21 12:30:00,2.476
2017-03-21 12:15:00,2.619
2017-03-21 12:00:00,78.852
2017-03-21 11:45:00,143.624
2017-03-21 11:30:00,149.626
2017-03-21 11:15:00,138.681
2017-03-21 11:00:00,96.135
2017-03-21 10:45:00,128.234
2017-03-21 10:30:00,131.016
2017-03-21 10:15:00,119.069
2017-03-21 10:00:00,110.461
2017-03-21 09:45:00,93.252
2017-03-21 09:30:00,88.358
2017-03-21 09:15:00,74.874
2017-03-21 09:00:00,58.383
2017-03-21 08:45:00,41.751
2017-03-21 08:30:00,18.155
2017-03-21 08:15:00,-1.384
2017-03-21 08:00:00,17.164
2017-03-21 07:45:00,12.543
2017-03-21 07:30:00,-4.232
2017-03-21 07:15:00,-21.098
2017-03-21 07:00:00,-24.605
2017-03-21 06:45:00,-29.965
2017-03-21 06:30:00,-22.75
2017-03-21 06:15:00,-21.489
2017-03-21 06:00:00,-22.437
2017-03-21 05:45:00,-22.161
2017-03-21 05:30:00,-21.911
2017-03-21 05:15:00,-30.25
2017-03-21 05:00:00,-26.031
2017-03-21 04:45:00,-23.185
2017-03-21 04:30:00,-15.703
2017-03-21 04:15:00,-14.286
2017-03-21 04:00:00,-15.127
2017-03-21 03:45:00,-15.102
2017-03-21 03:30:00,-14.649
2017-03-21 03:15:00,-15.561
2017-03-21 03:00:00,-16.176
2017-03-21 02:45:00,-14.433
2017-03-21 02:30:00,-15.168
2017-03-21 02:15:00,-15.129
2017-03-21 02:00:00,-15.772
2017-03-21 01:45:00,-14.679
2017-03-21 01:30:00,-15.812
2017-03-21 01:15:00,-16.234
2017-03-21 01:00:00,-16.265
2017-03-21 00:45:00,-13.708
2017-03-21 00:30:00,-15.696
2017-03-21 00:15:00,-16.758
2017-03-21 00:00:00,-15.341
2017-03-20 23:45:00,-19.669
2017-03-20 23:30:00,-19.107
2017-03-20 23:15:00,-19.069
2017-03-20 23:00:00,-18.095
2017-03-20 22:45:00,-20.359
2017-03-20 22:30:00,-20.318
2017-03-20 22:15:00,-19.494
2017-03-20 22:00:00,-20.95
2017-03-20 21:45:00,-22.529
2017-03-20 21:30:00,-22.149
2017-03-20 21:15:00,-21.292
2017-03-20 21:00:00,-24.038
2017-03-20 20:45:00,-25.759
2017-03-20 20:30:00,-25.25
2017-03-20 20:15:00,-28.784
2017-03-20 20:00:00,-35.423
2017-03-20 19:45:00,-35.516
2017-03-20 19:30:00,-35.182
2017-03-20 19:15:00,-37.747
2017-03-20 19:00:00,-32.571
2017-03-20 18:45:00,-30.301
2017-03-20 18:30:00,-35.479
2017-03-20 18:15:00,-35.162
2017-03-20 18:00:00,-18.967
2017-03-20 17:45:00,-6.668
2017-03-20 17:30:00,2.656
2017-03-20 17:15:00,2.666
2017-03-20 17:00:00,2.344
2017-03-20 16:45:00,2.365
2017-03-20 16:30:00,3.054
2017-03-20 16:15:00,3.085
2017-03-20 16:00:00,3.378
2017-03-20 15:45:00,4.429
2017-03-20 15:30:00,6.049
2017-03-20 15:15:00,16.169
2017-03-20 15:00:00,130.462
2017-03-20 14:45:00,140.499
2017-03-20 14:30:00,151.613
2017-03-20 14:15:00,117.647
2017-03-20 14:00:00,112.739
2017-03-20 13:45:00,149.416
2017-03-20 13:30:00,72.805
2017-03-20 13:15:00,88.012
2017-03-20 13:00:00,115.878
2017-03-20 12:45:00,96.178
2017-03-20 12:30:00,75.591
2017-03-20 12:15:00,58.687
2017-03-20 12:00:00,20.008
2017-03-20 11:45:00,36.005
2017-03-20 11:30:00,33.019
2017-03-20 11:15:00,33.279
2017-03-20 11:00:00,18.465
2017-03-20 10:45:00,28.198
2017-03-20 10:30:00,21.966
2017-03-20 10:15:00,-3.439
2017-03-20 10:00:00,-1.005
2017-03-20 09:45:00,-2.274
2017-03-20 09:30:00,-11.831
2017-03-20 09:15:00,-13.864
2017-03-20 09:00:00,-20.198
2017-03-20 08:45:00,-24.987
2017-03-20 08:30:00,-40.544
2017-03-20 08:15:00,-47.617
2017-03-20 08:00:00,-38.469
2017-03-20 07:45:00,-26.368
2017-03-20 07:30:00,-25.142
2017-03-20 07:15:00,-26.281
2017-03-20 07:00:00,-27.36
2017-03-20 06:45:00,-29.455
2017-03-20 06:30:00,-27.24
2017-03-20 06:15:00,-26.314
2017-03-20 06:00:00,-26.239
2017-03-20 05:45:00,-28.081
2017-03-20 05:30:00,-27.822
2017-03-20 05:15:00,-19.273
2017-03-20 05:00:00,-11.859
2017-03-20 04:45:00,-13.385
2017-03-20 04:30:00,-10.185
2017-03-20 04:15:00,-11.51
2017-03-20 04:00:00,-12.854
2017-03-20 03:45:00,-10.86
2017-03-20 03:30:00,-11.709
2017-03-20 03:15:00,-13.125
2017-03-20 03:00:00,-16.653
2017-03-20 02:45:00,-17.259
2017-03-20 02:30:00,-16.755
2017-03-20 02:15:00,-15.755
2017-03-20 02:00:00,-15.678
2017-03-20 01:45:00,-16.061
2017-03-20 01:30:00,-16.56
2017-03-20 01:15:00,-16.3
2017-03-20 01:00:00,-20.98
2017-03-20 00:45:00,-22.607
2017-03-20 00:30:00,-21.931
2017-03-20 00:15:00,-19.757
2017-03-20 00:00:00,-20.717
2017-03-19 23:45:00,-22.08
2017-03-19 23:30:00,-21.232
2017-03-19 23:15:00,-21.252
2017-03-19 23:00:00,-21.486
2017-03-19 22:45:00,-23.112
2017-03-19 22:30:00,-20.774
2017-03-19 22:15:00,-21.583
2017-03-19 22:00:00,-22.667
2017-03-19 21:45:00,-20.87
2017-03-19 21:30:00,-21.676
2017-03-19 21:15:00,-21.185
2017-03-19 21:00:00,-21.807
2017-03-19 20:45:00,-22.155
2017-03-19 20:30:00,-23.808
2017-03-19 20:15:00,-21.654
2017-03-19 20:00:00,-25.577
2017-03-19 19:45:00,-25.777
2017-03-19 19:30:00,-27.302
2017-03-19 19:15:00,-26.503
2017-03-19 19:00:00,-21.839
2017-03-19 18:45:00,-14.667
2017-03-19 18:30:00,-8.38
2017-03-19 18:15:00,-8.326
2017-03-19 18:00:00,-11.844
2017-03-19 17:45:00,2.214
2017-03-19 17:30:00,2.368
2017-03-19 17:15:00,2.373
2017-03-19 17:00:00,2.367
2017-03-19 16:45:00,2.373
2017-03-19 16:30:00,2.37
2017-03-19 16:15:00,2.373
2017-03-19 16:00:00,2.368
2017-03-19 15:45:00,2.366
2017-03-19 15:30:00,2.371
2017-03-19 15:15:00,2.373
2017-03-19 15:00:00,2.381
2017-03-19 14:45:00,2.384
2017-03-19 14:30:00,2.396
2017-03-19 14:15:00,2.389
2017-03-19 14:00:00,2.392
2017-03-19 13:45:00,2.399
2017-03-19 13:30:00,2.413
2017-03-19 13:15:00,2.411
2017-03-19 13:00:00,2.416
2017-03-19 12:45:00,2.423
2017-03-19 12:30:00,2.425
2017-03-19 12:15:00,2.412
2017-03-19 12:00:00,2.434
2017-03-19 11:45:00,2.452
2017-03-19 11:30:00,2.553
2017-03-19 11:15:00,28.592
2017-03-19 11:00:00,165.428
2017-03-19 10:45:00,159.151
2017-03-19 10:30:00,152.351
2017-03-19 10:15:00,143.871
2017-03-19 10:00:00,130.878
2017-03-19 09:45:00,120.575
2017-03-19 09:30:00,108.522
2017-03-19 09:15:00,96.82
2017-03-19 09:00:00,82.674
2017-03-19 08:45:00,65.249
2017-03-19 08:30:00,48.551
2017-03-19 08:15:00,19.12
2017-03-19 08:00:00,2.65
2017-03-19 07:45:00,0.41
2017-03-19 07:30:00,-6.987
2017-03-19 07:15:00,-15.518
2017-03-19 07:00:00,-16.413
2017-03-19 06:45:00,-17.169
2017-03-19 06:30:00,-17.817
2017-03-19 06:15:00,-17.36
2017-03-19 06:00:00,-17.26
2017-03-19 05:45:00,-19.031
2017-03-19 05:30:00,-18.125
2017-03-19 05:15:00,-18.038
2017-03-19 05:00:00,-17.871
2017-03-19 04:45:00,-17.4
2017-03-19 04:30:00,-18.632
2017-03-19 04:15:00,-18.276
2017-03-19 04:00:00,-19.526
2017-03-19 03:45:00,-18.744
2017-03-19 03:30:00,-18.135
2017-03-19 03:15:00,-19.457
2017-03-19 03:00:00,-19.459
2017-03-19 02:45:00,-16.958
2017-03-19 02:30:00,-18.527
2017-03-19 02:15:00,-18.926
2017-03-19 02:00:00,-18.891
2017-03-19 01:45:00,-18.168
2017-03-19 01:30:00,-18.388
2017-03-19 01:15:00,-18.175
2017-03-19 01:00:00,-19.523
2017-03-19 00:45:00,-18.463
2017-03-19 00:30:00,-20.999
2017-03-19 00:15:00,-18.527
2017-03-19 00:00:00,-20.31
2017-03-18 23:45:00,-21.917
2017-03-18 23:30:00,-22.854
2017-03-18 23:15:00,-22.234
2017-03-18 23:00:00,-23.291
2017-03-18 22:45:00,-23.182
2017-03-18 22:30:00,-21.607
2017-03-18 22:15:00,-22.999
2017-03-18 22:00:00,-22.046
2017-03-18 21:45:00,-22.567
2017-03-18 21:30:00,-21.19
2017-03-18 21:15:00,-24.013
2017-03-18 21:00:00,-22.78
2017-03-18 20:45:00,-24.381
2017-03-18 20:30:00,-26.063
2017-03-18 20:15:00,-25.288
2017-03-18 20:00:00,-23.966
2017-03-18 19:45:00,-24.495
2017-03-18 19:30:00,-25.172
2017-03-18 19:15:00,-26.007
2017-03-18 19:00:00,-19.332
2017-03-18 18:45:00,-15.777
2017-03-18 18:30:00,-9.606
2017-03-18 18:15:00,-6.882
2017-03-18 18:00:00,-16.182
2017-03-18 17:45:00,-13.424
2017-03-18 17:30:00,1.782
2017-03-18 17:15:00,2.352
2017-03-18 17:00:00,2.355
2017-03-18 16:45:00,2.362
2017-03-18 16:30:00,2.367
2017-03-18 16:15:00,2.375
2017-03-18 16:00:00,2.374
2017-03-18 15:45:00,2.374
2017-03-18 15:30:00,2.374
2017-03-18 15:15:00,2.384
2017-03-18 15:00:00,2.385
2017-03-18 14:45:00,2.408
2017-03-18 14:30:00,2.392
2017-03-18 14:15:00,2.415
2017-03-18 14:00:00,2.421
2017-03-18 13:45:00,2.421
2017-03-18 13:30:00,2.43
2017-03-18 13:15:00,2.455
2017-03-18 13:00:00,2.492
2017-03-18 12:45:00,2.622
2017-03-18 12:30:00,2.799
2017-03-18 12:15:00,117.72
2017-03-18 12:00:00,198.162
2017-03-18 11:45:00,193.717
2017-03-18 11:30:00,190.952
2017-03-18 11:15:00,186.988
2017-03-18 11:00:00,179.767
2017-03-18 10:45:00,128.684
2017-03-18 10:30:00,93.903
2017-03-18 10:15:00,65.292
2017-03-18 10:00:00,51.205
2017-03-18 09:45:00,51.855
2017-03-18 09:30:00,27.893
2017-03-18 09:15:00,14.694
2017-03-18 09:00:00,11.219
2017-03-18 08:45:00,5.023
2017-03-18 08:30:00,3.857
2017-03-18 08:15:00,1.869
2017-03-18 08:00:00,1.543
2017-03-18 07:45:00,-22.018
2017-03-18 07:30:00,-27.444
2017-03-18 07:15:00,-32.673
2017-03-18 07:00:00,-32.581
2017-03-18 06:45:00,-33.678
2017-03-18 06:30:00,-34.121
2017-03-18 06:15:00,-31.001
2017-03-18 06:00:00,-33.497
2017-03-18 05:45:00,-25.797
2017-03-18 05:30:00,-16.982
2017-03-18 05:15:00,-17.51
2017-03-18 05:00:00,-17.204
2017-03-18 04:45:00,-17.346
2017-03-18 04:30:00,-16.006
2017-03-18 04:15:00,-16.274
2017-03-18 04:00:00,-16.496
2017-03-18 03:45:00,-16.233
2017-03-18 03:30:00,-14.652
2017-03-18 03:15:00,-18.61
2017-03-18 03:00:00,-17.058
2017-03-18 02:45:00,-17.299
2017-03-18 02:30:00,-17.46
2017-03-18 02:15:00,-19.148
2017-03-18 02:00:00,-18.101
2017-03-18 01:45:00,-18.774
2017-03-18 01:30:00,-20.77
2017-03-18 01:15:00,-19.453
2017-03-18 01:00:00,-19.638
2017-03-18 00:45:00,-20.508
2017-03-18 00:30:00,-20.398
2017-03-18 00:15:00,-19.981
2017-03-18 00:00:00,-21.732
2017-03-17 23:45:00,-22.621
2017-03-17 23:30:00,-19.854
2017-03-17 23:15:00,-19.827
2017-03-17 23:00:00,-20.473
2017-03-17 22:45:00,-21.815
2017-03-17 22:30:00,-19.038
2017-03-17 22:15:00,-21.563
2017-03-17 22:00:00,-21.772
2017-03-17 21:45:00,-21.532
2017-03-17 21:30:00,-20.309
2017-03-17 21:15:00,-22.413
2017-03-17 21:00:00,-21.686
2017-03-17 20:45:00,-21.655
2017-03-17 20:30:00,-21.415
2017-03-17 20:15:00,-27.243
2017-03-17 20:00:00,-32.062
2017-03-17 19:45:00,-33.246
2017-03-17 19:30:00,-35.068
2017-03-17 19:15:00,-35.224
2017-03-17 19:00:00,-29.215
2017-03-17 18:45:00,-30.23
2017-03-17 18:30:00,-22.083
2017-03-17 18:15:00,-7.484
2017-03-17 18:00:00,1.727
2017-03-17 17:45:00,2.303
2017-03-17 17:30:00,2.302
2017-03-17 17:15:00,2.3
2017-03-17 17:00:00,2.319
2017-03-17 16:45:00,2.314
2017-03-17 16:30:00,2.324
2017-03-17 16:15:00,2.325
2017-03-17 16:00:00,2.322
2017-03-17 15:45:00,2.322
2017-03-17 15:30:00,2.318
2017-03-17 15:15:00,2.321
2017-03-17 15:00:00,2.327
2017-03-17 14:45:00,2.333
2017-03-17 14:30:00,2.333
2017-03-17 14:15:00,2.33
2017-03-17 14:00:00,2.334
2017-03-17 13:45:00,2.337
2017-03-17 13:30:00,2.348
2017-03-17 13:15:00,2.341
2017-03-17 13:00:00,2.34
2017-03-17 12:45:00,2.337
2017-03-17 12:30:00,2.334
2017-03-17 12:15:00,2.334
2017-03-17 12:00:00,2.326
2017-03-17 11:45:00,2.321
2017-03-17 11:30:00,2.328
2017-03-17 11:15:00,2.325
2017-03-17 11:00:00,2.331
2017-03-17 10:45:00,2.326
2017-03-17 10:30:00,2.327
2017-03-17 10:15:00,2.322
2017-03-17 10:00:00,2.322
2017-03-17 09:45:00,2.322
2017-03-17 09:30:00,2.316
2017-03-17 09:15:00,2.316
2017-03-17 09:00:00,2.818
2017-03-17 08:45:00,6.488
2017-03-17 08:30:00,16.527
2017-03-17 08:15:00,4.048
2017-03-17 08:00:00,0.292
2017-03-17 07:45:00,-2.088
2017-03-17 07:30:00,-0.732
2017-03-17 07:15:00,-1.932
2017-03-17 07:00:00,0.897
2017-03-17 06:45:00,0.544
2017-03-17 06:30:00,1.343
2017-03-17 06:15:00,1.846
2017-03-17 06:00:00,1.826
2017-03-17 05:45:00,2.247
2017-03-17 05:30:00,0.058
2017-03-17 05:15:00,2.213
2017-03-17 05:00:00,2.262
2017-03-17 04:45:00,2.527
2017-03-17 04:30:00,2.312
2017-03-17 04:15:00,2.262
2017-03-17 04:00:00,3.211
2017-03-17 03:45:00,4.126
2017-03-17 03:30:00,6.111
2017-03-17 03:15:00,4.686
2017-03-17 03:00:00,5.167
2017-03-17 02:45:00,5.639
2017-03-17 02:30:00,7.285
2017-03-17 02:15:00,5.969
2017-03-17 02:00:00,6.691
2017-03-17 01:45:00,6.217
2017-03-17 01:30:00,6.665
2017-03-17 01:15:00,5.225
2017-03-17 01:00:00,4.505
2017-03-17 00:45:00,3.607
2017-03-17 00:30:00,2.731
2017-03-17 00:15:00,2.42
2017-03-17 00:00:00,3.078
2017-03-16 23:45:00,2.56
2017-03-16 23:30:00,2.325
2017-03-16 23:15:00,3.345
2017-03-16 23:00:00,2.58
2017-03-16 22:45:00,2.556
2017-03-16 22:30:00,2.308
2017-03-16 22:15:00,3.232
2017-03-16 22:00:00,2.279
2017-03-16 21:45:00,2.422
2017-03-16 21:30:00,2.647
2017-03-16 21:15:00,2.545
2017-03-16 21:00:00,2.474
2017-03-16 20:45:00,2.387
2017-03-16 20:30:00,2.49
2017-03-16 20:15:00,-0.923
2017-03-16 20:00:00,-7.099
2017-03-16 19:45:00,-9.449
2017-03-16 19:30:00,-5.314
2017-03-16 19:15:00,-15.647
2017-03-16 19:00:00,-24.572
2017-03-16 18:45:00,-21.992
2017-03-16 18:30:00,-0.948
2017-03-16 18:15:00,2.344
2017-03-16 18:00:00,2.333
2017-03-16 17:45:00,2.338
2017-03-16 17:30:00,2.325
2017-03-16 17:15:00,2.336
2017-03-16 17:00:00,2.335
2017-03-16 16:45:00,2.342
2017-03-16 16:30:00,2.335
2017-03-16 16:15:00,2.365
2017-03-16 16:00:00,2.37
2017-03-16 15:45:00,2.379
2017-03-16 15:30:00,2.358
2017-03-16 15:15:00,2.368
2017-03-16 15:00:00,2.387
2017-03-16 14:45:00,2.392
2017-03-16 14:30:00,2.41
2017-03-16 14:15:00,2.404
2017-03-16 14:00:00,2.408
2017-03-16 13:45:00,2.405
2017-03-16 13:30:00,2.416
2017-03-16 13:15:00,2.435
2017-03-16 13:00:00,2.478
2017-03-16 12:45:00,2.564
2017-03-16 12:30:00,2.789
2017-03-16 12:15:00,144.807
2017-03-16 12:00:00,166.081
2017-03-16 11:45:00,168.947
2017-03-16 11:30:00,163.149
2017-03-16 11:15:00,156.281
2017-03-16 11:00:00,151.022
2017-03-16 10:45:00,142.629
2017-03-16 10:30:00,136.392
2017-03-16 10:15:00,126.112
2017-03-16 10:00:00,106.818
2017-03-16 09:45:00,77.83
2017-03-16 09:30:00,29.365
2017-03-16 09:15:00,2.102
2017-03-16 09:00:00,0.283
2017-03-16 08:45:00,-6.235
2017-03-16 08:30:00,-11.127
2017-03-16 08:15:00,-27.517
2017-03-16 08:00:00,-32.762
2017-03-16 07:45:00,-37.404
2017-03-16 07:30:00,-28.798
2017-03-16 07:15:00,-34.817
2017-03-16 07:00:00,-33.623
2017-03-16 06:45:00,-35.539
2017-03-16 06:30:00,-32.488
2017-03-16 06:15:00,-31.008
2017-03-16 06:00:00,-31.805
2017-03-16 05:45:00,-32.285
2017-03-16 05:30:00,-33.697
2017-03-16 05:15:00,-19.593
2017-03-16 05:00:00,-14.249
2017-03-16 04:45:00,-14.27
2017-03-16 04:30:00,-14.913
2017-03-16 04:15:00,-12.805
2017-03-16 04:00:00,-13.652
2017-03-16 03:45:00,-15.291
2017-03-16 03:30:00,-14.592
2017-03-16 03:15:00,-15.046
2017-03-16 03:00:00,-15.505
2017-03-16 02:45:00,-14.438
2017-03-16 02:30:00,-14.28
2017-03-16 02:15:00,-13.235
2017-03-16 02:00:00,-13.313
2017-03-16 01:45:00,-14.585
2017-03-16 01:30:00,-14.547
2017-03-16 01:15:00,-12.783
2017-03-16 01:00:00,-15.015
2017-03-16 00:45:00,-15.141
2017-03-16 00:30:00,-13.057
2017-03-16 00:15:00,-14.466
2017-03-16 00:00:00,-15.468
2017-03-15 23:45:00,-15.113
2017-03-15 23:30:00,-14.307
2017-03-15 23:15:00,-15.959
2017-03-15 23:00:00,-15.592
2017-03-15 22:45:00,-17.139
2017-03-15 22:30:00,-16.347
2017-03-15 22:15:00,-16.295
2017-03-15 22:00:00,-18.079
2017-03-15 21:45:00,-17.628
2017-03-15 21:30:00,-17.683
2017-03-15 21:15:00,-20.009
2017-03-15 21:00:00,-20.369
2017-03-15 20:45:00,-20.815
2017-03-15 20:30:00,-19.805
2017-03-15 20:15:00,-26.551
2017-03-15 20:00:00,-36.617
2017-03-15 19:45:00,-47.059
2017-03-15 19:30:00,-48.015
2017-03-15 19:15:00,-40.511
2017-03-15 19:00:00,-29.592
2017-03-15 18:45:00,-29.782
2017-03-15 18:30:00,-23.322
2017-03-15 18:15:00,-8.652
2017-03-15 18:00:00,-3.512
2017-03-15 17:45:00,1.359
2017-03-15 17:30:00,2.2
2017-03-15 17:15:00,2.213
2017-03-15 17:00:00,2.326
2017-03-15 16:45:00,2.32
2017-03-15 16:30:00,2.332
2017-03-15 16:15:00,2.333
2017-03-15 16:00:00,2.332
2017-03-15 15:45:00,2.328
2017-03-15 15:30:00,2.345
2017-03-15 15:15:00,2.358
2017-03-15 15:00:00,2.375
2017-03-15 14:45:00,3.334
2017-03-15 14:30:00,2.377
2017-03-15 14:15:00,2.397
2017-03-15 14:00:00,3.162
2017-03-15 13:45:00,2.416
2017-03-15 13:30:00,4.018
2017-03-15 13:15:00,4.551
2017-03-15 13:00:00,6.329
2017-03-15 12:45:00,29.226
2017-03-15 12:30:00,96.12
2017-03-15 12:15:00,119.386
2017-03-15 12:00:00,161.238
2017-03-15 11:45:00,58.791
2017-03-15 11:30:00,54.519
2017-03-15 11:15:00,116.217
2017-03-15 11:00:00,139.008
2017-03-15 10:45:00,127.819
2017-03-15 10:30:00,103.215
2017-03-15 10:15:00,68.861
2017-03-15 10:00:00,113.871
2017-03-15 09:45:00,40.908
2017-03-15 09:30:00,75.028
2017-03-15 09:15:00,75.671
2017-03-15 09:00:00,42.328
2017-03-15 08:45:00,-1.633
2017-03-15 08:30:00,14.71
2017-03-15 08:15:00,1.504
2017-03-15 08:00:00,-11.903
2017-03-15 07:45:00,-7.724
2017-03-15 07:30:00,-31.359
2017-03-15 07:15:00,-16.56
2017-03-15 07:00:00,-15.778
2017-03-15 06:45:00,-19.214
2017-03-15 06:30:00,-18.602
2017-03-15 06:15:00,-19.78
2017-03-15 06:00:00,-20.914
2017-03-15 05:45:00,-23.245
2017-03-15 05:30:00,-25.904
2017-03-15 05:15:00,-16.447
2017-03-15 05:00:00,-12.398
2017-03-15 04:45:00,-13.418
2017-03-15 04:30:00,-13.719
2017-03-15 04:15:00,-14.038
2017-03-15 04:00:00,-14.184
2017-03-15 03:45:00,-13.678
2017-03-15 03:30:00,-13.942
2017-03-15 03:15:00,-15.404
2017-03-15 03:00:00,-15.796
2017-03-15 02:45:00,-14.845
2017-03-15 02:30:00,-15.96
2017-03-15 02:15:00,-15.702
2017-03-15 02:00:00,-14.761
2017-03-15 01:45:00,-16.024
2017-03-15 01:30:00,-16.688
2017-03-15 01:15:00,-16.293
2017-03-15 01:00:00,-14.262
2017-03-15 00:45:00,-16.546
2017-03-15 00:30:00,-17.857
2017-03-15 00:15:00,-15.73
2017-03-15 00:00:00,-15.043
2017-03-14 23:45:00,-17.96
2017-03-14 23:30:00,-16.416
2017-03-14 23:15:00,-17.955
2017-03-14 23:00:00,-17.404
2017-03-14 22:45:00,-18.016
2017-03-14 22:30:00,-16.647
2017-03-14 22:15:00,-18.017
2017-03-14 22:00:00,-18.774
2017-03-14 21:45:00,-16.949
2017-03-14 21:30:00,-17.484
2017-03-14 21:15:00,-19.442
2017-03-14 21:00:00,-19.225
2017-03-14 20:45:00,-18.165
2017-03-14 20:30:00,-20.685
2017-03-14 20:15:00,-29.382
2017-03-14 20:00:00,-38.99
2017-03-14 19:45:00,-39.545
2017-03-14 19:30:00,-41.014
2017-03-14 19:15:00,-48.192
2017-03-14 19:00:00,-51.603
2017-03-14 18:45:00,-51.001
2017-03-14 18:30:00,-42.877
2017-03-14 18:15:00,-41.625
2017-03-14 18:00:00,-35.882
2017-03-14 17:45:00,-27.335
2017-03-14 17:30:00,-7.679
2017-03-14 17:15:00,-3.296
2017-03-14 17:00:00,-0.789
2017-03-14 16:45:00,-1.709
2017-03-14 16:30:00,2.34
2017-03-14 16:15:00,2.341
2017-03-14 16:00:00,2.343
2017-03-14 15:45:00,2.347
2017-03-14 15:30:00,2.36
2017-03-14 15:15:00,2.36
2017-03-14 15:00:00,2.365
2017-03-14 14:45:00,2.377
2017-03-14 14:30:00,2.381
2017-03-14 14:15:00,2.383
2017-03-14 14:00:00,2.394
2017-03-14 13:45:00,2.411
2017-03-14 13:30:00,2.413
2017-03-14 13:15:00,2.416
2017-03-14 13:00:00,2.433
2017-03-14 12:45:00,2.461
2017-03-14 12:30:00,2.534
2017-03-14 12:15:00,21.064
2017-03-14 12:00:00,144.589
2017-03-14 11:45:00,140.404
2017-03-14 11:30:00,133.764
2017-03-14 11:15:00,131.843
2017-03-14 11:00:00,122.69
2017-03-14 10:45:00,114.213
2017-03-14 10:30:00,109.17
2017-03-14 10:15:00,101.375
2017-03-14 10:00:00,89.057
2017-03-14 09:45:00,80.643
2017-03-14 09:30:00,69.77
2017-03-14 09:15:00,52.905
2017-03-14 09:00:00,40.818
2017-03-14 08:45:00,25.011
2017-03-14 08:30:00,9.131
2017-03-14 08:15:00,2.1
2017-03-14 08:00:00,0.052
2017-03-14 07:45:00,-12.826
2017-03-14 07:30:00,-33.002
2017-03-14 07:15:00,-52.6
2017-03-14 07:00:00,-34.68
2017-03-14 06:45:00,-30.762
2017-03-14 06:30:00,-31.117
2017-03-14 06:15:00,-29.074
2017-03-14 06:00:00,-30.747
2017-03-14 05:45:00,-28.798
2017-03-14 05:30:00,-29.702
2017-03-14 05:15:00,-15.521
2017-03-14 05:00:00,-10.695
2017-03-14 04:45:00,-9.669
2017-03-14 04:30:00,-9.85
2017-03-14 04:15:00,-11.412
2017-03-14 04:00:00,-9.146
2017-03-14 03:45:00,-11.692
2017-03-14 03:30:00,-11.491
2017-03-14 03:15:00,-10.734
2017-03-14 03:00:00,-8.105
2017-03-14 02:45:00,-10.482
2017-03-14 02:30:00,-10.757
2017-03-14 02:15:00,-9.876
2017-03-14 02:00:00,-10.141
2017-03-14 01:45:00,-9.769
2017-03-14 01:30:00,-11.873
2017-03-14 01:15:00,-10.569
2017-03-14 01:00:00,-11.132
2017-03-14 00:45:00,-12.245
2017-03-14 00:30:00,-11.222
2017-03-14 00:15:00,-11.41
2017-03-14 00:00:00,-13.269
2017-03-13 23:45:00,-16.801
2017-03-13 23:30:00,-15.902
2017-03-13 23:15:00,-15.457
2017-03-13 23:00:00,-17.426
2017-03-13 22:45:00,-15.858
2017-03-13 22:30:00,-15.897
2017-03-13 22:15:00,-15.801
2017-03-13 22:00:00,-17.545
2017-03-13 21:45:00,-17.659
2017-03-13 21:30:00,-15.991
2017-03-13 21:15:00,-18.342
2017-03-13 21:00:00,-21.039
2017-03-13 20:45:00,-21.799
2017-03-13 20:30:00,-21.23
2017-03-13 20:15:00,-28.666
2017-03-13 20:00:00,-34.551
2017-03-13 19:45:00,-35.732
2017-03-13 19:30:00,-36.359
2017-03-13 19:15:00,-38.592
2017-03-13 19:00:00,-32.694
2017-03-13 18:45:00,-45.271
2017-03-13 18:30:00,-37.791
2017-03-13 18:15:00,-31.665
2017-03-13 18:00:00,-19.875
2017-03-13 17:45:00,-8.837
2017-03-13 17:30:00,2.361
2017-03-13 17:15:00,2.361
2017-03-13 17:00:00,2.369
2017-03-13 16:45:00,2.384
2017-03-13 16:30:00,2.393
2017-03-13 16:15:00,2.396
2017-03-13 16:00:00,2.391
2017-03-13 15:45:00,2.395
2017-03-13 15:30:00,2.386
2017-03-13 15:15:00,2.39
2017-03-13 15:00:00,2.386
2017-03-13 14:45:00,2.396
2017-03-13 14:30:00,2.386
2017-03-13 14:15:00,2.406
2017-03-13 14:00:00,2.415
2017-03-13 13:45:00,2.425
2017-03-13 13:30:00,2.432
2017-03-13 13:15:00,2.425
2017-03-13 13:00:00,2.445
2017-03-13 12:45:00,2.479
2017-03-13 12:30:00,2.549
2017-03-13 12:15:00,3.076
2017-03-13 12:00:00,158.161
2017-03-13 11:45:00,150.506
2017-03-13 11:30:00,146.146
2017-03-13 11:15:00,141.271
2017-03-13 11:00:00,136.134
2017-03-13 10:45:00,126.644
2017-03-13 10:30:00,118.511
2017-03-13 10:15:00,108.242
2017-03-13 10:00:00,98.138
2017-03-13 09:45:00,86.656
2017-03-13 09:30:00,74.31
2017-03-13 09:15:00,68.049
2017-03-13 09:00:00,53.463
2017-03-13 08:45:00,34.984
2017-03-13 08:30:00,23.277
2017-03-13 08:15:00,4.484
2017-03-13 08:00:00,0.68
2017-03-13 07:45:00,-13.718
2017-03-13 07:30:00,-41.911
2017-03-13 07:15:00,-53.565
2017-03-13 07:00:00,-40.174
2017-03-13 06:45:00,-38.501
2017-03-13 06:30:00,-36.926
2017-03-13 06:15:00,-37.113
2017-03-13 06:00:00,-36.218
2017-03-13 05:45:00,-35.38
2017-03-13 05:30:00,-35.312
2017-03-13 05:15:00,-25.285
2017-03-13 05:00:00,-17.902
2017-03-13 04:45:00,-16.704
2017-03-13 04:30:00,-17.072
2017-03-13 04:15:00,-17.392
2017-03-13 04:00:00,-17.217
2017-03-13 03:45:00,-17.361
2017-03-13 03:30:00,-18.748
2017-03-13 03:15:00,-18.135
2017-03-13 03:00:00,-16.871
2017-03-13 02:45:00,-17.575
2017-03-13 02:30:00,-18.482
2017-03-13 02:15:00,-18.012
2017-03-13 02:00:00,-17.703
2017-03-13 01:45:00,-18.34
2017-03-13 01:30:00,-19.542
2017-03-13 01:15:00,-17.352
2017-03-13 01:00:00,-17.607
2017-03-13 00:45:00,-18.875
2017-03-13 00:30:00,-18.269
2017-03-13 00:15:00,-17.634
2017-03-13 00:00:00,-19.496
2017-03-12 23:45:00,-18.61
2017-03-12 23:30:00,-18.471
2017-03-12 23:15:00,-17.265
2017-03-12 23:00:00,-19.901
2017-03-12 22:45:00,-19.563
2017-03-12 22:30:00,-18.09
2017-03-12 22:15:00,-18.493
2017-03-12 22:00:00,-18.145
2017-03-12 21:45:00,-17.824
2017-03-12 21:30:00,-20.886
2017-03-12 21:15:00,-22.777
2017-03-12 21:00:00,-23.228
2017-03-12 20:45:00,-22.423
2017-03-12 20:30:00,-22.451
2017-03-12 20:15:00,-23.99
2017-03-12 20:00:00,-23.434
2017-03-12 19:45:00,-23.639
2017-03-12 19:30:00,-26.352
2017-03-12 19:15:00,-27.033
2017-03-12 19:00:00,-21.544
2017-03-12 18:45:00,-19.344
2017-03-12 18:30:00,-25.572
2017-03-12 18:15:00,-17.588
2017-03-12 18:00:00,-0.649
2017-03-12 17:45:00,2.333
2017-03-12 17:30:00,2.34
2017-03-12 17:15:00,2.342
2017-03-12 17:00:00,2.345
2017-03-12 16:45:00,2.346
2017-03-12 16:30:00,2.34
2017-03-12 16:15:00,2.345
2017-03-12 16:00:00,2.352
2017-03-12 15:45:00,2.348
2017-03-12 15:30:00,2.346
2017-03-12 15:15:00,2.345
2017-03-12 15:00:00,2.358
2017-03-12 14:45:00,2.359
2017-03-12 14:30:00,2.361
2017-03-12 14:15:00,2.367
2017-03-12 14:00:00,2.369
2017-03-12 13:45:00,2.373
2017-03-12 13:30:00,2.371
2017-03-12 13:15:00,2.387
2017-03-12 13:00:00,2.381
2017-03-12 12:45:00,2.397
2017-03-12 12:30:00,2.396
2017-03-12 12:15:00,2.398
2017-03-12 12:00:00,2.417
2017-03-12 11:45:00,2.457
2017-03-12 11:30:00,2.568
2017-03-12 11:15:00,53.744
2017-03-12 11:00:00,170.27
2017-03-12 10:45:00,164.343
2017-03-12 10:30:00,155.056
2017-03-12 10:15:00,146.598
2017-03-12 10:00:00,135.624
2017-03-12 09:45:00,121.986
2017-03-12 09:30:00,92.901
2017-03-12 09:15:00,80.111
2017-03-12 09:00:00,39.859
2017-03-12 08:45:00,16.832
2017-03-12 08:30:00,5.124
2017-03-12 08:15:00,1.997
2017-03-12 08:00:00,2.009
2017-03-12 07:45:00,-3.292
2017-03-12 07:30:00,-9.303
2017-03-12 07:15:00,-15.823
2017-03-12 07:00:00,-16.408
2017-03-12 06:45:00,-15.949
2017-03-12 06:30:00,-23.705
2017-03-12 06:15:00,-31.327
2017-03-12 06:00:00,-32.485
2017-03-12 05:45:00,-21.046
2017-03-12 05:30:00,-15.761
2017-03-12 05:15:00,-14.364
2017-03-12 05:00:00,-16.34
2017-03-12 04:45:00,-15.51
2017-03-12 04:30:00,-14.756
2017-03-12 04:15:00,-15.338
2017-03-12 04:00:00,-17.31
2017-03-12 03:45:00,-16.384
2017-03-12 03:30:00,-15.255
2017-03-12 03:15:00,-16.257
2017-03-12 03:00:00,-15.486
2017-03-12 02:45:00,-17.575
2017-03-12 02:30:00,-18.482
2017-03-12 02:15:00,-18.012
2017-03-12 02:00:00,-17.703
2017-03-12 01:45:00,-15.37
2017-03-12 01:30:00,-15.459
2017-03-12 01:15:00,-17.177
2017-03-12 01:00:00,-15.68
2017-03-12 00:45:00,-15.272
2017-03-12 00:30:00,-16.893
2017-03-12 00:15:00,-15.414
2017-03-12 00:00:00,-16.553
2017-03-11 23:45:00,-15.6
2017-03-11 23:30:00,-17.539
2017-03-11 23:15:00,-18.846
2017-03-11 23:00:00,-16.315
2017-03-11 22:45:00,-16.61
2017-03-11 22:30:00,-17.74
2017-03-11 22:15:00,-15.939
2017-03-11 22:00:00,-16.702
2017-03-11 21:45:00,-18.923
2017-03-11 21:30:00,-18.443
2017-03-11 21:15:00,-17.923
2017-03-11 21:00:00,-16.652
2017-03-11 20:45:00,-18.629
2017-03-11 20:30:00,-21.562
2017-03-11 20:15:00,-21.571
2017-03-11 20:00:00,-22.218
2017-03-11 19:45:00,-21.814
2017-03-11 19:30:00,-21.879
2017-03-11 19:15:00,-21.441
2017-03-11 19:00:00,-24.504
2017-03-11 18:45:00,-22.317
2017-03-11 18:30:00,-23.766
2017-03-11 18:15:00,-23.904
2017-03-11 18:00:00,-21.785
2017-03-11 17:45:00,-18.218
2017-03-11 17:30:00,-16.414
2017-03-11 17:15:00,-15.773
2017-03-11 17:00:00,-7.606
2017-03-11 16:45:00,2.34
2017-03-11 16:30:00,2.365
2017-03-11 16:15:00,2.361
2017-03-11 16:00:00,2.363
2017-03-11 15:45:00,2.36
2017-03-11 15:30:00,2.363
2017-03-11 15:15:00,2.364
2017-03-11 15:00:00,2.363
2017-03-11 14:45:00,2.376
2017-03-11 14:30:00,2.372
2017-03-11 14:15:00,2.38
2017-03-11 14:00:00,2.378
2017-03-11 13:45:00,2.39
2017-03-11 13:30:00,2.393
2017-03-11 13:15:00,2.389
2017-03-11 13:00:00,2.393
2017-03-11 12:45:00,2.401
2017-03-11 12:30:00,2.41
2017-03-11 12:15:00,2.41
2017-03-11 12:00:00,2.407
2017-03-11 11:45:00,2.405
2017-03-11 11:30:00,2.417
2017-03-11 11:15:00,2.438
2017-03-11 11:00:00,2.492
2017-03-11 10:45:00,2.658
2017-03-11 10:30:00,73.643
2017-03-11 10:15:00,176.017
2017-03-11 10:00:00,167.792
2017-03-11 09:45:00,161.591
2017-03-11 09:30:00,153.159
2017-03-11 09:15:00,144.681
2017-03-11 09:00:00,137.102
2017-03-11 08:45:00,124.97
2017-03-11 08:30:00,110.634
2017-03-11 08:15:00,96.519
2017-03-11 08:00:00,82.075
2017-03-11 07:45:00,64.748
2017-03-11 07:30:00,45.286
2017-03-11 07:15:00,9.134
2017-03-11 07:00:00,1.809
2017-03-11 06:45:00,-0.747
2017-03-11 06:30:00,-7.75
2017-03-11 06:15:00,-13.23
2017-03-11 06:00:00,-14.625
2017-03-11 05:45:00,-15.78
2017-03-11 05:30:00,-15.343
2017-03-11 05:15:00,-13.491
2017-03-11 05:00:00,-14.603
2017-03-11 04:45:00,-14.916
2017-03-11 04:30:00,-14.303
2017-03-11 04:15:00,-14.078
2017-03-11 04:00:00,-16.71
2017-03-11 03:45:00,-15.449
2017-03-11 03:30:00,-13.099
2017-03-11 03:15:00,-14.571
2017-03-11 03:00:00,-14.219
2017-03-11 02:45:00,-15.005
2017-03-11 02:30:00,-13.484
2017-03-11 02:15:00,-14.516
2017-03-11 02:00:00,-15.15
2017-03-11 01:45:00,-15.242
2017-03-11 01:30:00,-14.311
2017-03-11 01:15:00,-15.645
2017-03-11 01:00:00,-15.227
2017-03-11 00:45:00,-14.181
2017-03-11 00:30:00,-15.519
2017-03-11 00:15:00,-14.2
2017-03-11 00:00:00,-14.631
2017-03-10 23:45:00,-14.4
2017-03-10 23:30:00,-15.583
2017-03-10 23:15:00,-16.032
2017-03-10 23:00:00,-15.657
2017-03-10 22:45:00,-16.214
2017-03-10 22:30:00,-16.864
2017-03-10 22:15:00,-15.51
2017-03-10 22:00:00,-16.548
2017-03-10 21:45:00,-17.735
2017-03-10 21:30:00,-17.963
2017-03-10 21:15:00,-17.641
2017-03-10 21:00:00,-18.882
2017-03-10 20:45:00,-19.493
2017-03-10 20:30:00,-20.522
2017-03-10 20:15:00,-25.762
2017-03-10 20:00:00,-40.613
2017-03-10 19:45:00,-41.299
2017-03-10 19:30:00,-43.297
2017-03-10 19:15:00,-56.61
2017-03-10 19:00:00,-49.984
2017-03-10 18:45:00,-43.734
2017-03-10 18:30:00,-47.789
2017-03-10 18:15:00,-51.393
2017-03-10 18:00:00,-46.781
2017-03-10 17:45:00,-43.174
2017-03-10 17:30:00,-38.783
2017-03-10 17:15:00,-50.456
2017-03-10 17:00:00,-20.31
2017-03-10 16:45:00,-10.683
2017-03-10 16:30:00,-1.347
2017-03-10 16:15:00,12.012
2017-03-10 16:00:00,-9.033
2017-03-10 15:45:00,-14.27
2017-03-10 15:30:00,2.221
2017-03-10 15:15:00,2.321
2017-03-10 15:00:00,2.323
2017-03-10 14:45:00,2.326
2017-03-10 14:30:00,2.334
2017-03-10 14:15:00,2.331
2017-03-10 14:00:00,2.33
2017-03-10 13:45:00,2.337
2017-03-10 13:30:00,2.34
2017-03-10 13:15:00,2.334
2017-03-10 13:00:00,2.339
2017-03-10 12:45:00,2.345
2017-03-10 12:30:00,2.349
2017-03-10 12:15:00,2.348
2017-03-10 12:00:00,2.338
2017-03-10 11:45:00,2.338
2017-03-10 11:30:00,2.34
2017-03-10 11:15:00,2.337
2017-03-10 11:00:00,2.337
2017-03-10 10:45:00,2.336
2017-03-10 10:30:00,2.334
2017-03-10 10:15:00,2.331
2017-03-10 10:00:00,2.337
2017-03-10 09:45:00,2.351
2017-03-10 09:30:00,2.38
2017-03-10 09:15:00,51.423
2017-03-10 09:00:00,105.476
2017-03-10 08:45:00,62.389
2017-03-10 08:30:00,45.747
2017-03-10 08:15:00,55.306
2017-03-10 08:00:00,55.808
2017-03-10 07:45:00,39.557
2017-03-10 07:30:00,20.761
2017-03-10 07:15:00,2.48
2017-03-10 07:00:00,4.638
2017-03-10 06:45:00,-14.208
2017-03-10 06:30:00,-29.819
2017-03-10 06:15:00,-27.03
2017-03-10 06:00:00,-2.534
2017-03-10 05:45:00,-3.185
2017-03-10 05:30:00,-5.434
2017-03-10 05:15:00,-0.401
2017-03-10 05:00:00,2.073
2017-03-10 04:45:00,2.075
2017-03-10 04:30:00,2.073
2017-03-10 04:15:00,2.072
2017-03-10 04:00:00,2.07
2017-03-10 03:45:00,2.073
2017-03-10 03:30:00,2.065
2017-03-10 03:15:00,2.065
2017-03-10 03:00:00,2.064
2017-03-10 02:45:00,2.065
2017-03-10 02:30:00,2.063
2017-03-10 02:15:00,2.07
2017-03-10 02:00:00,2.071
2017-03-10 01:45:00,2.076
2017-03-10 01:30:00,2.069
2017-03-10 01:15:00,2.075
2017-03-10 01:00:00,2.08
2017-03-10 00:45:00,2.084
2017-03-10 00:30:00,2.074
2017-03-10 00:15:00,2.069
2017-03-10 00:00:00,2.069
2017-03-09 23:45:00,2.063
2017-03-09 23:30:00,2.064
2017-03-09 23:15:00,2.064
2017-03-09 23:00:00,2.068
2017-03-09 22:45:00,2.071
2017-03-09 22:30:00,2.058
2017-03-09 22:15:00,2.059
2017-03-09 22:00:00,2.058
2017-03-09 21:45:00,2.064
2017-03-09 21:30:00,2.066
2017-03-09 21:15:00,2.069
2017-03-09 21:00:00,2.08
2017-03-09 20:45:00,2.07
2017-03-09 20:30:00,2.075
2017-03-09 20:15:00,-3.987
2017-03-09 20:00:00,-16.105
2017-03-09 19:45:00,-14.396
2017-03-09 19:30:00,-17.786
2017-03-09 19:15:00,-18.518
2017-03-09 19:00:00,-25.766
2017-03-09 18:45:00,-33.587
2017-03-09 18:30:00,-40.32
2017-03-09 18:15:00,-36.124
2017-03-09 18:00:00,-24.491
2017-03-09 17:45:00,-24.353
2017-03-09 17:30:00,-18.812
2017-03-09 17:15:00,-4.782
2017-03-09 17:00:00,2.303
2017-03-09 16:45:00,2.303
2017-03-09 16:30:00,2.306
2017-03-09 16:15:00,2.295
2017-03-09 16:00:00,2.299
2017-03-09 15:45:00,2.302
2017-03-09 15:30:00,2.301
2017-03-09 15:15:00,2.309
2017-03-09 15:00:00,2.318
2017-03-09 14:45:00,2.324
2017-03-09 14:30:00,2.326
2017-03-09 14:15:00,2.325
2017-03-09 14:00:00,2.331
2017-03-09 13:45:00,2.336
2017-03-09 13:30:00,2.338
2017-03-09 13:15:00,2.333
2017-03-09 13:00:00,2.329
2017-03-09 12:45:00,2.33
2017-03-09 12:30:00,2.332
2017-03-09 12:15:00,2.334
2017-03-09 12:00:00,2.333
2017-03-09 11:45:00,2.326
2017-03-09 11:30:00,2.339
2017-03-09 11:15:00,2.346
2017-03-09 11:00:00,2.339
2017-03-09 10:45:00,2.336
2017-03-09 10:30:00,2.345
2017-03-09 10:15:00,2.344
2017-03-09 10:00:00,2.351
2017-03-09 09:45:00,2.371
2017-03-09 09:30:00,2.385
2017-03-09 09:15:00,2.415
2017-03-09 09:00:00,83.994
2017-03-09 08:45:00,96.995
2017-03-09 08:30:00,82.378
2017-03-09 08:15:00,63.296
2017-03-09 08:00:00,43.816
2017-03-09 07:45:00,39.653
2017-03-09 07:30:00,17.738
2017-03-09 07:15:00,4.242
2017-03-09 07:00:00,1.119
2017-03-09 06:45:00,-14.092
2017-03-09 06:30:00,-24.126
2017-03-09 06:15:00,-15.605
2017-03-09 06:00:00,-15.481
2017-03-09 05:45:00,-23.751
2017-03-09 05:30:00,-24.908
2017-03-09 05:15:00,-5.553
2017-03-09 05:00:00,2.081
2017-03-09 04:45:00,2.085
2017-03-09 04:30:00,2.086
2017-03-09 04:15:00,2.085
2017-03-09 04:00:00,2.075
2017-03-09 03:45:00,2.076
2017-03-09 03:30:00,2.072
2017-03-09 03:15:00,2.072
2017-03-09 03:00:00,2.074
2017-03-09 02:45:00,2.067
2017-03-09 02:30:00,2.072
2017-03-09 02:15:00,2.07
2017-03-09 02:00:00,2.073
2017-03-09 01:45:00,2.071
2017-03-09 01:30:00,2.073
2017-03-09 01:15:00,2.066
2017-03-09 01:00:00,2.067
2017-03-09 00:45:00,2.069
2017-03-09 00:30:00,2.069
2017-03-09 00:15:00,2.064
2017-03-09 00:00:00,2.073
2017-03-08 23:45:00,2.076
2017-03-08 23:30:00,2.087
2017-03-08 23:15:00,2.088
2017-03-08 23:00:00,2.087
2017-03-08 22:45:00,2.102
2017-03-08 22:30:00,2.097
2017-03-08 22:15:00,2.095
2017-03-08 22:00:00,2.092
2017-03-08 21:45:00,2.079
2017-03-08 21:30:00,2.075
2017-03-08 21:15:00,2.077
2017-03-08 21:00:00,2.085
2017-03-08 20:45:00,2.086
2017-03-08 20:30:00,2.108
2017-03-08 20:15:00,-4.415
2017-03-08 20:00:00,-11.257
2017-03-08 19:45:00,-12.222
2017-03-08 19:30:00,-11.85
2017-03-08 19:15:00,-13.28
2017-03-08 19:00:00,-19.478
2017-03-08 18:45:00,-32.374
2017-03-08 18:30:00,-26.211
2017-03-08 18:15:00,-18.509
2017-03-08 18:00:00,-21.372
2017-03-08 17:45:00,-19.656
2017-03-08 17:30:00,-16.09
2017-03-08 17:15:00,-18.567
2017-03-08 17:00:00,2.316
2017-03-08 16:45:00,2.322
2017-03-08 16:30:00,2.327
2017-03-08 16:15:00,2.321
2017-03-08 16:00:00,2.323
2017-03-08 15:45:00,2.326
2017-03-08 15:30:00,2.334
2017-03-08 15:15:00,2.336
2017-03-08 15:00:00,2.338
2017-03-08 14:45:00,2.347
2017-03-08 14:30:00,2.35
2017-03-08 14:15:00,2.341
2017-03-08 14:00:00,2.345
2017-03-08 13:45:00,2.343
2017-03-08 13:30:00,2.334
2017-03-08 13:15:00,2.342
2017-03-08 13:00:00,2.343
2017-03-08 12:45:00,2.342
2017-03-08 12:30:00,2.342
2017-03-08 12:15:00,2.343
2017-03-08 12:00:00,2.341
2017-03-08 11:45:00,2.354
2017-03-08 11:30:00,2.358
2017-03-08 11:15:00,2.356
2017-03-08 11:00:00,2.35
2017-03-08 10:45:00,2.351
2017-03-08 10:30:00,2.364
2017-03-08 10:15:00,2.368
2017-03-08 10:00:00,2.377
2017-03-08 09:45:00,2.393
2017-03-08 09:30:00,2.403
2017-03-08 09:15:00,2.421
2017-03-08 09:00:00,69.682
2017-03-08 08:45:00,79.986
2017-03-08 08:30:00,60.215
2017-03-08 08:15:00,49.285
2017-03-08 08:00:00,43.298
2017-03-08 07:45:00,35.027
2017-03-08 07:30:00,17.591
2017-03-08 07:15:00,2.414
2017-03-08 07:00:00,1.564
2017-03-08 06:45:00,-19.338
2017-03-08 06:30:00,-40.012
2017-03-08 06:15:00,-26.401
2017-03-08 06:00:00,-25.992
2017-03-08 05:45:00,-10.797
2017-03-08 05:30:00,-10.086
2017-03-08 05:15:00,0.453
2017-03-08 05:00:00,-2.571
2017-03-08 04:45:00,-6.517
2017-03-08 04:30:00,-6.442
2017-03-08 04:15:00,-4.194
2017-03-08 04:00:00,-0.37
2017-03-08 03:45:00,2.157
2017-03-08 03:30:00,2.149
2017-03-08 03:15:00,2.153
2017-03-08 03:00:00,1.991
2017-03-08 02:45:00,-6.345
2017-03-08 02:30:00,-5.547
2017-03-08 02:15:00,-4.227
2017-03-08 02:00:00,2.175
2017-03-08 01:45:00,2.175
2017-03-08 01:30:00,2.17
2017-03-08 01:15:00,2.172
2017-03-08 01:00:00,2.174
2017-03-08 00:45:00,2.184
2017-03-08 00:30:00,2.181
2017-03-08 00:15:00,2.192
2017-03-08 00:00:00,2.194
2017-03-07 23:45:00,2.191
2017-03-07 23:30:00,2.193
2017-03-07 23:15:00,2.18
2017-03-07 23:00:00,2.182
2017-03-07 22:45:00,2.185
2017-03-07 22:30:00,2.19
2017-03-07 22:15:00,2.193
2017-03-07 22:00:00,2.186
2017-03-07 21:45:00,2.172
2017-03-07 21:30:00,2.154
2017-03-07 21:15:00,2.158
2017-03-07 21:00:00,2.167
2017-03-07 20:45:00,2.182
2017-03-07 20:30:00,2.207
2017-03-07 20:15:00,-3.132
2017-03-07 20:00:00,-14.752
2017-03-07 19:45:00,-11.271
2017-03-07 19:30:00,-13.912
2017-03-07 19:15:00,-13.266
2017-03-07 19:00:00,-14.169
2017-03-07 18:45:00,-13.411
2017-03-07 18:30:00,-14.787
2017-03-07 18:15:00,-13.666
2017-03-07 18:00:00,-13.532
2017-03-07 17:45:00,-11.368
2017-03-07 17:30:00,-5.633
2017-03-07 17:15:00,-0.743
2017-03-07 17:00:00,2.352
2017-03-07 16:45:00,2.353
2017-03-07 16:30:00,2.361
2017-03-07 16:15:00,2.365
2017-03-07 16:00:00,2.351
2017-03-07 15:45:00,2.344
2017-03-07 15:30:00,2.349
2017-03-07 15:15:00,2.346
2017-03-07 15:00:00,2.343
2017-03-07 14:45:00,2.356
2017-03-07 14:30:00,2.372
2017-03-07 14:15:00,2.372
2017-03-07 14:00:00,2.372
2017-03-07 13:45:00,2.371
2017-03-07 13:30:00,2.359
2017-03-07 13:15:00,2.369
2017-03-07 13:00:00,2.376
2017-03-07 12:45:00,2.392
2017-03-07 12:30:00,2.412
2017-03-07 12:15:00,2.415
2017-03-07 12:00:00,2.426
2017-03-07 11:45:00,2.455
2017-03-07 11:30:00,2.613
2017-03-07 11:15:00,99.71
2017-03-07 11:00:00,150.678
2017-03-07 10:45:00,146.012
2017-03-07 10:30:00,144.467
2017-03-07 10:15:00,131.739
2017-03-07 10:00:00,124.88
2017-03-07 09:45:00,116.721
2017-03-07 09:30:00,106.092
2017-03-07 09:15:00,94.052
2017-03-07 09:00:00,85.347
2017-03-07 08:45:00,77.112
2017-03-07 08:30:00,73.303
2017-03-07 08:15:00,59.093
2017-03-07 08:00:00,44.508
2017-03-07 07:45:00,27.126
2017-03-07 07:30:00,11.397
2017-03-07 07:15:00,15.339
2017-03-07 07:00:00,2.557
2017-03-07 06:45:00,-2.08
2017-03-07 06:30:00,-11.826
2017-03-07 06:15:00,-21.883
2017-03-07 06:00:00,-23.268
2017-03-07 05:45:00,-25.192
2017-03-07 05:30:00,-29.029
2017-03-07 05:15:00,-31.989
2017-03-07 05:00:00,-20.845
2017-03-07 04:45:00,-22.046
2017-03-07 04:30:00,-23.287
2017-03-07 04:15:00,-22.25
2017-03-07 04:00:00,-21.655
2017-03-07 03:45:00,-21.696
2017-03-07 03:30:00,-17.363
2017-03-07 03:15:00,-9.29
2017-03-07 03:00:00,-14.13
2017-03-07 02:45:00,-24.182
2017-03-07 02:30:00,-25.418
2017-03-07 02:15:00,-25.34
2017-03-07 02:00:00,-23.84
2017-03-07 01:45:00,-25.437
2017-03-07 01:30:00,-27.097
2017-03-07 01:15:00,-25.379
2017-03-07 01:00:00,-22.253
2017-03-07 00:45:00,-9.608
2017-03-07 00:30:00,-10.363
2017-03-07 00:15:00,-10.936
2017-03-07 00:00:00,-24.661
2017-03-06 23:45:00,-27.869
2017-03-06 23:30:00,-30.23
2017-03-06 23:15:00,-32.267
2017-03-06 23:00:00,-27.468
2017-03-06 22:45:00,-20.683
2017-03-06 22:30:00,-20.059
2017-03-06 22:15:00,-18.152
2017-03-06 22:00:00,-19.387
2017-03-06 21:45:00,-21.407
2017-03-06 21:30:00,-19.91
2017-03-06 21:15:00,-18.874
2017-03-06 21:00:00,-19.796
2017-03-06 20:45:00,-19.847
2017-03-06 20:30:00,-20.052
2017-03-06 20:15:00,-20.501
2017-03-06 20:00:00,-26.604
2017-03-06 19:45:00,-26.329
2017-03-06 19:30:00,-27.103
2017-03-06 19:15:00,-26.138
2017-03-06 19:00:00,-25.518
2017-03-06 18:45:00,-25.73
2017-03-06 18:30:00,-41.995
2017-03-06 18:15:00,-50.778
2017-03-06 18:00:00,-38.766
2017-03-06 17:45:00,-31.655
2017-03-06 17:30:00,-22.891
2017-03-06 17:15:00,-9.541
2017-03-06 17:00:00,1.091
2017-03-06 16:45:00,0.595
2017-03-06 16:30:00,0.597
2017-03-06 16:15:00,0.604
2017-03-06 16:00:00,0.602
2017-03-06 15:45:00,0.597
2017-03-06 15:30:00,0.593
2017-03-06 15:15:00,0.593
2017-03-06 15:00:00,0.597
2017-03-06 14:45:00,0.603
2017-03-06 14:30:00,0.925
2017-03-06 14:15:00,2.359
2017-03-06 14:00:00,2.367
2017-03-06 13:45:00,2.367
2017-03-06 13:30:00,2.37
2017-03-06 13:15:00,2.368
2017-03-06 13:00:00,2.37
2017-03-06 12:45:00,2.378
2017-03-06 12:30:00,2.391
2017-03-06 12:15:00,2.395
2017-03-06 12:00:00,2.407
2017-03-06 11:45:00,2.437
2017-03-06 11:30:00,2.485
2017-03-06 11:15:00,2.653
2017-03-06 11:00:00,106.606
2017-03-06 10:45:00,168.869
2017-03-06 10:30:00,163.006
2017-03-06 10:15:00,155.183
2017-03-06 10:00:00,150.161
2017-03-06 09:45:00,138.665
2017-03-06 09:30:00,132.214
2017-03-06 09:15:00,122.217
2017-03-06 09:00:00,96.66
2017-03-06 08:45:00,83.836
2017-03-06 08:30:00,69.955
2017-03-06 08:15:00,67.25
2017-03-06 08:00:00,48.463
2017-03-06 07:45:00,28.975
2017-03-06 07:30:00,12.69
2017-03-06 07:15:00,14.198
2017-03-06 07:00:00,2.857
2017-03-06 06:45:00,-3.657
2017-03-06 06:30:00,-11.69
2017-03-06 06:15:00,-21.733
2017-03-06 06:00:00,-25.772
2017-03-06 05:45:00,-30.663
2017-03-06 05:30:00,-32.882
2017-03-06 05:15:00,-32.616
2017-03-06 05:00:00,-26.39
2017-03-06 04:45:00,-26.267
2017-03-06 04:30:00,-27.436
2017-03-06 04:15:00,-29.351
2017-03-06 04:00:00,-33.454
2017-03-06 03:45:00,-31.864
2017-03-06 03:30:00,-22.33
2017-03-06 03:15:00,-17.966
2017-03-06 03:00:00,-28.214
2017-03-06 02:45:00,-33.667
2017-03-06 02:30:00,-36.391
2017-03-06 02:15:00,-38.133
2017-03-06 02:00:00,-37.352
2017-03-06 01:45:00,-39.155
2017-03-06 01:30:00,-41.066
2017-03-06 01:15:00,-42.05
2017-03-06 01:00:00,-43.9
2017-03-06 00:45:00,-35.162
2017-03-06 00:30:00,-28.493
2017-03-06 00:15:00,-26.162
2017-03-06 00:00:00,-31.306
2017-03-05 23:45:00,-43.887
2017-03-05 23:30:00,-45.292
2017-03-05 23:15:00,-28.651
2017-03-05 23:00:00,-23.629
2017-03-05 22:45:00,-10.782
2017-03-05 22:30:00,-9.607
2017-03-05 22:15:00,-10.118
2017-03-05 22:00:00,-17.762
2017-03-05 21:45:00,-29.405
2017-03-05 21:30:00,-26.125
2017-03-05 21:15:00,-27.459
2017-03-05 21:00:00,-20.828
2017-03-05 20:45:00,-10.7
2017-03-05 20:30:00,-9.653
2017-03-05 20:15:00,-10.271
2017-03-05 20:00:00,-11.203
2017-03-05 19:45:00,-11.017
2017-03-05 19:30:00,-12.162
2017-03-05 19:15:00,-10.498
2017-03-05 19:00:00,-10.582
2017-03-05 18:45:00,-8.451
2017-03-05 18:30:00,-10.95
2017-03-05 18:15:00,-11.108
2017-03-05 18:00:00,-9.563
2017-03-05 17:45:00,-10.612
2017-03-05 17:30:00,-8.267
2017-03-05 17:15:00,-8.436
2017-03-05 17:00:00,0.568
2017-03-05 16:45:00,2.028
2017-03-05 16:30:00,2.319
2017-03-05 16:15:00,2.316
2017-03-05 16:00:00,2.307
2017-03-05 15:45:00,2.324
2017-03-05 15:30:00,2.651
2017-03-05 15:15:00,2.332
2017-03-05 15:00:00,2.333
2017-03-05 14:45:00,2.338
2017-03-05 14:30:00,2.36
2017-03-05 14:15:00,2.367
2017-03-05 14:00:00,2.376
2017-03-05 13:45:00,2.381
2017-03-05 13:30:00,2.414
2017-03-05 13:15:00,2.441
2017-03-05 13:00:00,2.602
2017-03-05 12:45:00,74.388
2017-03-05 12:30:00,185.573
2017-03-05 12:15:00,135.469
2017-03-05 12:00:00,94.724
2017-03-05 11:45:00,114.211
2017-03-05 11:30:00,155.604
2017-03-05 11:15:00,117.471
2017-03-05 11:00:00,68.301
2017-03-05 10:45:00,83.844
2017-03-05 10:30:00,48.716
2017-03-05 10:15:00,62.533
2017-03-05 10:00:00,51.873
2017-03-05 09:45:00,54.38
2017-03-05 09:30:00,36.414
2017-03-05 09:15:00,18.6
2017-03-05 09:00:00,28.894
2017-03-05 08:45:00,16.937
2017-03-05 08:30:00,11.07
2017-03-05 08:15:00,9.618
2017-03-05 08:00:00,3.663
2017-03-05 07:45:00,1.916
2017-03-05 07:30:00,-3.026
2017-03-05 07:15:00,-14.365
2017-03-05 07:00:00,-20.25
2017-03-05 06:45:00,-17.345
2017-03-05 06:30:00,-3.281
2017-03-05 06:15:00,-9.547
2017-03-05 06:00:00,-12.016
2017-03-05 05:45:00,-12.795
2017-03-05 05:30:00,-25.32
2017-03-05 05:15:00,-27.867
2017-03-05 05:00:00,-17.762
2017-03-05 04:45:00,-13.811
2017-03-05 04:30:00,-13.14
2017-03-05 04:15:00,-28.616
2017-03-05 04:00:00,-33.654
2017-03-05 03:45:00,-33.805
2017-03-05 03:30:00,-24.999
2017-03-05 03:15:00,-20.956
2017-03-05 03:00:00,-19.997
2017-03-05 02:45:00,-23.411
2017-03-05 02:30:00,-38.613
2017-03-05 02:15:00,-41.317
2017-03-05 02:00:00,-39.924
2017-03-05 01:45:00,-30.133
2017-03-05 01:30:00,-27.368
2017-03-05 01:15:00,-26.232
2017-03-05 01:00:00,-27.421
2017-03-05 00:45:00,-27.028
2017-03-05 00:30:00,-27.577
2017-03-05 00:15:00,-28.259
2017-03-05 00:00:00,-45.935
2017-03-04 23:45:00,-44.858
2017-03-04 23:30:00,-39.454
2017-03-04 23:15:00,-13.199
2017-03-04 23:00:00,-12.502
2017-03-04 22:45:00,-11.139
2017-03-04 22:30:00,-11.54
2017-03-04 22:15:00,-12.91
2017-03-04 22:00:00,-13.524
2017-03-04 21:45:00,-15.049
2017-03-04 21:30:00,-13.735
2017-03-04 21:15:00,-13.801
2017-03-04 21:00:00,-11.305
2017-03-04 20:45:00,-12.543
2017-03-04 20:30:00,-13.307
2017-03-04 20:15:00,-13.113
2017-03-04 20:00:00,-12.542
2017-03-04 19:45:00,-13.531
2017-03-04 19:30:00,-13.003
2017-03-04 19:15:00,-13.271
2017-03-04 19:00:00,-14.611
2017-03-04 18:45:00,-14.241
2017-03-04 18:30:00,-14.817
2017-03-04 18:15:00,-11.097
2017-03-04 18:00:00,-13.551
2017-03-04 17:45:00,-12.723
2017-03-04 17:30:00,-9.286
2017-03-04 17:15:00,-0.544
2017-03-04 17:00:00,1.732
2017-03-04 16:45:00,2.325
2017-03-04 16:30:00,2.317
2017-03-04 16:15:00,2.326
2017-03-04 16:00:00,2.319
2017-03-04 15:45:00,2.319
2017-03-04 15:30:00,2.326
2017-03-04 15:15:00,2.337
2017-03-04 15:00:00,2.333
2017-03-04 14:45:00,2.332
2017-03-04 14:30:00,2.34
2017-03-04 14:15:00,2.343
2017-03-04 14:00:00,2.339
2017-03-04 13:45:00,2.337
2017-03-04 13:30:00,2.34
2017-03-04 13:15:00,2.347
2017-03-04 13:00:00,2.343
2017-03-04 12:45:00,2.353
2017-03-04 12:30:00,2.366
2017-03-04 12:15:00,2.373
2017-03-04 12:00:00,2.394
2017-03-04 11:45:00,2.424
2017-03-04 11:30:00,2.483
2017-03-04 11:15:00,2.713
2017-03-04 11:00:00,138.524
2017-03-04 10:45:00,172.887
2017-03-04 10:30:00,171.029
2017-03-04 10:15:00,168.899
2017-03-04 10:00:00,163.383
2017-03-04 09:45:00,110.041
2017-03-04 09:30:00,91.646
2017-03-04 09:15:00,113.938
2017-03-04 09:00:00,89.725
2017-03-04 08:45:00,85.973
2017-03-04 08:30:00,48.664
2017-03-04 08:15:00,19.164
2017-03-04 08:00:00,6.202
2017-03-04 07:45:00,29.656
2017-03-04 07:30:00,33.746
2017-03-04 07:15:00,15.302
2017-03-04 07:00:00,-3.204
2017-03-04 06:45:00,-18.127
2017-03-04 06:30:00,-23.202
2017-03-04 06:15:00,-27.614
2017-03-04 06:00:00,-25.668
2017-03-04 05:45:00,-21.398
2017-03-04 05:30:00,-12.708
2017-03-04 05:15:00,-11.579
2017-03-04 05:00:00,-11.602
2017-03-04 04:45:00,-30.179
2017-03-04 04:30:00,-34.105
2017-03-04 04:15:00,-34.438
2017-03-04 04:00:00,-39.61
2017-03-04 03:45:00,-27.721
2017-03-04 03:30:00,-25.883
2017-03-04 03:15:00,-24.826
2017-03-04 03:00:00,-26.966
2017-03-04 02:45:00,-41.012
2017-03-04 02:30:00,-42.545
2017-03-04 02:15:00,-41.564
2017-03-04 02:00:00,-27.894
2017-03-04 01:45:00,-27.48
2017-03-04 01:30:00,-27.13
2017-03-04 01:15:00,-28.664
2017-03-04 01:00:00,-28.193
2017-03-04 00:45:00,-27.817
2017-03-04 00:30:00,-27.383
2017-03-04 00:15:00,-27.574
2017-03-04 00:00:00,-28.004
2017-03-03 23:45:00,-27.691
2017-03-03 23:30:00,-28.888
2017-03-03 23:15:00,-1.954
2017-03-03 23:00:00,2.089
2017-03-03 22:45:00,2.084
2017-03-03 22:30:00,2.092
2017-03-03 22:15:00,2.082
2017-03-03 22:00:00,2.067
2017-03-03 21:45:00,2.068
2017-03-03 21:30:00,2.073
2017-03-03 21:15:00,2.073
2017-03-03 21:00:00,2.081
2017-03-03 20:45:00,2.093
2017-03-03 20:30:00,2.138
2017-03-03 20:15:00,-9.898
2017-03-03 20:00:00,-33.666
2017-03-03 19:45:00,-33.286
2017-03-03 19:30:00,-32.778
2017-03-03 19:15:00,-33.617
2017-03-03 19:00:00,-34.74
2017-03-03 18:45:00,-37.0
2017-03-03 18:30:00,-39.721
2017-03-03 18:15:00,-43.731
2017-03-03 18:00:00,-53.335
2017-03-03 17:45:00,-52.081
2017-03-03 17:30:00,-37.604
2017-03-03 17:15:00,-19.109
2017-03-03 17:00:00,2.334
2017-03-03 16:45:00,2.329
2017-03-03 16:30:00,2.331
2017-03-03 16:15:00,2.334
2017-03-03 16:00:00,2.339
2017-03-03 15:45:00,2.346
2017-03-03 15:30:00,2.351
2017-03-03 15:15:00,2.347
2017-03-03 15:00:00,2.354
2017-03-03 14:45:00,2.354
2017-03-03 14:30:00,2.369
2017-03-03 14:15:00,2.364
2017-03-03 14:00:00,2.367
2017-03-03 13:45:00,2.365
2017-03-03 13:30:00,2.37
2017-03-03 13:15:00,2.379
2017-03-03 13:00:00,2.389
2017-03-03 12:45:00,2.403
2017-03-03 12:30:00,2.406
2017-03-03 12:15:00,2.407
2017-03-03 12:00:00,2.425
2017-03-03 11:45:00,2.465
2017-03-03 11:30:00,2.646
2017-03-03 11:15:00,105.034
2017-03-03 11:00:00,155.456
2017-03-03 10:45:00,150.926
2017-03-03 10:30:00,146.064
2017-03-03 10:15:00,139.187
2017-03-03 10:00:00,135.004
2017-03-03 09:45:00,128.158
2017-03-03 09:30:00,119.775
2017-03-03 09:15:00,113.201
2017-03-03 09:00:00,99.739
2017-03-03 08:45:00,88.319
2017-03-03 08:30:00,73.85
2017-03-03 08:15:00,62.637
2017-03-03 08:00:00,41.84
2017-03-03 07:45:00,9.723
2017-03-03 07:30:00,2.37
2017-03-03 07:15:00,2.162
2017-03-03 07:00:00,-8.803
2017-03-03 06:45:00,-30.214
2017-03-03 06:30:00,-32.21
2017-03-03 06:15:00,-37.379
2017-03-03 06:00:00,-41.669
2017-03-03 05:45:00,-43.333
2017-03-03 05:30:00,-48.566
2017-03-03 05:15:00,-39.422
2017-03-03 05:00:00,-38.705
2017-03-03 04:45:00,-38.621
2017-03-03 04:30:00,-40.827
2017-03-03 04:15:00,-40.718
2017-03-03 04:00:00,-26.927
2017-03-03 03:45:00,-26.497
2017-03-03 03:30:00,-29.252
2017-03-03 03:15:00,-43.169
2017-03-03 03:00:00,-41.123
2017-03-03 02:45:00,-41.202
2017-03-03 02:30:00,-32.312
2017-03-03 02:15:00,-27.593
2017-03-03 02:00:00,-26.18
2017-03-03 01:45:00,-27.314
2017-03-03 01:30:00,-28.203
2017-03-03 01:15:00,-41.824
2017-03-03 01:00:00,-36.03
2017-03-03 00:45:00,-27.113
2017-03-03 00:30:00,-26.797
2017-03-03 00:15:00,-26.264
2017-03-03 00:00:00,-26.675
2017-03-02 23:45:00,-26.718
2017-03-02 23:30:00,-28.737
2017-03-02 23:15:00,6.846
2017-03-02 23:00:00,10.822
2017-03-02 22:45:00,12.416
2017-03-02 22:30:00,11.178
2017-03-02 22:15:00,13.074
2017-03-02 22:00:00,11.366
2017-03-02 21:45:00,10.511
2017-03-02 21:30:00,12.953
2017-03-02 21:15:00,12.288
2017-03-02 21:00:00,9.979
2017-03-02 20:45:00,10.596
2017-03-02 20:30:00,12.666
2017-03-02 20:15:00,-4.124
2017-03-02 20:00:00,-35.906
2017-03-02 19:45:00,-36.978
2017-03-02 19:30:00,-36.458
2017-03-02 19:15:00,-38.835
2017-03-02 19:00:00,-37.603
2017-03-02 18:45:00,-37.285
2017-03-02 18:30:00,-38.421
2017-03-02 18:15:00,-37.698
2017-03-02 18:00:00,-37.8
2017-03-02 17:45:00,-37.024
2017-03-02 17:30:00,-35.748
2017-03-02 17:15:00,-21.457
2017-03-02 17:00:00,1.546
2017-03-02 16:45:00,1.552
2017-03-02 16:30:00,1.557
2017-03-02 16:15:00,1.561
2017-03-02 16:00:00,1.556
2017-03-02 15:45:00,1.561
2017-03-02 15:30:00,1.576
2017-03-02 15:15:00,1.568
2017-03-02 15:00:00,1.574
2017-03-02 14:45:00,1.581
2017-03-02 14:30:00,1.569
2017-03-02 14:15:00,1.572
2017-03-02 14:00:00,1.588
2017-03-02 13:45:00,0.579
2017-03-02 13:30:00,-0.93
2017-03-02 13:15:00,1.38
2017-03-02 13:00:00,2.377
2017-03-02 12:45:00,2.376
2017-03-02 12:30:00,2.381
2017-03-02 12:15:00,2.39
2017-03-02 12:00:00,2.4
2017-03-02 11:45:00,2.4
2017-03-02 11:30:00,2.418
2017-03-02 11:15:00,2.448
2017-03-02 11:00:00,2.547
2017-03-02 10:45:00,60.84
2017-03-02 10:30:00,167.657
2017-03-02 10:15:00,161.35
2017-03-02 10:00:00,160.007
2017-03-02 09:45:00,151.275
2017-03-02 09:30:00,138.789
2017-03-02 09:15:00,129.728
2017-03-02 09:00:00,109.759
2017-03-02 08:45:00,104.611
2017-03-02 08:30:00,87.788
2017-03-02 08:15:00,84.182
2017-03-02 08:00:00,89.022
2017-03-02 07:45:00,69.121
2017-03-02 07:30:00,40.826
2017-03-02 07:15:00,21.063
2017-03-02 07:00:00,3.387
2017-03-02 06:45:00,-15.534
2017-03-02 06:30:00,-25.969
2017-03-02 06:15:00,-31.991
2017-03-02 06:00:00,-36.261
2017-03-02 05:45:00,-39.418
2017-03-02 05:30:00,-41.821
2017-03-02 05:15:00,-28.936
2017-03-02 05:00:00,-28.987
2017-03-02 04:45:00,-30.214
2017-03-02 04:30:00,-19.63
2017-03-02 04:15:00,-17.029
2017-03-02 04:00:00,-18.703
2017-03-02 03:45:00,-28.725
2017-03-02 03:30:00,-34.574
2017-03-02 03:15:00,-36.493
2017-03-02 03:00:00,-39.997
2017-03-02 02:45:00,-40.601
2017-03-02 02:30:00,-42.657
2017-03-02 02:15:00,-36.033
2017-03-02 02:00:00,-27.405
2017-03-02 01:45:00,-28.028
2017-03-02 01:30:00,-34.405
2017-03-02 01:15:00,-44.486
2017-03-02 01:00:00,-43.678
2017-03-02 00:45:00,-39.235
2017-03-02 00:30:00,-27.13
2017-03-02 00:15:00,-27.927
2017-03-02 00:00:00,-27.775
2017-03-01 23:45:00,-27.424
2017-03-01 23:30:00,-29.021
2017-03-01 23:15:00,7.679
2017-03-01 23:00:00,13.098
2017-03-01 22:45:00,14.121
2017-03-01 22:30:00,13.426
2017-03-01 22:15:00,12.957
2017-03-01 22:00:00,14.088
2017-03-01 21:45:00,13.329
2017-03-01 21:30:00,12.101
2017-03-01 21:15:00,11.898
2017-03-01 21:00:00,14.203
2017-03-01 20:45:00,11.633
2017-03-01 20:30:00,12.493
2017-03-01 20:15:00,-2.828
2017-03-01 20:00:00,-32.396
2017-03-01 19:45:00,-33.457
2017-03-01 19:30:00,-52.89
2017-03-01 19:15:00,-38.098
2017-03-01 19:00:00,-38.628
2017-03-01 18:45:00,-39.452
2017-03-01 18:30:00,-39.231
2017-03-01 18:15:00,-46.475
2017-03-01 18:00:00,-57.6
2017-03-01 17:45:00,-61.392
2017-03-01 17:30:00,-53.241
2017-03-01 17:15:00,-36.419
2017-03-01 17:00:00,2.31
2017-03-01 16:45:00,2.31
2017-03-01 16:30:00,2.321
2017-03-01 16:15:00,2.327
2017-03-01 16:00:00,2.337
2017-03-01 15:45:00,2.341
2017-03-01 15:30:00,2.347
2017-03-01 15:15:00,2.362
2017-03-01 15:00:00,2.366
2017-03-01 14:45:00,2.381
2017-03-01 14:30:00,2.378
2017-03-01 14:15:00,2.364
2017-03-01 14:00:00,2.376
2017-03-01 13:45:00,2.38
2017-03-01 13:30:00,2.384
2017-03-01 13:15:00,2.376
2017-03-01 13:00:00,2.387
2017-03-01 12:45:00,2.39
2017-03-01 12:30:00,2.403
2017-03-01 12:15:00,2.405
2017-03-01 12:00:00,2.411
2017-03-01 11:45:00,2.418
2017-03-01 11:30:00,2.471
2017-03-01 11:15:00,2.59
2017-03-01 11:00:00,87.266
2017-03-01 10:45:00,160.222
2017-03-01 10:30:00,155.38
2017-03-01 10:15:00,153.154
2017-03-01 10:00:00,151.579
2017-03-01 09:45:00,139.107
2017-03-01 09:30:00,122.694
2017-03-01 09:15:00,117.56
2017-03-01 09:00:00,105.195
2017-03-01 08:45:00,81.826
2017-03-01 08:30:00,86.161
2017-03-01 08:15:00,81.827
2017-03-01 08:00:00,65.979
2017-03-01 07:45:00,45.912
2017-03-01 07:30:00,22.106
2017-03-01 07:15:00,2.885
2017-03-01 07:00:00,-0.553
2017-03-01 06:45:00,-6.853
2017-03-01 06:30:00,-8.898
2017-03-01 06:15:00,-12.941
2017-03-01 06:00:00,-14.291
2017-03-01 05:45:00,-21.312
2017-03-01 05:30:00,-15.646
2017-03-01 05:15:00,0.21
2017-03-01 05:00:00,-7.225
2017-03-01 04:45:00,-10.107
2017-03-01 04:30:00,-11.623
2017-03-01 04:15:00,-13.005
2017-03-01 04:00:00,-14.404
2017-03-01 03:45:00,-17.16
2017-03-01 03:30:00,-17.972
2017-03-01 03:15:00,-18.491
2017-03-01 03:00:00,-21.246
2017-03-01 02:45:00,-21.766
2017-03-01 02:30:00,-22.76
2017-03-01 02:15:00,-24.534
2017-03-01 02:00:00,-22.973
2017-03-01 01:45:00,-9.683
2017-03-01 01:30:00,-9.885
2017-03-01 01:15:00,-25.695
2017-03-01 01:00:00,-29.681
2017-03-01 00:45:00,-28.438
2017-03-01 00:30:00,-29.022
2017-03-01 00:15:00,-30.007
2017-03-01 00:00:00,-29.039
2017-02-28 23:45:00,-17.768
2017-02-28 23:30:00,-18.543
2017-02-28 23:15:00,-22.001
2017-02-28 23:00:00,-20.53
2017-02-28 22:45:00,-34.069
2017-02-28 22:30:00,-37.144
2017-02-28 22:15:00,-37.484
2017-02-28 22:00:00,-26.495
2017-02-28 21:45:00,-21.76
2017-02-28 21:30:00,-23.525
2017-02-28 21:15:00,-22.261
2017-02-28 21:00:00,-21.778
2017-02-28 20:45:00,-21.371
2017-02-28 20:30:00,-22.051
2017-02-28 20:15:00,-25.297
2017-02-28 20:00:00,-33.367
2017-02-28 19:45:00,-34.098
2017-02-28 19:30:00,-34.313
2017-02-28 19:15:00,-33.197
2017-02-28 19:00:00,-33.846
2017-02-28 18:45:00,-34.549
2017-02-28 18:30:00,-34.074
2017-02-28 18:15:00,-33.574
2017-02-28 18:00:00,-34.296
2017-02-28 17:45:00,-36.631
2017-02-28 17:30:00,-34.774
2017-02-28 17:15:00,-38.874
2017-02-28 17:00:00,-15.352
2017-02-28 16:45:00,1.03
2017-02-28 16:30:00,2.874
2017-02-28 16:15:00,2.903
2017-02-28 16:00:00,6.487
2017-02-28 15:45:00,9.125
2017-02-28 15:30:00,38.495
2017-02-28 15:15:00,75.109
2017-02-28 15:00:00,83.242
2017-02-28 14:45:00,93.719
2017-02-28 14:30:00,69.542
2017-02-28 14:15:00,114.792
2017-02-28 14:00:00,76.752
2017-02-28 13:45:00,85.949
2017-02-28 13:30:00,95.456
2017-02-28 13:15:00,52.275
2017-02-28 13:00:00,65.202
2017-02-28 12:45:00,120.954
2017-02-28 12:30:00,53.373
2017-02-28 12:15:00,85.594
2017-02-28 12:00:00,130.308
2017-02-28 11:45:00,152.411
2017-02-28 11:30:00,167.33
2017-02-28 11:15:00,47.357
2017-02-28 11:00:00,-43.25
2017-02-28 10:45:00,10.248
2017-02-28 10:30:00,64.139
2017-02-28 10:15:00,89.146
2017-02-28 10:00:00,8.289
2017-02-28 09:45:00,13.629
2017-02-28 09:30:00,-5.357
2017-02-28 09:15:00,-37.388
2017-02-28 09:00:00,-37.621
2017-02-28 08:45:00,-22.239
2017-02-28 08:30:00,59.435
2017-02-28 08:15:00,37.114
2017-02-28 08:00:00,-13.796
2017-02-28 07:45:00,-3.518
2017-02-28 07:30:00,32.397
2017-02-28 07:15:00,1.879
2017-02-28 07:00:00,1.896
2017-02-28 06:45:00,1.876
2017-02-28 06:30:00,-6.671
2017-02-28 06:15:00,-22.882
2017-02-28 06:00:00,-23.543
2017-02-28 05:45:00,-22.689
2017-02-28 05:30:00,-21.342
2017-02-28 05:15:00,1.352
2017-02-28 05:00:00,1.868
2017-02-28 04:45:00,-1.116
2017-02-28 04:30:00,-3.078
2017-02-28 04:15:00,-2.464
2017-02-28 04:00:00,-2.096
2017-02-28 03:45:00,1.53
2017-02-28 03:30:00,1.848
2017-02-28 03:15:00,0.87
2017-02-28 03:00:00,-1.29
2017-02-28 02:45:00,-1.859
2017-02-28 02:30:00,-2.142
2017-02-28 02:15:00,1.863
2017-02-28 02:00:00,1.854
2017-02-28 01:45:00,-0.479
2017-02-28 01:30:00,-3.615
2017-02-28 01:15:00,-3.807
2017-02-28 01:00:00,1.552
2017-02-28 00:45:00,1.826
2017-02-28 00:30:00,1.82
2017-02-28 00:15:00,-0.657
2017-02-28 00:00:00,-10.084
2017-02-27 23:45:00,-18.757
2017-02-27 23:30:00,-7.861
2017-02-27 23:15:00,18.841
2017-02-27 23:00:00,24.468
2017-02-27 22:45:00,6.0
2017-02-27 22:30:00,8.13
2017-02-27 22:15:00,18.23
2017-02-27 22:00:00,24.781
2017-02-27 21:45:00,24.333
2017-02-27 21:30:00,24.188
2017-02-27 21:15:00,12.594
2017-02-27 21:00:00,6.469
2017-02-27 20:45:00,7.541
2017-02-27 20:30:00,19.901
2017-02-27 20:15:00,15.889
2017-02-27 20:00:00,1.964
2017-02-27 19:45:00,1.942
2017-02-27 19:30:00,1.945
2017-02-27 19:15:00,1.957
2017-02-27 19:00:00,1.974
2017-02-27 18:45:00,1.962
2017-02-27 18:30:00,1.94
2017-02-27 18:15:00,1.93
2017-02-27 18:00:00,1.926
2017-02-27 17:45:00,1.958
2017-02-27 17:30:00,1.939
2017-02-27 17:15:00,1.906
2017-02-27 17:00:00,1.91
2017-02-27 16:45:00,1.919
2017-02-27 16:30:00,1.923
2017-02-27 16:15:00,1.959
2017-02-27 16:00:00,2.028
2017-02-27 15:45:00,1.92
2017-02-27 15:30:00,1.918
2017-02-27 15:15:00,2.196
2017-02-27 15:00:00,2.413
2017-02-27 14:45:00,2.335
2017-02-27 14:30:00,1.945
2017-02-27 14:15:00,1.912
2017-02-27 14:00:00,1.891
2017-02-27 13:45:00,1.959
2017-02-27 13:30:00,1.977
2017-02-27 13:15:00,1.985
2017-02-27 13:00:00,1.987
2017-02-27 12:45:00,1.991
2017-02-27 12:30:00,2.0
2017-02-27 12:15:00,1.997
2017-02-27 12:00:00,1.978
2017-02-27 11:45:00,1.98
2017-02-27 11:30:00,1.986
2017-02-27 11:15:00,1.974
2017-02-27 11:00:00,1.958
2017-02-27 10:45:00,1.957
2017-02-27 10:30:00,1.956
2017-02-27 10:15:00,1.912
2017-02-27 10:00:00,-1.845
2017-02-27 09:45:00,-9.824
2017-02-27 09:30:00,-1.889
2017-02-27 09:15:00,-7.367
2017-02-27 09:00:00,-9.97
2017-02-27 08:45:00,-12.117
2017-02-27 08:30:00,-16.47
2017-02-27 08:15:00,-18.095
2017-02-27 08:00:00,-12.301
2017-02-27 07:45:00,-24.167
2017-02-27 07:30:00,-25.38
2017-02-27 07:15:00,-21.66
2017-02-27 07:00:00,1.823
2017-02-27 06:45:00,1.804
2017-02-27 06:30:00,-4.205
2017-02-27 06:15:00,-13.68
2017-02-27 06:00:00,-14.962
2017-02-27 05:45:00,-24.131
2017-02-27 05:30:00,-17.547
2017-02-27 05:15:00,-11.599
2017-02-27 05:00:00,-10.368
2017-02-27 04:45:00,-14.905
2017-02-27 04:30:00,-15.769
2017-02-27 04:15:00,-16.986
2017-02-27 04:00:00,-17.6
2017-02-27 03:45:00,-4.039
2017-02-27 03:30:00,-1.072
2017-02-27 03:15:00,-20.628
2017-02-27 03:00:00,-21.982
2017-02-27 02:45:00,-23.755
2017-02-27 02:30:00,-14.742
2017-02-27 02:15:00,-10.596
2017-02-27 02:00:00,-10.638
2017-02-27 01:45:00,-25.721
2017-02-27 01:30:00,-29.082
2017-02-27 01:15:00,-29.535
2017-02-27 01:00:00,-24.872
2017-02-27 00:45:00,-12.888
2017-02-27 00:30:00,-14.053
2017-02-27 00:15:00,-32.135
2017-02-27 00:00:00,-31.894
2017-02-26 23:45:00,-32.754
2017-02-26 23:30:00,-33.184
2017-02-26 23:15:00,-25.649
2017-02-26 23:00:00,-17.898
2017-02-26 22:45:00,-23.212
2017-02-26 22:30:00,-35.065
2017-02-26 22:15:00,-32.934
2017-02-26 22:00:00,-33.593
2017-02-26 21:45:00,-50.004
2017-02-26 21:30:00,-48.364
2017-02-26 21:15:00,-23.028
2017-02-26 21:00:00,-23.452
2017-02-26 20:45:00,-33.682
2017-02-26 20:30:00,-37.45
2017-02-26 20:15:00,-38.57
2017-02-26 20:00:00,-34.749
2017-02-26 19:45:00,-23.488
2017-02-26 19:30:00,-22.354
2017-02-26 19:15:00,-22.29
2017-02-26 19:00:00,-27.669
2017-02-26 18:45:00,-38.801
2017-02-26 18:30:00,-39.93
2017-02-26 18:15:00,-28.173
2017-02-26 18:00:00,-23.023
2017-02-26 17:45:00,-21.652
2017-02-26 17:30:00,-17.913
2017-02-26 17:15:00,-12.543
2017-02-26 17:00:00,1.224
2017-02-26 16:45:00,2.459
2017-02-26 16:30:00,2.609
2017-02-26 16:15:00,3.477
2017-02-26 16:00:00,1.024
2017-02-26 15:45:00,2.805
2017-02-26 15:30:00,1.84
2017-02-26 15:15:00,2.332
2017-02-26 15:00:00,2.324
2017-02-26 14:45:00,2.984
2017-02-26 14:30:00,2.322
2017-02-26 14:15:00,2.89
2017-02-26 14:00:00,3.124
2017-02-26 13:45:00,2.789
2017-02-26 13:30:00,3.704
2017-02-26 13:15:00,4.505
2017-02-26 13:00:00,7.593
2017-02-26 12:45:00,16.578
2017-02-26 12:30:00,159.954
2017-02-26 12:15:00,45.354
2017-02-26 12:00:00,60.434
2017-02-26 11:45:00,53.356
2017-02-26 11:30:00,80.857
2017-02-26 11:15:00,116.293
2017-02-26 11:00:00,140.487
2017-02-26 10:45:00,108.798
2017-02-26 10:30:00,107.718
2017-02-26 10:15:00,79.018
2017-02-26 10:00:00,29.617
2017-02-26 09:45:00,56.068
2017-02-26 09:30:00,20.736
2017-02-26 09:15:00,38.763
2017-02-26 09:00:00,32.074
2017-02-26 08:45:00,12.971
2017-02-26 08:30:00,35.443
2017-02-26 08:15:00,4.785
2017-02-26 08:00:00,1.278
2017-02-26 07:45:00,-9.047
2017-02-26 07:30:00,-19.484
2017-02-26 07:15:00,-14.341
2017-02-26 07:00:00,-13.534
2017-02-26 06:45:00,-17.286
2017-02-26 06:30:00,-27.151
2017-02-26 06:15:00,-37.372
2017-02-26 06:00:00,-37.692
2017-02-26 05:45:00,-38.242
2017-02-26 05:30:00,-39.35
2017-02-26 05:15:00,-25.714
2017-02-26 05:00:00,-23.564
2017-02-26 04:45:00,-23.702
2017-02-26 04:30:00,-38.718
2017-02-26 04:15:00,-42.596
2017-02-26 04:00:00,-42.222
2017-02-26 03:45:00,-42.711
2017-02-26 03:30:00,-29.47
2017-02-26 03:15:00,-27.296
2017-02-26 03:00:00,-28.464
2017-02-26 02:45:00,-27.297
2017-02-26 02:30:00,-42.394
2017-02-26 02:15:00,-43.369
2017-02-26 02:00:00,-44.999
2017-02-26 01:45:00,-41.749
2017-02-26 01:30:00,-41.15
2017-02-26 01:15:00,-28.558
2017-02-26 01:00:00,-27.762
2017-02-26 00:45:00,-27.921
2017-02-26 00:30:00,-27.845
2017-02-26 00:15:00,-27.639
2017-02-26 00:00:00,-26.04
2017-02-25 23:45:00,-33.983
2017-02-25 23:30:00,-44.814
2017-02-25 23:15:00,-3.354
2017-02-25 23:00:00,2.301
2017-02-25 22:45:00,2.301
2017-02-25 22:30:00,2.307
2017-02-25 22:15:00,2.315
2017-02-25 22:00:00,2.314
2017-02-25 21:45:00,2.317
2017-02-25 21:30:00,2.316
2017-02-25 21:15:00,2.31
2017-02-25 21:00:00,2.309
2017-02-25 20:45:00,2.301
2017-02-25 20:30:00,2.308
2017-02-25 20:15:00,2.305
2017-02-25 20:00:00,2.302
2017-02-25 19:45:00,2.305
2017-02-25 19:30:00,2.308
2017-02-25 19:15:00,2.315
2017-02-25 19:00:00,2.322
2017-02-25 18:45:00,2.319
2017-02-25 18:30:00,2.324
2017-02-25 18:15:00,2.326
2017-02-25 18:00:00,2.325
2017-02-25 17:45:00,2.329
2017-02-25 17:30:00,2.327
2017-02-25 17:15:00,2.327
2017-02-25 17:00:00,2.343
2017-02-25 16:45:00,2.343
2017-02-25 16:30:00,2.344
2017-02-25 16:15:00,2.343
2017-02-25 16:00:00,2.327
2017-02-25 15:45:00,2.33
2017-02-25 15:30:00,2.334
2017-02-25 15:15:00,2.337
2017-02-25 15:00:00,2.335
2017-02-25 14:45:00,2.343
2017-02-25 14:30:00,2.334
2017-02-25 14:15:00,2.339
2017-02-25 14:00:00,2.362
2017-02-25 13:45:00,2.369
2017-02-25 13:30:00,2.365
2017-02-25 13:15:00,2.359
2017-02-25 13:00:00,2.368
2017-02-25 12:45:00,2.378
2017-02-25 12:30:00,2.378
2017-02-25 12:15:00,2.388
2017-02-25 12:00:00,2.386
2017-02-25 11:45:00,2.401
2017-02-25 11:30:00,2.407
2017-02-25 11:15:00,2.418
2017-02-25 11:00:00,2.43
2017-02-25 10:45:00,2.472
2017-02-25 10:30:00,2.627
2017-02-25 10:15:00,23.011
2017-02-25 10:00:00,197.868
2017-02-25 09:45:00,188.845
2017-02-25 09:30:00,180.762
2017-02-25 09:15:00,167.335
2017-02-25 09:00:00,156.786
2017-02-25 08:45:00,145.167
2017-02-25 08:30:00,130.865
2017-02-25 08:15:00,114.102
2017-02-25 08:00:00,97.317
2017-02-25 07:45:00,77.4
2017-02-25 07:30:00,56.37
2017-02-25 07:15:00,31.979
2017-02-25 07:00:00,11.506
2017-02-25 06:45:00,1.882
2017-02-25 06:30:00,1.853
2017-02-25 06:15:00,1.845
2017-02-25 06:00:00,1.842
2017-02-25 05:45:00,1.83
2017-02-25 05:30:00,1.848
2017-02-25 05:15:00,1.85
2017-02-25 05:00:00,1.831
2017-02-25 04:45:00,1.45
2017-02-25 04:30:00,0.772
2017-02-25 04:15:00,-1.783
2017-02-25 04:00:00,-4.827
2017-02-25 03:45:00,-9.195
2017-02-25 03:30:00,-12.709
2017-02-25 03:15:00,-12.017
2017-02-25 03:00:00,-16.286
2017-02-25 02:45:00,-18.164
2017-02-25 02:30:00,-19.312
2017-02-25 02:15:00,-21.249
2017-02-25 02:00:00,-24.937
2017-02-25 01:45:00,-26.635
2017-02-25 01:30:00,-26.514
2017-02-25 01:15:00,-28.546
2017-02-25 01:00:00,-29.225
2017-02-25 00:45:00,-28.639
2017-02-25 00:30:00,-31.221
2017-02-25 00:15:00,-34.64
2017-02-25 00:00:00,-33.852
2017-02-24 23:45:00,-33.648
2017-02-24 23:30:00,-36.05
2017-02-24 23:15:00,-40.474
2017-02-24 23:00:00,-23.774
2017-02-24 22:45:00,-25.906
2017-02-24 22:30:00,-26.478
2017-02-24 22:15:00,-41.035
2017-02-24 22:00:00,-40.905
2017-02-24 21:45:00,-42.078
2017-02-24 21:30:00,-41.359
2017-02-24 21:15:00,-29.628
2017-02-24 21:00:00,-31.139
2017-02-24 20:45:00,-31.576
2017-02-24 20:30:00,-32.463
2017-02-24 20:15:00,-11.474
2017-02-24 20:00:00,-40.927
2017-02-24 19:45:00,-42.963
2017-02-24 19:30:00,-41.066
2017-02-24 19:15:00,-41.477
2017-02-24 19:00:00,-42.818
2017-02-24 18:45:00,-45.676
2017-02-24 18:30:00,-38.89
2017-02-24 18:15:00,-39.118
2017-02-24 18:00:00,-40.111
2017-02-24 17:45:00,-38.788
2017-02-24 17:30:00,-36.32
2017-02-24 17:15:00,-24.543
2017-02-24 17:00:00,2.326
2017-02-24 16:45:00,2.325
2017-02-24 16:30:00,2.325
2017-02-24 16:15:00,2.33
2017-02-24 16:00:00,2.337
2017-02-24 15:45:00,2.339
2017-02-24 15:30:00,2.331
2017-02-24 15:15:00,2.327
2017-02-24 15:00:00,2.332
2017-02-24 14:45:00,2.35
2017-02-24 14:30:00,2.36
2017-02-24 14:15:00,2.369
2017-02-24 14:00:00,2.373
2017-02-24 13:45:00,2.365
2017-02-24 13:30:00,2.372
2017-02-24 13:15:00,2.381
2017-02-24 13:00:00,2.395
2017-02-24 12:45:00,2.399
2017-02-24 12:30:00,2.409
2017-02-24 12:15:00,2.406
2017-02-24 12:00:00,2.42
2017-02-24 11:45:00,2.427
2017-02-24 11:30:00,2.468
2017-02-24 11:15:00,2.624
2017-02-24 11:00:00,91.317
2017-02-24 10:45:00,166.07
2017-02-24 10:30:00,165.604
2017-02-24 10:15:00,155.75
2017-02-24 10:00:00,141.717
2017-02-24 09:45:00,132.897
2017-02-24 09:30:00,122.582
2017-02-24 09:15:00,111.023
2017-02-24 09:00:00,101.165
2017-02-24 08:45:00,89.234
2017-02-24 08:30:00,73.523
2017-02-24 08:15:00,59.873
2017-02-24 08:00:00,50.663
2017-02-24 07:45:00,35.199
2017-02-24 07:30:00,41.826
2017-02-24 07:15:00,18.957
2017-02-24 07:00:00,2.468
2017-02-24 06:45:00,1.766
2017-02-24 06:30:00,1.753
2017-02-24 06:15:00,-2.078
2017-02-24 06:00:00,-10.506
2017-02-24 05:45:00,-20.133
2017-02-24 05:30:00,-24.314
2017-02-24 05:15:00,-25.459
2017-02-24 05:00:00,-18.753
2017-02-24 04:45:00,-19.248
2017-02-24 04:30:00,-23.789
2017-02-24 04:15:00,-27.48
2017-02-24 04:00:00,-29.676
2017-02-24 03:45:00,-30.039
2017-02-24 03:30:00,-31.482
2017-02-24 03:15:00,-31.503
2017-02-24 03:00:00,-33.102
2017-02-24 02:45:00,-34.006
2017-02-24 02:30:00,-36.95
2017-02-24 02:15:00,-37.46
2017-02-24 02:00:00,-38.666
2017-02-24 01:45:00,-40.824
2017-02-24 01:30:00,-41.229
2017-02-24 01:15:00,-40.522
2017-02-24 01:00:00,-41.834
2017-02-24 00:45:00,-43.34
2017-02-24 00:30:00,-36.011
2017-02-24 00:15:00,-27.672
2017-02-24 00:00:00,-35.174
2017-02-23 23:45:00,-43.656
2017-02-23 23:30:00,-43.774
2017-02-23 23:15:00,-9.184
2017-02-23 23:00:00,-1.104
2017-02-23 22:45:00,2.08
2017-02-23 22:30:00,2.082
2017-02-23 22:15:00,-1.491
2017-02-23 22:00:00,-4.673
2017-02-23 21:45:00,-2.454
2017-02-23 21:30:00,0.619
2017-02-23 21:15:00,2.082
2017-02-23 21:00:00,2.09
2017-02-23 20:45:00,2.09
2017-02-23 20:30:00,2.136
2017-02-23 20:15:00,-10.368
2017-02-23 20:00:00,-34.73
2017-02-23 19:45:00,-34.498
2017-02-23 19:30:00,-36.336
2017-02-23 19:15:00,-35.52
2017-02-23 19:00:00,-39.013
2017-02-23 18:45:00,-39.526
2017-02-23 18:30:00,-41.663
2017-02-23 18:15:00,-41.138
2017-02-23 18:00:00,-39.213
2017-02-23 17:45:00,-38.527
2017-02-23 17:30:00,-42.857
2017-02-23 17:15:00,-33.19
2017-02-23 17:00:00,2.349
2017-02-23 16:45:00,2.363
2017-02-23 16:30:00,2.36
2017-02-23 16:15:00,2.352
2017-02-23 16:00:00,2.356
2017-02-23 15:45:00,2.351
2017-02-23 15:30:00,2.357
2017-02-23 15:15:00,2.361
2017-02-23 15:00:00,2.363
2017-02-23 14:45:00,2.362
2017-02-23 14:30:00,2.372
2017-02-23 14:15:00,2.363
2017-02-23 14:00:00,2.373
2017-02-23 13:45:00,2.388
2017-02-23 13:30:00,2.328
2017-02-23 13:15:00,2.398
2017-02-23 13:00:00,2.395
2017-02-23 12:45:00,2.404
2017-02-23 12:30:00,2.41
2017-02-23 12:15:00,2.411
2017-02-23 12:00:00,2.412
2017-02-23 11:45:00,2.418
2017-02-23 11:30:00,2.427
2017-02-23 11:15:00,2.471
2017-02-23 11:00:00,2.682
2017-02-23 10:45:00,112.124
2017-02-23 10:30:00,185.971
2017-02-23 10:15:00,180.15
2017-02-23 10:00:00,145.612
2017-02-23 09:45:00,168.978
2017-02-23 09:30:00,143.194
2017-02-23 09:15:00,130.371
2017-02-23 09:00:00,131.467
2017-02-23 08:45:00,114.515
2017-02-23 08:30:00,95.019
2017-02-23 08:15:00,66.42
2017-02-23 08:00:00,46.353
2017-02-23 07:45:00,28.074
2017-02-23 07:30:00,12.293
2017-02-23 07:15:00,1.617
2017-02-23 07:00:00,-7.77
2017-02-23 06:45:00,-3.622
2017-02-23 06:30:00,-5.482
2017-02-23 06:15:00,-23.165
2017-02-23 06:00:00,-32.503
2017-02-23 05:45:00,-37.705
2017-02-23 05:30:00,-41.45
2017-02-23 05:15:00,-33.388
2017-02-23 05:00:00,-31.27
2017-02-23 04:45:00,-33.383
2017-02-23 04:30:00,-30.039
2017-02-23 04:15:00,-19.037
2017-02-23 04:00:00,-20.146
2017-02-23 03:45:00,-20.552
2017-02-23 03:30:00,-35.126
2017-02-23 03:15:00,-37.526
2017-02-23 03:00:00,-41.44
2017-02-23 02:45:00,-36.159
2017-02-23 02:30:00,-24.365
2017-02-23 02:15:00,-25.783
2017-02-23 02:00:00,-27.248
2017-02-23 01:45:00,-26.54
2017-02-23 01:30:00,-25.747
2017-02-23 01:15:00,-26.474
2017-02-23 01:00:00,-28.232
2017-02-23 00:45:00,-43.465
2017-02-23 00:30:00,-38.204
2017-02-23 00:15:00,-26.563
2017-02-23 00:00:00,-25.918
2017-02-22 23:45:00,-27.649
2017-02-22 23:30:00,-27.791
2017-02-22 23:15:00,-1.436
2017-02-22 23:00:00,2.471
2017-02-22 22:45:00,2.319
2017-02-22 22:30:00,2.074
2017-02-22 22:15:00,2.502
2017-02-22 22:00:00,2.116
2017-02-22 21:45:00,2.092
2017-02-22 21:30:00,2.197
2017-02-22 21:15:00,2.321
2017-02-22 21:00:00,2.483
2017-02-22 20:45:00,2.088
2017-02-22 20:30:00,2.272
2017-02-22 20:15:00,-10.188
2017-02-22 20:00:00,-32.248
2017-02-22 19:45:00,-32.818
2017-02-22 19:30:00,-32.022
2017-02-22 19:15:00,-36.071
2017-02-22 19:00:00,-37.902
2017-02-22 18:45:00,-36.765
2017-02-22 18:30:00,-36.873
2017-02-22 18:15:00,-36.605
2017-02-22 18:00:00,-38.425
2017-02-22 17:45:00,-37.234
2017-02-22 17:30:00,-35.641
2017-02-22 17:15:00,-39.791
2017-02-22 17:00:00,2.271
2017-02-22 16:45:00,2.302
2017-02-22 16:30:00,2.707
2017-02-22 16:15:00,2.322
2017-02-22 16:00:00,2.338
2017-02-22 15:45:00,2.35
2017-02-22 15:30:00,2.353
2017-02-22 15:15:00,2.357
2017-02-22 15:00:00,2.353
2017-02-22 14:45:00,3.226
2017-02-22 14:30:00,2.385
2017-02-22 14:15:00,2.393
2017-02-22 14:00:00,3.738
2017-02-22 13:45:00,2.409
2017-02-22 13:30:00,5.607
2017-02-22 13:15:00,6.563
2017-02-22 13:00:00,14.166
2017-02-22 12:45:00,78.451
2017-02-22 12:30:00,136.29
2017-02-22 12:15:00,198.239
2017-02-22 12:00:00,169.396
2017-02-22 11:45:00,85.719
2017-02-22 11:30:00,104.323
2017-02-22 11:15:00,153.15
2017-02-22 11:00:00,126.132
2017-02-22 10:45:00,120.199
2017-02-22 10:30:00,115.838
2017-02-22 10:15:00,53.808
2017-02-22 10:00:00,31.464
2017-02-22 09:45:00,95.028
2017-02-22 09:30:00,13.14
2017-02-22 09:15:00,51.035
2017-02-22 09:00:00,70.564
2017-02-22 08:45:00,9.877
2017-02-22 08:30:00,21.203
2017-02-22 08:15:00,33.778
2017-02-22 08:00:00,18.391
2017-02-22 07:45:00,0.608
2017-02-22 07:30:00,6.408
2017-02-22 07:15:00,1.894
2017-02-22 07:00:00,1.935
2017-02-22 06:45:00,1.876
2017-02-22 06:30:00,1.918
2017-02-22 06:15:00,1.887
2017-02-22 06:00:00,-5.843
2017-02-22 05:45:00,-25.89
2017-02-22 05:30:00,-22.895
2017-02-22 05:15:00,-6.201
2017-02-22 05:00:00,-2.483
2017-02-22 04:45:00,-3.234
2017-02-22 04:30:00,-3.144
2017-02-22 04:15:00,-1.018
2017-02-22 04:00:00,-4.262
2017-02-22 03:45:00,-4.492
2017-02-22 03:30:00,-1.082
2017-02-22 03:15:00,-3.653
2017-02-22 03:00:00,-1.746
2017-02-22 02:45:00,-2.328
2017-02-22 02:30:00,-2.409
2017-02-22 02:15:00,-3.961
2017-02-22 02:00:00,-4.891
2017-02-22 01:45:00,-2.524
2017-02-22 01:30:00,-1.391
2017-02-22 01:15:00,-2.026
2017-02-22 01:00:00,-1.297
2017-02-22 00:45:00,-2.336
2017-02-22 00:30:00,-3.961
2017-02-22 00:15:00,-11.841
2017-02-22 00:00:00,-13.835
2017-02-21 23:45:00,-18.026
2017-02-21 23:30:00,-23.014
2017-02-21 23:15:00,-25.804
2017-02-21 23:00:00,-23.044
2017-02-21 22:45:00,-23.861
2017-02-21 22:30:00,-25.822
2017-02-21 22:15:00,-27.039
2017-02-21 22:00:00,-27.915
2017-02-21 21:45:00,-28.08
2017-02-21 21:30:00,-28.395
2017-02-21 21:15:00,-29.249
2017-02-21 21:00:00,-33.915
2017-02-21 20:45:00,-34.1
2017-02-21 20:30:00,-33.9
2017-02-21 20:15:00,-41.618
2017-02-21 20:00:00,-56.536
2017-02-21 19:45:00,-55.783
2017-02-21 19:30:00,-53.401
2017-02-21 19:15:00,-57.185
2017-02-21 19:00:00,-58.88
2017-02-21 18:45:00,-72.122
2017-02-21 18:30:00,-74.831
2017-02-21 18:15:00,-73.941
2017-02-21 18:00:00,-64.131
2017-02-21 17:45:00,-62.19
2017-02-21 17:30:00,-72.583
2017-02-21 17:15:00,-75.226
2017-02-21 17:00:00,-54.226
2017-02-21 16:45:00,-34.719
2017-02-21 16:30:00,-22.914
2017-02-21 16:15:00,-3.962
2017-02-21 16:00:00,-2.303
2017-02-21 15:45:00,-1.718
2017-02-21 15:30:00,-13.154
2017-02-21 15:15:00,-17.858
2017-02-21 15:00:00,2.362
2017-02-21 14:45:00,2.361
2017-02-21 14:30:00,2.328
2017-02-21 14:15:00,-2.011
2017-02-21 14:00:00,2.391
2017-02-21 13:45:00,-3.393
2017-02-21 13:30:00,0.539
2017-02-21 13:15:00,2.392
2017-02-21 13:00:00,0.937
2017-02-21 12:45:00,2.44
2017-02-21 12:30:00,29.015
2017-02-21 12:15:00,106.645
2017-02-21 12:00:00,110.3
2017-02-21 11:45:00,114.121
2017-02-21 11:30:00,114.12
2017-02-21 11:15:00,118.328
2017-02-21 11:00:00,116.98
2017-02-21 10:45:00,99.639
2017-02-21 10:30:00,82.745
2017-02-21 10:15:00,81.56
2017-02-21 10:00:00,97.234
2017-02-21 09:45:00,82.755
2017-02-21 09:30:00,80.041
2017-02-21 09:15:00,59.046
2017-02-21 09:00:00,75.381
2017-02-21 08:45:00,57.552
2017-02-21 08:30:00,35.325
2017-02-21 08:15:00,28.418
2017-02-21 08:00:00,9.364
2017-02-21 07:45:00,-11.475
2017-02-21 07:30:00,-50.647
2017-02-21 07:15:00,-55.165
2017-02-21 07:00:00,-58.457
2017-02-21 06:45:00,-52.714
2017-02-21 06:30:00,-46.056
2017-02-21 06:15:00,-47.529
2017-02-21 06:00:00,-47.384
2017-02-21 05:45:00,-61.232
2017-02-21 05:30:00,-62.528
2017-02-21 05:15:00,-49.39
2017-02-21 05:00:00,-29.742
2017-02-21 04:45:00,-27.784
2017-02-21 04:30:00,-26.62
2017-02-21 04:15:00,-29.252
2017-02-21 04:00:00,-44.109
2017-02-21 03:45:00,-43.37
2017-02-21 03:30:00,-43.045
2017-02-21 03:15:00,-30.642
2017-02-21 03:00:00,-28.72
2017-02-21 02:45:00,-27.583
2017-02-21 02:30:00,-27.671
2017-02-21 02:15:00,-27.98
2017-02-21 02:00:00,-30.691
2017-02-21 01:45:00,-44.721
2017-02-21 01:30:00,-47.304
2017-02-21 01:15:00,-37.495
2017-02-21 01:00:00,-27.694
2017-02-21 00:45:00,-28.388
2017-02-21 00:30:00,-28.112
2017-02-21 00:15:00,-29.015
2017-02-21 00:00:00,-27.723
2017-02-20 23:45:00,-28.51
2017-02-20 23:30:00,-29.068
2017-02-20 23:15:00,-1.756
2017-02-20 23:00:00,2.308
2017-02-20 22:45:00,2.305
2017-02-20 22:30:00,2.312
2017-02-20 22:15:00,2.316
2017-02-20 22:00:00,2.32
2017-02-20 21:45:00,2.312
2017-02-20 21:30:00,2.314
2017-02-20 21:15:00,2.305
2017-02-20 21:00:00,2.311
2017-02-20 20:45:00,2.314
2017-02-20 20:30:00,2.314
2017-02-20 20:15:00,2.311
2017-02-20 20:00:00,2.303
2017-02-20 19:45:00,2.307
2017-02-20 19:30:00,2.303
2017-02-20 19:15:00,2.306
2017-02-20 19:00:00,2.301
2017-02-20 18:45:00,2.304
2017-02-20 18:30:00,2.306
2017-02-20 18:15:00,2.303
2017-02-20 18:00:00,2.312
2017-02-20 17:45:00,2.318
2017-02-20 17:30:00,2.32
2017-02-20 17:15:00,1.66
2017-02-20 17:00:00,2.343
2017-02-20 16:45:00,2.342
2017-02-20 16:30:00,2.341
2017-02-20 16:15:00,2.333
2017-02-20 16:00:00,2.327
2017-02-20 15:45:00,2.326
2017-02-20 15:30:00,2.332
2017-02-20 15:15:00,2.337
2017-02-20 15:00:00,2.334
2017-02-20 14:45:00,2.354
2017-02-20 14:30:00,2.352
2017-02-20 14:15:00,2.36
2017-02-20 14:00:00,2.365
2017-02-20 13:45:00,2.369
2017-02-20 13:30:00,2.375
2017-02-20 13:15:00,2.372
2017-02-20 13:00:00,2.369
2017-02-20 12:45:00,2.395
2017-02-20 12:30:00,2.448
2017-02-20 12:15:00,2.652
2017-02-20 12:00:00,118.433
2017-02-20 11:45:00,166.48
2017-02-20 11:30:00,170.981
2017-02-20 11:15:00,145.428
2017-02-20 11:00:00,129.804
2017-02-20 10:45:00,104.91
2017-02-20 10:30:00,100.199
2017-02-20 10:15:00,98.045
2017-02-20 10:00:00,82.75
2017-02-20 09:45:00,70.989
2017-02-20 09:30:00,97.033
2017-02-20 09:15:00,88.789
2017-02-20 09:00:00,50.405
2017-02-20 08:45:00,63.934
2017-02-20 08:30:00,40.428
2017-02-20 08:15:00,42.149
2017-02-20 08:00:00,70.01
2017-02-20 07:45:00,35.196
2017-02-20 07:30:00,13.833
2017-02-20 07:15:00,-0.357
2017-02-20 07:00:00,1.743
2017-02-20 06:45:00,1.658
2017-02-20 06:30:00,-10.325
2017-02-20 06:15:00,-17.839
2017-02-20 06:00:00,-21.012
2017-02-20 05:45:00,-5.473
2017-02-20 05:30:00,1.899
2017-02-20 05:15:00,1.951
2017-02-20 05:00:00,-0.662
2017-02-20 04:45:00,-0.923
2017-02-20 04:30:00,1.031
2017-02-20 04:15:00,1.822
2017-02-20 04:00:00,1.935
2017-02-20 03:45:00,0.996
2017-02-20 03:30:00,0.309
2017-02-20 03:15:00,-0.058
2017-02-20 03:00:00,1.811
2017-02-20 02:45:00,1.893
2017-02-20 02:30:00,1.833
2017-02-20 02:15:00,-1.241
2017-02-20 02:00:00,-6.244
2017-02-20 01:45:00,-10.185
2017-02-20 01:30:00,1.076
2017-02-20 01:15:00,1.823
2017-02-20 01:00:00,-5.789
2017-02-20 00:45:00,-13.807
2017-02-20 00:30:00,-17.901
2017-02-20 00:15:00,-4.375
2017-02-20 00:00:00,1.114
2017-02-19 23:45:00,-7.813
2017-02-19 23:30:00,-21.585
2017-02-19 23:15:00,-45.612
2017-02-19 23:00:00,-35.383
2017-02-19 22:45:00,-27.476
2017-02-19 22:30:00,-31.682
2017-02-19 22:15:00,-42.977
2017-02-19 22:00:00,-44.181
2017-02-19 21:45:00,-31.001
2017-02-19 21:30:00,-27.624
2017-02-19 21:15:00,-26.225
2017-02-19 21:00:00,-38.672
2017-02-19 20:45:00,-44.559
2017-02-19 20:30:00,-38.08
2017-02-19 20:15:00,-27.127
2017-02-19 20:00:00,-27.24
2017-02-19 19:45:00,-28.165
2017-02-19 19:30:00,-38.393
2017-02-19 19:15:00,-44.428
2017-02-19 19:00:00,-39.087
2017-02-19 18:45:00,-27.347
2017-02-19 18:30:00,-25.958
2017-02-19 18:15:00,-26.678
2017-02-19 18:00:00,-28.052
2017-02-19 17:45:00,-28.093
2017-02-19 17:30:00,-27.769
2017-02-19 17:15:00,-27.338
2017-02-19 17:00:00,-28.511
2017-02-19 16:45:00,-19.455
2017-02-19 16:30:00,-3.7
2017-02-19 16:15:00,2.121
2017-02-19 16:00:00,2.118
2017-02-19 15:45:00,-1.94
2017-02-19 15:30:00,0.179
2017-02-19 15:15:00,5.344
2017-02-19 15:00:00,30.602
2017-02-19 14:45:00,38.009
2017-02-19 14:30:00,7.099
2017-02-19 14:15:00,21.721
2017-02-19 14:00:00,32.591
2017-02-19 13:45:00,46.493
2017-02-19 13:30:00,99.347
2017-02-19 13:15:00,51.207
2017-02-19 13:00:00,48.121
2017-02-19 12:45:00,74.716
2017-02-19 12:30:00,67.687
2017-02-19 12:15:00,46.8
2017-02-19 12:00:00,46.988
2017-02-19 11:45:00,56.076
2017-02-19 11:30:00,62.851
2017-02-19 11:15:00,28.659
2017-02-19 11:00:00,2.061
2017-02-19 10:45:00,8.943
2017-02-19 10:30:00,65.802
2017-02-19 10:15:00,43.075
2017-02-19 10:00:00,27.815
2017-02-19 09:45:00,48.092
2017-02-19 09:30:00,14.555
2017-02-19 09:15:00,1.621
2017-02-19 09:00:00,1.394
2017-02-19 08:45:00,12.751
2017-02-19 08:30:00,3.896
2017-02-19 08:15:00,-1.437
2017-02-19 08:00:00,-18.76
2017-02-19 07:45:00,-25.123
2017-02-19 07:30:00,-36.204
2017-02-19 07:15:00,-34.312
2017-02-19 07:00:00,-22.378
2017-02-19 06:45:00,-23.006
2017-02-19 06:30:00,-25.148
2017-02-19 06:15:00,-42.761
2017-02-19 06:00:00,-43.066
2017-02-19 05:45:00,-29.67
2017-02-19 05:30:00,-29.623
2017-02-19 05:15:00,-27.748
2017-02-19 05:00:00,-40.756
2017-02-19 04:45:00,-43.443
2017-02-19 04:30:00,-36.963
2017-02-19 04:15:00,-27.671
2017-02-19 04:00:00,-27.275
2017-02-19 03:45:00,-33.577
2017-02-19 03:30:00,-43.8
2017-02-19 03:15:00,-39.854
2017-02-19 03:00:00,-28.306
2017-02-19 02:45:00,-28.96
2017-02-19 02:30:00,-27.821
2017-02-19 02:15:00,-43.501
2017-02-19 02:00:00,-46.132
2017-02-19 01:45:00,-36.201
2017-02-19 01:30:00,-28.145
2017-02-19 01:15:00,-27.036
2017-02-19 01:00:00,-31.733
2017-02-19 00:45:00,-44.981
2017-02-19 00:30:00,-45.287
2017-02-19 00:15:00,-31.854
2017-02-19 00:00:00,-28.387
2017-02-18 23:45:00,-28.38
2017-02-18 23:30:00,-27.43
2017-02-18 23:15:00,-7.512
2017-02-18 23:00:00,-1.271
2017-02-18 22:45:00,1.033
2017-02-18 22:30:00,2.308
2017-02-18 22:15:00,2.302
2017-02-18 22:00:00,2.164
2017-02-18 21:45:00,-0.919
2017-02-18 21:30:00,-1.528
2017-02-18 21:15:00,2.294
2017-02-18 21:00:00,2.299
2017-02-18 20:45:00,2.296
2017-02-18 20:30:00,2.3
2017-02-18 20:15:00,2.304
2017-02-18 20:00:00,-0.454
2017-02-18 19:45:00,-0.86
2017-02-18 19:30:00,-0.174
2017-02-18 19:15:00,2.291
2017-02-18 19:00:00,2.293
2017-02-18 18:45:00,2.295
2017-02-18 18:30:00,2.301
2017-02-18 18:15:00,2.298
2017-02-18 18:00:00,2.303
2017-02-18 17:45:00,2.303
2017-02-18 17:30:00,2.309
2017-02-18 17:15:00,2.308
2017-02-18 17:00:00,2.321
2017-02-18 16:45:00,2.33
2017-02-18 16:30:00,2.333
2017-02-18 16:15:00,2.336
2017-02-18 16:00:00,2.634
2017-02-18 15:45:00,2.345
2017-02-18 15:30:00,2.335
2017-02-18 15:15:00,2.349
2017-02-18 15:00:00,2.349
2017-02-18 14:45:00,2.35
2017-02-18 14:30:00,2.858
2017-02-18 14:15:00,2.894
2017-02-18 14:00:00,2.713
2017-02-18 13:45:00,2.777
2017-02-18 13:30:00,3.63
2017-02-18 13:15:00,3.399
2017-02-18 13:00:00,4.167
2017-02-18 12:45:00,6.686
2017-02-18 12:30:00,72.048
2017-02-18 12:15:00,124.414
2017-02-18 12:00:00,120.279
2017-02-18 11:45:00,80.48
2017-02-18 11:30:00,140.765
2017-02-18 11:15:00,119.862
2017-02-18 11:00:00,60.282
2017-02-18 10:45:00,22.371
2017-02-18 10:30:00,70.237
2017-02-18 10:15:00,162.029
2017-02-18 10:00:00,191.981
2017-02-18 09:45:00,155.725
2017-02-18 09:30:00,50.308
2017-02-18 09:15:00,39.142
2017-02-18 09:00:00,13.505
2017-02-18 08:45:00,20.731
2017-02-18 08:30:00,16.327
2017-02-18 08:15:00,64.803
2017-02-18 08:00:00,57.633
2017-02-18 07:45:00,20.219
2017-02-18 07:30:00,2.01
2017-02-18 07:15:00,1.876
2017-02-18 07:00:00,1.696
2017-02-18 06:45:00,2.06
2017-02-18 06:30:00,3.465
2017-02-18 06:15:00,1.326
2017-02-18 06:00:00,-3.101
2017-02-18 05:45:00,-0.639
2017-02-18 05:30:00,-2.309
2017-02-18 05:15:00,1.728
2017-02-18 05:00:00,1.853
2017-02-18 04:45:00,0.062
2017-02-18 04:30:00,-3.152
2017-02-18 04:15:00,-3.1
2017-02-18 04:00:00,-0.929
2017-02-18 03:45:00,1.864
2017-02-18 03:30:00,1.884
2017-02-18 03:15:00,-1.058
2017-02-18 03:00:00,-1.697
2017-02-18 02:45:00,-3.91
2017-02-18 02:30:00,1.644
2017-02-18 02:15:00,1.867
2017-02-18 02:00:00,0.226
2017-02-18 01:45:00,-2.808
2017-02-18 01:30:00,-3.816
2017-02-18 01:15:00,0.291
2017-02-18 01:00:00,1.883
2017-02-18 00:45:00,1.879
2017-02-18 00:30:00,-0.004
2017-02-18 00:15:00,-5.041
2017-02-18 00:00:00,-18.147
2017-02-17 23:45:00,-5.04
2017-02-17 23:30:00,-4.268
2017-02-17 23:15:00,18.333
2017-02-17 23:00:00,7.194
2017-02-17 22:45:00,6.122
2017-02-17 22:30:00,5.286
2017-02-17 22:15:00,5.287
2017-02-17 22:00:00,6.309
2017-02-17 21:45:00,17.067
2017-02-17 21:30:00,23.912
2017-02-17 21:15:00,23.99
2017-02-17 21:00:00,5.404
2017-02-17 20:45:00,7.267
2017-02-17 20:30:00,7.604
2017-02-17 20:15:00,2.998
2017-02-17 20:00:00,-32.936
2017-02-17 19:45:00,-33.628
2017-02-17 19:30:00,-35.247
2017-02-17 19:15:00,-34.26
2017-02-17 19:00:00,-38.27
2017-02-17 18:45:00,-51.14
2017-02-17 18:30:00,-47.68
2017-02-17 18:15:00,-33.079
2017-02-17 18:00:00,-33.427
2017-02-17 17:45:00,-35.558
2017-02-17 17:30:00,-36.158
2017-02-17 17:15:00,-43.134
2017-02-17 17:00:00,7.334
2017-02-17 16:45:00,9.692
2017-02-17 16:30:00,22.003
2017-02-17 16:15:00,16.933
2017-02-17 16:00:00,17.04
2017-02-17 15:45:00,19.338
2017-02-17 15:30:00,15.898
2017-02-17 15:15:00,7.282
2017-02-17 15:00:00,10.132
2017-02-17 14:45:00,17.421
2017-02-17 14:30:00,30.353
2017-02-17 14:15:00,25.653
2017-02-17 14:00:00,22.159
2017-02-17 13:45:00,19.035
2017-02-17 13:30:00,32.376
2017-02-17 13:15:00,10.568
2017-02-17 13:00:00,22.666
2017-02-17 12:45:00,18.587
2017-02-17 12:30:00,11.677
2017-02-17 12:15:00,11.934
2017-02-17 12:00:00,28.987
2017-02-17 11:45:00,4.632
2017-02-17 11:30:00,5.105
2017-02-17 11:15:00,1.991
2017-02-17 11:00:00,0.881
2017-02-17 10:45:00,1.859
2017-02-17 10:30:00,4.258
2017-02-17 10:15:00,6.762
2017-02-17 10:00:00,6.786
2017-02-17 09:45:00,14.795
2017-02-17 09:30:00,10.669
2017-02-17 09:15:00,25.904
2017-02-17 09:00:00,10.606
2017-02-17 08:45:00,14.88
2017-02-17 08:30:00,5.679
2017-02-17 08:15:00,-8.87
2017-02-17 08:00:00,-16.642
2017-02-17 07:45:00,2.555
2017-02-17 07:30:00,1.816
2017-02-17 07:15:00,0.34
2017-02-17 07:00:00,-11.63
2017-02-17 06:45:00,-17.266
2017-02-17 06:30:00,-21.358
2017-02-17 06:15:00,-17.785
2017-02-17 06:00:00,-18.787
2017-02-17 05:45:00,-18.382
2017-02-17 05:30:00,-19.744
2017-02-17 05:15:00,-2.419
2017-02-17 05:00:00,1.62
2017-02-17 04:45:00,1.202
2017-02-17 04:30:00,-15.728
2017-02-17 04:15:00,-20.734
2017-02-17 04:00:00,-15.835
2017-02-17 03:45:00,-10.352
2017-02-17 03:30:00,-9.145
2017-02-17 03:15:00,-11.026
2017-02-17 03:00:00,-12.464
2017-02-17 02:45:00,-12.645
2017-02-17 02:30:00,-12.802
2017-02-17 02:15:00,-13.278
2017-02-17 02:00:00,-16.3
2017-02-17 01:45:00,-14.87
2017-02-17 01:30:00,-14.233
2017-02-17 01:15:00,-17.14
2017-02-17 01:00:00,-17.543
2017-02-17 00:45:00,-17.725
2017-02-17 00:30:00,-19.456
2017-02-17 00:15:00,-19.931
2017-02-17 00:00:00,-18.896
2017-02-16 23:45:00,-18.274
2017-02-16 23:30:00,-19.926
2017-02-16 23:15:00,-23.801
2017-02-16 23:00:00,-20.781
2017-02-16 22:45:00,-20.491
2017-02-16 22:30:00,-21.883
2017-02-16 22:15:00,-21.821
2017-02-16 22:00:00,-20.868
2017-02-16 21:45:00,-24.479
2017-02-16 21:30:00,-25.474
2017-02-16 21:15:00,-23.376
2017-02-16 21:00:00,-23.22
2017-02-16 20:45:00,-22.807
2017-02-16 20:30:00,-25.775
2017-02-16 20:15:00,-29.858
2017-02-16 20:00:00,-35.257
2017-02-16 19:45:00,-35.749
2017-02-16 19:30:00,-36.326
2017-02-16 19:15:00,-35.006
2017-02-16 19:00:00,-35.989
2017-02-16 18:45:00,-38.238
2017-02-16 18:30:00,-36.058
2017-02-16 18:15:00,-37.681
2017-02-16 18:00:00,-39.595
2017-02-16 17:45:00,-37.447
2017-02-16 17:30:00,-43.306
2017-02-16 17:15:00,-42.791
2017-02-16 17:00:00,-28.503
2017-02-16 16:45:00,-22.094
2017-02-16 16:30:00,-6.46
2017-02-16 16:15:00,2.303
2017-02-16 16:00:00,2.303
2017-02-16 15:45:00,2.312
2017-02-16 15:30:00,2.345
2017-02-16 15:15:00,11.885
2017-02-16 15:00:00,-4.37
2017-02-16 14:45:00,16.894
2017-02-16 14:30:00,-0.477
2017-02-16 14:15:00,13.331
2017-02-16 14:00:00,-22.495
2017-02-16 13:45:00,0.0
2017-02-16 13:30:00,0.0
2017-02-16 13:15:00,0.334
2017-02-16 13:00:00,2.721
2017-02-16 12:45:00,2.19
2017-02-16 12:30:00,3.135
2017-02-16 12:15:00,2.793
2017-02-16 12:00:00,2.179
2017-02-16 11:45:00,3.401
2017-02-16 11:30:00,2.945
2017-02-16 11:15:00,2.985
2017-02-16 11:00:00,3.585
2017-02-16 10:45:00,3.031
2017-02-16 10:30:00,5.033
2017-02-16 10:15:00,6.976
2017-02-16 10:00:00,7.367
2017-02-16 09:45:00,111.673
2017-02-16 09:30:00,106.182
2017-02-16 09:15:00,94.772
2017-02-16 09:00:00,82.853
2017-02-16 08:45:00,56.656
2017-02-16 08:30:00,36.899
2017-02-16 08:15:00,29.493
2017-02-16 08:00:00,19.36
2017-02-16 07:45:00,12.557
2017-02-16 07:30:00,2.723
2017-02-16 07:15:00,-5.009
2017-02-16 07:00:00,-17.503
2017-02-16 06:45:00,-20.734
2017-02-16 06:30:00,-35.796
2017-02-16 06:15:00,-39.343
2017-02-16 06:00:00,-38.379
2017-02-16 05:45:00,-36.431
2017-02-16 05:30:00,-22.672
2017-02-16 05:15:00,-4.248
2017-02-16 05:00:00,-0.006
2017-02-16 04:45:00,1.458
2017-02-16 04:30:00,-6.106
2017-02-16 04:15:00,-17.632
2017-02-16 04:00:00,-20.575
2017-02-16 03:45:00,-11.267
2017-02-16 03:30:00,1.832
2017-02-16 03:15:00,1.426
2017-02-16 03:00:00,0.732
2017-02-16 02:45:00,0.667
2017-02-16 02:30:00,1.923
2017-02-16 02:15:00,1.659
2017-02-16 02:00:00,1.224
2017-02-16 01:45:00,1.523
2017-02-16 01:30:00,0.914
2017-02-16 01:15:00,0.296
2017-02-16 01:00:00,1.773
2017-02-16 00:45:00,1.901
2017-02-16 00:30:00,1.615
2017-02-16 00:15:00,1.053
2017-02-16 00:00:00,1.61
2017-02-15 23:45:00,1.766
2017-02-15 23:30:00,1.565
2017-02-15 23:15:00,1.456
2017-02-15 23:00:00,1.629
2017-02-15 22:45:00,0.637
2017-02-15 22:30:00,1.583
2017-02-15 22:15:00,0.435
2017-02-15 22:00:00,1.179
2017-02-15 21:45:00,0.627
2017-02-15 21:30:00,-1.362
2017-02-15 21:15:00,-1.114
2017-02-15 21:00:00,-0.595
2017-02-15 20:45:00,-2.028
2017-02-15 20:30:00,-2.749
2017-02-15 20:15:00,-1.589
2017-02-15 20:00:00,-1.539
2017-02-15 19:45:00,-4.762
2017-02-15 19:30:00,-2.176
2017-02-15 19:15:00,-3.285
2017-02-15 19:00:00,-2.25
2017-02-15 18:45:00,-2.459
2017-02-15 18:30:00,-3.007
2017-02-15 18:15:00,-11.204
2017-02-15 18:00:00,-22.528
2017-02-15 17:45:00,-15.818
2017-02-15 17:30:00,-27.103
2017-02-15 17:15:00,-46.208
2017-02-15 17:00:00,-15.482
2017-02-15 16:45:00,1.873
2017-02-15 16:30:00,2.171
2017-02-15 16:15:00,2.175
2017-02-15 16:00:00,2.17
2017-02-15 15:45:00,2.175
2017-02-15 15:30:00,2.189
2017-02-15 15:15:00,2.199
2017-02-15 15:00:00,2.208
2017-02-15 14:45:00,2.209
2017-02-15 14:30:00,2.198
2017-02-15 14:15:00,2.214
2017-02-15 14:00:00,2.209
2017-02-15 13:45:00,2.205
2017-02-15 13:30:00,2.214
2017-02-15 13:15:00,2.223
2017-02-15 13:00:00,2.214
2017-02-15 12:45:00,2.208
2017-02-15 12:30:00,2.218
2017-02-15 12:15:00,2.218
2017-02-15 12:00:00,2.208
2017-02-15 11:45:00,2.218
2017-02-15 11:30:00,2.226
2017-02-15 11:15:00,2.239
2017-02-15 11:00:00,2.304
2017-02-15 10:45:00,2.364
2017-02-15 10:30:00,2.408
2017-02-15 10:15:00,62.595
2017-02-15 10:00:00,129.266
2017-02-15 09:45:00,117.441
2017-02-15 09:30:00,110.979
2017-02-15 09:15:00,100.963
2017-02-15 09:00:00,89.734
2017-02-15 08:45:00,77.35
2017-02-15 08:30:00,55.87
2017-02-15 08:15:00,22.802
2017-02-15 08:00:00,-12.528
2017-02-15 07:45:00,-38.819
2017-02-15 07:30:00,-32.757
2017-02-15 07:15:00,-20.494
2017-02-15 07:00:00,-16.917
2017-02-15 06:45:00,-18.808
2017-02-15 06:30:00,-18.512
2017-02-15 06:15:00,-23.304
2017-02-15 06:00:00,-24.645
2017-02-15 05:45:00,-39.515
2017-02-15 05:30:00,-37.725
2017-02-15 05:15:00,-22.975
2017-02-15 05:00:00,-5.886
2017-02-15 04:45:00,-1.34
2017-02-15 04:30:00,-2.077
2017-02-15 04:15:00,0.009
2017-02-15 04:00:00,-3.075
2017-02-15 03:45:00,-1.929
2017-02-15 03:30:00,-0.487
2017-02-15 03:15:00,-14.673
2017-02-15 03:00:00,-20.695
2017-02-15 02:45:00,-14.26
2017-02-15 02:30:00,-1.371
2017-02-15 02:15:00,-0.614
2017-02-15 02:00:00,-1.626
2017-02-15 01:45:00,-0.692
2017-02-15 01:30:00,-1.259
2017-02-15 01:15:00,-2.067
2017-02-15 01:00:00,-1.175
2017-02-15 00:45:00,-0.656
2017-02-15 00:30:00,-1.179
2017-02-15 00:15:00,-3.012
2017-02-15 00:00:00,-2.096
2017-02-14 23:45:00,0.07
2017-02-14 23:30:00,-0.938
2017-02-14 23:15:00,-2.053
2017-02-14 23:00:00,-0.665
2017-02-14 22:45:00,-0.289
2017-02-14 22:30:00,-1.319
2017-02-14 22:15:00,-3.21
2017-02-14 22:00:00,-1.583
2017-02-14 21:45:00,-0.835
2017-02-14 21:30:00,-1.902
2017-02-14 21:15:00,-0.795
2017-02-14 21:00:00,-2.044
2017-02-14 20:45:00,-5.08
2017-02-14 20:30:00,-7.387
2017-02-14 20:15:00,-5.843
2017-02-14 20:00:00,-6.808
2017-02-14 19:45:00,-8.78
2017-02-14 19:30:00,-8.181
2017-02-14 19:15:00,-8.534
2017-02-14 19:00:00,-7.999
2017-02-14 18:45:00,-8.514
2017-02-14 18:30:00,-8.459
2017-02-14 18:15:00,-7.067
2017-02-14 18:00:00,-7.731
2017-02-14 17:45:00,-10.837
2017-02-14 17:30:00,-10.427
2017-02-14 17:15:00,-6.876
2017-02-14 17:00:00,1.897
2017-02-14 16:45:00,2.599
2017-02-14 16:30:00,2.803
2017-02-14 16:15:00,2.814
2017-02-14 16:00:00,2.557
2017-02-14 15:45:00,3.319
2017-02-14 15:30:00,2.756
2017-02-14 15:15:00,3.32
2017-02-14 15:00:00,4.195
2017-02-14 14:45:00,5.341
2017-02-14 14:30:00,7.696
2017-02-14 14:15:00,25.654
2017-02-14 14:00:00,117.353
2017-02-14 13:45:00,98.459
2017-02-14 13:30:00,86.723
2017-02-14 13:15:00,59.715
2017-02-14 13:00:00,53.751
2017-02-14 12:45:00,80.322
2017-02-14 12:30:00,98.169
2017-02-14 12:15:00,95.042
2017-02-14 12:00:00,93.537
2017-02-14 11:45:00,107.372
2017-02-14 11:30:00,15.289
2017-02-14 11:15:00,27.396
2017-02-14 11:00:00,38.701
2017-02-14 10:45:00,55.264
2017-02-14 10:30:00,98.501
2017-02-14 10:15:00,110.556
2017-02-14 10:00:00,106.062
2017-02-14 09:45:00,77.109
2017-02-14 09:30:00,28.418
2017-02-14 09:15:00,37.813
2017-02-14 09:00:00,5.099
2017-02-14 08:45:00,5.774
2017-02-14 08:30:00,-5.417
2017-02-14 08:15:00,-32.059
2017-02-14 08:00:00,-2.472
2017-02-14 07:45:00,-3.423
2017-02-14 07:30:00,-14.546
2017-02-14 07:15:00,-29.97
2017-02-14 07:00:00,-34.996
2017-02-14 06:45:00,-35.831
2017-02-14 06:30:00,-23.165
2017-02-14 06:15:00,-20.207
2017-02-14 06:00:00,-20.172
2017-02-14 05:45:00,-21.118
2017-02-14 05:30:00,-20.439
2017-02-14 05:15:00,-17.669
2017-02-14 05:00:00,-16.838
2017-02-14 04:45:00,-17.123
2017-02-14 04:30:00,-17.963
2017-02-14 04:15:00,-17.626
2017-02-14 04:00:00,-18.024
2017-02-14 03:45:00,-17.333
2017-02-14 03:30:00,-15.951
2017-02-14 03:15:00,-16.479
2017-02-14 03:00:00,-18.559
2017-02-14 02:45:00,-18.314
2017-02-14 02:30:00,-16.67
2017-02-14 02:15:00,-16.841
2017-02-14 02:00:00,-17.056
2017-02-14 01:45:00,-18.114
2017-02-14 01:30:00,-17.819
2017-02-14 01:15:00,-17.539
2017-02-14 01:00:00,-17.548
2017-02-14 00:45:00,-17.862
2017-02-14 00:30:00,-17.129
2017-02-14 00:15:00,-19.008
2017-02-14 00:00:00,-18.634
2017-02-13 23:45:00,-18.049
2017-02-13 23:30:00,-18.33
2017-02-13 23:15:00,-18.022
2017-02-13 23:00:00,-17.637
2017-02-13 22:45:00,-20.328
2017-02-13 22:30:00,-18.51
2017-02-13 22:15:00,-16.877
2017-02-13 22:00:00,-17.036
2017-02-13 21:45:00,-18.87
2017-02-13 21:30:00,-20.114
2017-02-13 21:15:00,-19.619
2017-02-13 21:00:00,-19.197
2017-02-13 20:45:00,-19.256
2017-02-13 20:30:00,-18.627
2017-02-13 20:15:00,-19.306
2017-02-13 20:00:00,-20.347
2017-02-13 19:45:00,-21.858
2017-02-13 19:30:00,-21.903
2017-02-13 19:15:00,-21.902
2017-02-13 19:00:00,-23.055
2017-02-13 18:45:00,-21.534
2017-02-13 18:30:00,-25.682
2017-02-13 18:15:00,-29.834
2017-02-13 18:00:00,-29.163
2017-02-13 17:45:00,-29.303
2017-02-13 17:30:00,-26.381
2017-02-13 17:15:00,-19.161
2017-02-13 17:00:00,-18.21
2017-02-13 16:45:00,-14.548
2017-02-13 16:30:00,1.281
2017-02-13 16:15:00,-3.835
2017-02-13 16:00:00,2.161
2017-02-13 15:45:00,2.173
2017-02-13 15:30:00,3.387
2017-02-13 15:15:00,5.567
2017-02-13 15:00:00,2.798
2017-02-13 14:45:00,2.687
2017-02-13 14:30:00,2.178
2017-02-13 14:15:00,3.033
2017-02-13 14:00:00,2.187
2017-02-13 13:45:00,2.864
2017-02-13 13:30:00,2.194
2017-02-13 13:15:00,2.181
2017-02-13 13:00:00,3.209
2017-02-13 12:45:00,2.196
2017-02-13 12:30:00,3.265
2017-02-13 12:15:00,2.205
2017-02-13 12:00:00,2.834
2017-02-13 11:45:00,2.207
2017-02-13 11:30:00,3.135
2017-02-13 11:15:00,3.107
2017-02-13 11:00:00,2.978
2017-02-13 10:45:00,2.197
2017-02-13 10:30:00,3.157
2017-02-13 10:15:00,2.212
2017-02-13 10:00:00,2.232
2017-02-13 09:45:00,2.314
2017-02-13 09:30:00,31.452
2017-02-13 09:15:00,93.543
2017-02-13 09:00:00,80.139
2017-02-13 08:45:00,65.487
2017-02-13 08:30:00,51.473
2017-02-13 08:15:00,39.106
2017-02-13 08:00:00,13.864
2017-02-13 07:45:00,8.178
2017-02-13 07:30:00,-4.509
2017-02-13 07:15:00,-32.501
2017-02-13 07:00:00,-38.355
2017-02-13 06:45:00,-33.003
2017-02-13 06:30:00,-29.841
2017-02-13 06:15:00,-16.152
2017-02-13 06:00:00,-13.381
2017-02-13 05:45:00,-11.922
2017-02-13 05:30:00,-27.869
2017-02-13 05:15:00,-18.018
2017-02-13 05:00:00,-8.993
2017-02-13 04:45:00,-8.688
2017-02-13 04:30:00,-0.623
2017-02-13 04:15:00,2.04
2017-02-13 04:00:00,2.044
2017-02-13 03:45:00,2.049
2017-02-13 03:30:00,1.899
2017-02-13 03:15:00,-7.955
2017-02-13 03:00:00,-7.731
2017-02-13 02:45:00,-6.635
2017-02-13 02:30:00,-2.736
2017-02-13 02:15:00,2.072
2017-02-13 02:00:00,2.076
2017-02-13 01:45:00,2.068
2017-02-13 01:30:00,2.065
2017-02-13 01:15:00,2.061
2017-02-13 01:00:00,2.065
2017-02-13 00:45:00,-5.987
2017-02-13 00:30:00,-9.256
2017-02-13 00:15:00,-3.133
2017-02-13 00:00:00,2.087
2017-02-12 23:45:00,2.091
2017-02-12 23:30:00,2.095
2017-02-12 23:15:00,2.09
2017-02-12 23:00:00,2.095
2017-02-12 22:45:00,2.085
2017-02-12 22:30:00,2.08
2017-02-12 22:15:00,2.091
2017-02-12 22:00:00,2.085
2017-02-12 21:45:00,2.095
2017-02-12 21:30:00,2.086
2017-02-12 21:15:00,2.093
2017-02-12 21:00:00,2.097
2017-02-12 20:45:00,2.098
2017-02-12 20:30:00,2.096
2017-02-12 20:15:00,2.098
2017-02-12 20:00:00,2.101
2017-02-12 19:45:00,2.101
2017-02-12 19:30:00,2.099
2017-02-12 19:15:00,2.105
2017-02-12 19:00:00,2.097
2017-02-12 18:45:00,2.087
2017-02-12 18:30:00,2.096
2017-02-12 18:15:00,2.094
2017-02-12 18:00:00,2.099
2017-02-12 17:45:00,2.129
2017-02-12 17:30:00,2.114
2017-02-12 17:15:00,2.135
2017-02-12 17:00:00,2.463
2017-02-12 16:45:00,2.456
2017-02-12 16:30:00,2.699
2017-02-12 16:15:00,2.097
2017-02-12 16:00:00,2.689
2017-02-12 15:45:00,2.719
2017-02-12 15:30:00,2.123
2017-02-12 15:15:00,2.117
2017-02-12 15:00:00,3.221
2017-02-12 14:45:00,2.128
2017-02-12 14:30:00,3.062
2017-02-12 14:15:00,2.125
2017-02-12 14:00:00,2.12
2017-02-12 13:45:00,3.621
2017-02-12 13:30:00,2.132
2017-02-12 13:15:00,2.148
2017-02-12 13:00:00,3.271
2017-02-12 12:45:00,2.146
2017-02-12 12:30:00,3.161
2017-02-12 12:15:00,2.153
2017-02-12 12:00:00,3.012
2017-02-12 11:45:00,2.159
2017-02-12 11:30:00,3.201
2017-02-12 11:15:00,2.18
2017-02-12 11:00:00,3.334
2017-02-12 10:45:00,2.148
2017-02-12 10:30:00,3.367
2017-02-12 10:15:00,2.132
2017-02-12 10:00:00,3.339
2017-02-12 09:45:00,2.146
2017-02-12 09:30:00,4.289
2017-02-12 09:15:00,2.949
2017-02-12 09:00:00,2.133
2017-02-12 08:45:00,2.176
2017-02-12 08:30:00,12.459
2017-02-12 08:15:00,97.094
2017-02-12 08:00:00,88.739
2017-02-12 07:45:00,37.579
2017-02-12 07:30:00,9.456
2017-02-12 07:15:00,1.692
2017-02-12 07:00:00,-0.649
2017-02-12 06:45:00,1.708
2017-02-12 06:30:00,1.979
2017-02-12 06:15:00,-2.91
2017-02-12 06:00:00,-7.998
2017-02-12 05:45:00,-7.374
2017-02-12 05:30:00,-5.684
2017-02-12 05:15:00,-0.799
2017-02-12 05:00:00,1.959
2017-02-12 04:45:00,-0.406
2017-02-12 04:30:00,-7.423
2017-02-12 04:15:00,-7.174
2017-02-12 04:00:00,-7.076
2017-02-12 03:45:00,-7.177
2017-02-12 03:30:00,-1.182
2017-02-12 03:15:00,1.973
2017-02-12 03:00:00,1.982
2017-02-12 02:45:00,-5.496
2017-02-12 02:30:00,-7.209
2017-02-12 02:15:00,-8.109
2017-02-12 02:00:00,-1.569
2017-02-12 01:45:00,1.998
2017-02-12 01:30:00,2.006
2017-02-12 01:15:00,2.011
2017-02-12 01:00:00,-2.949
2017-02-12 00:45:00,-6.912
2017-02-12 00:30:00,-8.055
2017-02-12 00:15:00,-2.271
2017-02-12 00:00:00,2.033
2017-02-11 23:45:00,2.036
2017-02-11 23:30:00,2.039
2017-02-11 23:15:00,2.055
2017-02-11 23:00:00,-0.112
2017-02-11 22:45:00,-8.264
2017-02-11 22:30:00,-7.932
2017-02-11 22:15:00,-5.323
2017-02-11 22:00:00,2.085
2017-02-11 21:45:00,2.084
2017-02-11 21:30:00,2.102
2017-02-11 21:15:00,2.11
2017-02-11 21:00:00,2.112
2017-02-11 20:45:00,-5.044
2017-02-11 20:30:00,-7.428
2017-02-11 20:15:00,-8.735
2017-02-11 20:00:00,-2.597
2017-02-11 19:45:00,2.11
2017-02-11 19:30:00,2.106
2017-02-11 19:15:00,2.11
2017-02-11 19:00:00,2.114
2017-02-11 18:45:00,2.111
2017-02-11 18:30:00,2.114
2017-02-11 18:15:00,2.117
2017-02-11 18:00:00,2.121
2017-02-11 17:45:00,2.13
2017-02-11 17:30:00,2.121
2017-02-11 17:15:00,2.145
2017-02-11 17:00:00,2.224
2017-02-11 16:45:00,2.421
2017-02-11 16:30:00,2.936
2017-02-11 16:15:00,2.485
2017-02-11 16:00:00,2.846
2017-02-11 15:45:00,2.626
2017-02-11 15:30:00,2.604
2017-02-11 15:15:00,2.785
2017-02-11 15:00:00,3.283
2017-02-11 14:45:00,2.872
2017-02-11 14:30:00,2.73
2017-02-11 14:15:00,2.632
2017-02-11 14:00:00,4.444
2017-02-11 13:45:00,3.904
2017-02-11 13:30:00,5.915
2017-02-11 13:15:00,5.601
2017-02-11 13:00:00,35.588
2017-02-11 12:45:00,133.249
2017-02-11 12:30:00,86.815
2017-02-11 12:15:00,82.143
2017-02-11 12:00:00,104.836
2017-02-11 11:45:00,105.053
2017-02-11 11:30:00,81.029
2017-02-11 11:15:00,87.27
2017-02-11 11:00:00,67.75
2017-02-11 10:45:00,42.63
2017-02-11 10:30:00,18.873
2017-02-11 10:15:00,33.243
2017-02-11 10:00:00,37.441
2017-02-11 09:45:00,31.081
2017-02-11 09:30:00,26.271
2017-02-11 09:15:00,17.239
2017-02-11 09:00:00,2.255
2017-02-11 08:45:00,1.761
2017-02-11 08:30:00,7.255
2017-02-11 08:15:00,2.261
2017-02-11 08:00:00,4.011
2017-02-11 07:45:00,2.25
2017-02-11 07:30:00,1.893
2017-02-11 07:15:00,1.868
2017-02-11 07:00:00,1.877
2017-02-11 06:45:00,1.9
2017-02-11 06:30:00,1.86
2017-02-11 06:15:00,1.84
2017-02-11 06:00:00,1.846
2017-02-11 05:45:00,1.828
2017-02-11 05:30:00,1.845
2017-02-11 05:15:00,1.844
2017-02-11 05:00:00,1.839
2017-02-11 04:45:00,1.835
2017-02-11 04:30:00,1.838
2017-02-11 04:15:00,1.842
2017-02-11 04:00:00,1.831
2017-02-11 03:45:00,1.839
2017-02-11 03:30:00,1.833
2017-02-11 03:15:00,1.833
2017-02-11 03:00:00,1.841
2017-02-11 02:45:00,1.84
2017-02-11 02:30:00,1.835
2017-02-11 02:15:00,1.831
2017-02-11 02:00:00,1.825
2017-02-11 01:45:00,1.819
2017-02-11 01:30:00,1.829
2017-02-11 01:15:00,1.839
2017-02-11 01:00:00,1.846
2017-02-11 00:45:00,1.841
2017-02-11 00:30:00,1.842
2017-02-11 00:15:00,1.844
2017-02-11 00:00:00,1.835
2017-02-10 23:45:00,1.841
2017-02-10 23:30:00,1.839
2017-02-10 23:15:00,1.868
2017-02-10 23:00:00,1.864
2017-02-10 22:45:00,1.853
2017-02-10 22:30:00,1.87
2017-02-10 22:15:00,1.869
2017-02-10 22:00:00,1.854
2017-02-10 21:45:00,1.848
2017-02-10 21:30:00,1.714
2017-02-10 21:15:00,1.859
2017-02-10 21:00:00,1.86
2017-02-10 20:45:00,1.823
2017-02-10 20:30:00,1.787
2017-02-10 20:15:00,-8.109
2017-02-10 20:00:00,-26.785
2017-02-10 19:45:00,-28.905
2017-02-10 19:30:00,-32.544
2017-02-10 19:15:00,-31.907
2017-02-10 19:00:00,-33.738
2017-02-10 18:45:00,-32.43
2017-02-10 18:30:00,-32.729
2017-02-10 18:15:00,-33.546
2017-02-10 18:00:00,-35.916
2017-02-10 17:45:00,-40.039
2017-02-10 17:30:00,-38.841
2017-02-10 17:15:00,-38.719
2017-02-10 17:00:00,1.892
2017-02-10 16:45:00,-0.089
2017-02-10 16:30:00,0.04
2017-02-10 16:15:00,7.384
2017-02-10 16:00:00,2.023
2017-02-10 15:45:00,2.495
2017-02-10 15:30:00,10.257
2017-02-10 15:15:00,29.021
2017-02-10 15:00:00,105.066
2017-02-10 14:45:00,72.706
2017-02-10 14:30:00,14.42
2017-02-10 14:15:00,4.511
2017-02-10 14:00:00,-7.671
2017-02-10 13:45:00,-0.718
2017-02-10 13:30:00,4.494
2017-02-10 13:15:00,21.807
2017-02-10 13:00:00,23.825
2017-02-10 12:45:00,17.57
2017-02-10 12:30:00,12.054
2017-02-10 12:15:00,1.178
2017-02-10 12:00:00,1.673
2017-02-10 11:45:00,7.911
2017-02-10 11:30:00,90.177
2017-02-10 11:15:00,31.153
2017-02-10 11:00:00,12.888
2017-02-10 10:45:00,60.715
2017-02-10 10:30:00,69.811
2017-02-10 10:15:00,80.602
2017-02-10 10:00:00,92.987
2017-02-10 09:45:00,101.27
2017-02-10 09:30:00,97.068
2017-02-10 09:15:00,50.569
2017-02-10 09:00:00,27.978
2017-02-10 08:45:00,2.877
2017-02-10 08:30:00,-8.792
2017-02-10 08:15:00,-2.122
2017-02-10 08:00:00,-3.305
2017-02-10 07:45:00,10.749
2017-02-10 07:30:00,3.231
2017-02-10 07:15:00,-4.672
2017-02-10 07:00:00,-9.961
2017-02-10 06:45:00,-10.093
2017-02-10 06:30:00,-9.437
2017-02-10 06:15:00,-14.864
2017-02-10 06:00:00,-16.32
2017-02-10 05:45:00,-15.897
2017-02-10 05:30:00,-15.88
2017-02-10 05:15:00,-3.665
2017-02-10 05:00:00,1.687
2017-02-10 04:45:00,1.708
2017-02-10 04:30:00,1.454
2017-02-10 04:15:00,1.693
2017-02-10 04:00:00,-0.33
2017-02-10 03:45:00,-7.0
2017-02-10 03:30:00,-6.47
2017-02-10 03:15:00,-9.048
2017-02-10 03:00:00,-9.409
2017-02-10 02:45:00,-10.97
2017-02-10 02:30:00,-10.97
2017-02-10 02:15:00,-11.25
2017-02-10 02:00:00,-12.548
2017-02-10 01:45:00,-12.925
2017-02-10 01:30:00,-14.255
2017-02-10 01:15:00,-17.574
2017-02-10 01:00:00,-17.822
2017-02-10 00:45:00,-19.07
2017-02-10 00:30:00,-19.966
2017-02-10 00:15:00,-19.389
2017-02-10 00:00:00,-18.491
2017-02-09 23:45:00,-20.21
2017-02-09 23:30:00,-21.42
2017-02-09 23:15:00,-21.729
2017-02-09 23:00:00,-20.986
2017-02-09 22:45:00,-24.348
2017-02-09 22:30:00,-23.207
2017-02-09 22:15:00,-23.891
2017-02-09 22:00:00,-24.426
2017-02-09 21:45:00,-24.774
2017-02-09 21:30:00,-25.804
2017-02-09 21:15:00,-24.921
2017-02-09 21:00:00,-26.605
2017-02-09 20:45:00,-27.339
2017-02-09 20:30:00,-26.804
2017-02-09 20:15:00,-30.698
2017-02-09 20:00:00,-39.818
2017-02-09 19:45:00,-41.49
2017-02-09 19:30:00,-39.332
2017-02-09 19:15:00,-39.648
2017-02-09 19:00:00,-40.436
2017-02-09 18:45:00,-42.208
2017-02-09 18:30:00,-40.825
2017-02-09 18:15:00,-40.985
2017-02-09 18:00:00,-40.939
2017-02-09 17:45:00,-44.795
2017-02-09 17:30:00,-45.401
2017-02-09 17:15:00,-50.486
2017-02-09 17:00:00,-43.081
2017-02-09 16:45:00,-25.619
2017-02-09 16:30:00,-5.17
2017-02-09 16:15:00,2.196
2017-02-09 16:00:00,2.185
2017-02-09 15:45:00,2.195
2017-02-09 15:30:00,2.211
2017-02-09 15:15:00,2.202
2017-02-09 15:00:00,2.207
2017-02-09 14:45:00,2.207
2017-02-09 14:30:00,2.218
2017-02-09 14:15:00,2.224
2017-02-09 14:00:00,2.233
2017-02-09 13:45:00,2.235
2017-02-09 13:30:00,2.229
2017-02-09 13:15:00,2.251
2017-02-09 13:00:00,2.266
2017-02-09 12:45:00,2.295
2017-02-09 12:30:00,2.352
2017-02-09 12:15:00,2.378
2017-02-09 12:00:00,2.444
2017-02-09 11:45:00,2.648
2017-02-09 11:30:00,124.812
2017-02-09 11:15:00,153.282
2017-02-09 11:00:00,149.117
2017-02-09 10:45:00,142.692
2017-02-09 10:30:00,139.503
2017-02-09 10:15:00,134.641
2017-02-09 10:00:00,127.742
2017-02-09 09:45:00,117.487
2017-02-09 09:30:00,107.219
2017-02-09 09:15:00,89.972
2017-02-09 09:00:00,72.215
2017-02-09 08:45:00,61.928
2017-02-09 08:30:00,59.099
2017-02-09 08:15:00,43.624
2017-02-09 08:00:00,22.443
2017-02-09 07:45:00,12.562
2017-02-09 07:30:00,1.684
2017-02-09 07:15:00,-6.644
2017-02-09 07:00:00,-13.251
2017-02-09 06:45:00,-14.41
2017-02-09 06:30:00,-10.865
2017-02-09 06:15:00,-17.314
2017-02-09 06:00:00,-22.746
2017-02-09 05:45:00,-21.814
2017-02-09 05:30:00,-25.712
2017-02-09 05:15:00,-7.736
2017-02-09 05:00:00,-6.429
2017-02-09 04:45:00,-8.854
2017-02-09 04:30:00,-9.35
2017-02-09 04:15:00,-8.546
2017-02-09 04:00:00,-10.706
2017-02-09 03:45:00,-9.681
2017-02-09 03:30:00,-11.34
2017-02-09 03:15:00,-13.282
2017-02-09 03:00:00,-13.364
2017-02-09 02:45:00,-12.835
2017-02-09 02:30:00,-10.635
2017-02-09 02:15:00,-11.342
2017-02-09 02:00:00,-13.751
2017-02-09 01:45:00,-14.055
2017-02-09 01:30:00,-14.749
2017-02-09 01:15:00,-16.719
2017-02-09 01:00:00,-15.646
2017-02-09 00:45:00,-17.579
2017-02-09 00:30:00,-18.481
2017-02-09 00:15:00,-15.759
2017-02-09 00:00:00,-17.855
2017-02-08 23:45:00,-18.311
2017-02-08 23:30:00,-17.374
2017-02-08 23:15:00,-20.207
2017-02-08 23:00:00,-20.004
2017-02-08 22:45:00,-19.212
2017-02-08 22:30:00,-20.666
2017-02-08 22:15:00,-19.924
2017-02-08 22:00:00,-19.282
2017-02-08 21:45:00,-20.864
2017-02-08 21:30:00,-19.821
2017-02-08 21:15:00,-20.732
2017-02-08 21:00:00,-22.411
2017-02-08 20:45:00,-18.716
2017-02-08 20:30:00,-19.756
2017-02-08 20:15:00,-24.833
2017-02-08 20:00:00,-32.759
2017-02-08 19:45:00,-34.807
2017-02-08 19:30:00,-36.91
2017-02-08 19:15:00,-36.309
2017-02-08 19:00:00,-37.615
2017-02-08 18:45:00,-37.732
2017-02-08 18:30:00,-36.736
2017-02-08 18:15:00,-37.982
2017-02-08 18:00:00,-37.361
2017-02-08 17:45:00,-37.093
2017-02-08 17:30:00,-38.148
2017-02-08 17:15:00,-45.613
2017-02-08 17:00:00,-37.19
2017-02-08 16:45:00,-21.971
2017-02-08 16:30:00,-26.304
2017-02-08 16:15:00,-19.174
2017-02-08 16:00:00,2.45
2017-02-08 15:45:00,3.002
2017-02-08 15:30:00,4.999
2017-02-08 15:15:00,9.171
2017-02-08 15:00:00,1.918
2017-02-08 14:45:00,-1.062
2017-02-08 14:30:00,10.125
2017-02-08 14:15:00,24.743
2017-02-08 14:00:00,41.38
2017-02-08 13:45:00,82.404
2017-02-08 13:30:00,89.194
2017-02-08 13:15:00,108.014
2017-02-08 13:00:00,98.794
2017-02-08 12:45:00,119.456
2017-02-08 12:30:00,118.97
2017-02-08 12:15:00,86.342
2017-02-08 12:00:00,52.02
2017-02-08 11:45:00,108.949
2017-02-08 11:30:00,25.165
2017-02-08 11:15:00,92.111
2017-02-08 11:00:00,94.489
2017-02-08 10:45:00,36.617
2017-02-08 10:30:00,47.081
2017-02-08 10:15:00,106.812
2017-02-08 10:00:00,72.114
2017-02-08 09:45:00,14.634
2017-02-08 09:30:00,12.893
2017-02-08 09:15:00,-2.398
2017-02-08 09:00:00,19.462
2017-02-08 08:45:00,9.126
2017-02-08 08:30:00,8.449
2017-02-08 08:15:00,20.957
2017-02-08 08:00:00,22.379
2017-02-08 07:45:00,-5.326
2017-02-08 07:30:00,1.203
2017-02-08 07:15:00,1.671
2017-02-08 07:00:00,-16.249
2017-02-08 06:45:00,-37.447
2017-02-08 06:30:00,-22.765
2017-02-08 06:15:00,-15.458
2017-02-08 06:00:00,-16.766
2017-02-08 05:45:00,-16.661
2017-02-08 05:30:00,-16.558
2017-02-08 05:15:00,-2.835
2017-02-08 05:00:00,-2.203
2017-02-08 04:45:00,-15.513
2017-02-08 04:30:00,-18.425
2017-02-08 04:15:00,-10.212
2017-02-08 04:00:00,-8.132
2017-02-08 03:45:00,-8.14
2017-02-08 03:30:00,-12.384
2017-02-08 03:15:00,-12.302
2017-02-08 03:00:00,-10.897
2017-02-08 02:45:00,-12.638
2017-02-08 02:30:00,-11.615
2017-02-08 02:15:00,-11.572
2017-02-08 02:00:00,-13.041
2017-02-08 01:45:00,-12.829
2017-02-08 01:30:00,-12.918
2017-02-08 01:15:00,-15.481
2017-02-08 01:00:00,-14.725
2017-02-08 00:45:00,-14.844
2017-02-08 00:30:00,-17.55
2017-02-08 00:15:00,-17.834
2017-02-08 00:00:00,-17.893
2017-02-07 23:45:00,-17.498
2017-02-07 23:30:00,-18.503
2017-02-07 23:15:00,-18.63
2017-02-07 23:00:00,-19.454
2017-02-07 22:45:00,-19.429
2017-02-07 22:30:00,-19.267
2017-02-07 22:15:00,-20.854
2017-02-07 22:00:00,-20.737
2017-02-07 21:45:00,-19.663
2017-02-07 21:30:00,-21.446
2017-02-07 21:15:00,-21.169
2017-02-07 21:00:00,-21.43
2017-02-07 20:45:00,-22.513
2017-02-07 20:30:00,-23.361
2017-02-07 20:15:00,-27.774
2017-02-07 20:00:00,-34.647
2017-02-07 19:45:00,-35.617
2017-02-07 19:30:00,-35.401
2017-02-07 19:15:00,-35.356
2017-02-07 19:00:00,-41.554
2017-02-07 18:45:00,-40.19
2017-02-07 18:30:00,-39.42
2017-02-07 18:15:00,-40.776
2017-02-07 18:00:00,-41.435
2017-02-07 17:45:00,-40.818
2017-02-07 17:30:00,-39.516
2017-02-07 17:15:00,-40.141
2017-02-07 17:00:00,-28.124
2017-02-07 16:45:00,-8.606
2017-02-07 16:30:00,9.238
2017-02-07 16:15:00,10.095
2017-02-07 16:00:00,18.198
2017-02-07 15:45:00,20.331
2017-02-07 15:30:00,-4.896
2017-02-07 15:15:00,13.414
2017-02-07 15:00:00,101.75
2017-02-07 14:45:00,43.591
2017-02-07 14:30:00,66.116
2017-02-07 14:15:00,55.35
2017-02-07 14:00:00,59.448
2017-02-07 13:45:00,94.511
2017-02-07 13:30:00,66.062
2017-02-07 13:15:00,64.429
2017-02-07 13:00:00,48.104
2017-02-07 12:45:00,50.643
2017-02-07 12:30:00,61.332
2017-02-07 12:15:00,65.142
2017-02-07 12:00:00,62.402
2017-02-07 11:45:00,52.026
2017-02-07 11:30:00,20.896
2017-02-07 11:15:00,16.395
2017-02-07 11:00:00,4.85
2017-02-07 10:45:00,10.384
2017-02-07 10:30:00,20.805
2017-02-07 10:15:00,22.71
2017-02-07 10:00:00,5.778
2017-02-07 09:45:00,4.702
2017-02-07 09:30:00,3.565
2017-02-07 09:15:00,-7.485
2017-02-07 09:00:00,-12.328
2017-02-07 08:45:00,-1.339
2017-02-07 08:30:00,-5.772
2017-02-07 08:15:00,-3.635
2017-02-07 08:00:00,-9.355
2017-02-07 07:45:00,-0.228
2017-02-07 07:30:00,-8.831
2017-02-07 07:15:00,-8.171
2017-02-07 07:00:00,3.012
2017-02-07 06:45:00,6.947
2017-02-07 06:30:00,8.775
2017-02-07 06:15:00,4.878
2017-02-07 06:00:00,5.507
2017-02-07 05:45:00,5.596
2017-02-07 05:30:00,3.906
2017-02-07 05:15:00,22.21
2017-02-07 05:00:00,7.45
2017-02-07 04:45:00,9.382
2017-02-07 04:30:00,26.688
2017-02-07 04:15:00,27.067
2017-02-07 04:00:00,25.229
2017-02-07 03:45:00,26.399
2017-02-07 03:30:00,27.818
2017-02-07 03:15:00,27.731
2017-02-07 03:00:00,16.285
2017-02-07 02:45:00,5.241
2017-02-07 02:30:00,17.019
2017-02-07 02:15:00,27.266
2017-02-07 02:00:00,26.571
2017-02-07 01:45:00,27.102
2017-02-07 01:30:00,29.712
2017-02-07 01:15:00,5.361
2017-02-07 01:00:00,7.604
2017-02-07 00:45:00,26.704
2017-02-07 00:30:00,27.827
2017-02-07 00:15:00,27.012
2017-02-07 00:00:00,25.769
2017-02-06 23:45:00,26.531
2017-02-06 23:30:00,8.142
2017-02-06 23:15:00,7.832
2017-02-06 23:00:00,24.747
2017-02-06 22:45:00,27.027
2017-02-06 22:30:00,25.895
2017-02-06 22:15:00,25.236
2017-02-06 22:00:00,27.057
2017-02-06 21:45:00,22.757
2017-02-06 21:30:00,7.046
2017-02-06 21:15:00,11.267
2017-02-06 21:00:00,24.596
2017-02-06 20:45:00,25.837
2017-02-06 20:30:00,26.117
2017-02-06 20:15:00,13.904
2017-02-06 20:00:00,1.742
2017-02-06 19:45:00,1.723
2017-02-06 19:30:00,1.729
2017-02-06 19:15:00,1.717
2017-02-06 19:00:00,1.715
2017-02-06 18:45:00,1.717
2017-02-06 18:30:00,1.771
2017-02-06 18:15:00,-43.588
2017-02-06 18:00:00,-75.845
2017-02-06 17:45:00,-70.696
2017-02-06 17:30:00,-40.935
2017-02-06 17:15:00,-42.883
2017-02-06 17:00:00,19.822
2017-02-06 16:45:00,2.577
2017-02-06 16:30:00,1.78
2017-02-06 16:15:00,1.793
2017-02-06 16:00:00,-7.283
2017-02-06 15:45:00,-3.308
2017-02-06 15:30:00,5.872
2017-02-06 15:15:00,8.701
2017-02-06 15:00:00,18.757
2017-02-06 14:45:00,25.122
2017-02-06 14:30:00,7.96
2017-02-06 14:15:00,3.736
2017-02-06 14:00:00,2.471
2017-02-06 13:45:00,-0.108
2017-02-06 13:30:00,2.417
2017-02-06 13:15:00,1.821
2017-02-06 13:00:00,1.732
2017-02-06 12:45:00,3.777
2017-02-06 12:30:00,1.501
2017-02-06 12:15:00,11.7
2017-02-06 12:00:00,17.31
2017-02-06 11:45:00,7.23
2017-02-06 11:30:00,6.556
2017-02-06 11:15:00,4.6
2017-02-06 11:00:00,19.695
2017-02-06 10:45:00,6.246
2017-02-06 10:30:00,13.644
2017-02-06 10:15:00,3.675
2017-02-06 10:00:00,-8.182
2017-02-06 09:45:00,-3.425
2017-02-06 09:30:00,-5.018
2017-02-06 09:15:00,2.994
2017-02-06 09:00:00,6.204
2017-02-06 08:45:00,3.017
2017-02-06 08:30:00,6.793
2017-02-06 08:15:00,0.863
2017-02-06 08:00:00,-2.996
2017-02-06 07:45:00,-14.892
2017-02-06 07:30:00,-15.126
2017-02-06 07:15:00,-15.487
2017-02-06 07:00:00,-8.694
2017-02-06 06:45:00,1.63
2017-02-06 06:30:00,1.686
2017-02-06 06:15:00,-8.511
2017-02-06 06:00:00,-20.461
2017-02-06 05:45:00,-23.575
2017-02-06 05:30:00,-12.807
2017-02-06 05:15:00,0.173
2017-02-06 05:00:00,1.717
2017-02-06 04:45:00,-4.333
2017-02-06 04:30:00,-11.912
2017-02-06 04:15:00,-10.483
2017-02-06 04:00:00,1.741
2017-02-06 03:45:00,1.742
2017-02-06 03:30:00,-0.467
2017-02-06 03:15:00,-16.315
2017-02-06 03:00:00,-18.901
2017-02-06 02:45:00,-20.315
2017-02-06 02:30:00,-1.784
2017-02-06 02:15:00,-1.072
2017-02-06 02:00:00,-1.851
2017-02-06 01:45:00,-3.085
2017-02-06 01:30:00,-8.44
2017-02-06 01:15:00,-23.287
2017-02-06 01:00:00,-22.956
2017-02-06 00:45:00,-19.178
2017-02-06 00:30:00,-6.118
2017-02-06 00:15:00,-5.973
2017-02-06 00:00:00,-7.269
2017-02-05 23:45:00,-6.087
2017-02-05 23:30:00,-5.495
2017-02-05 23:15:00,-21.428
2017-02-05 23:00:00,-41.966
2017-02-05 22:45:00,-40.034
2017-02-05 22:30:00,-17.274
2017-02-05 22:15:00,-17.745
2017-02-05 22:00:00,-16.532
2017-02-05 21:45:00,-16.628
2017-02-05 21:30:00,-17.85
2017-02-05 21:15:00,-17.587
2017-02-05 21:00:00,-23.857
2017-02-05 20:45:00,-36.941
2017-02-05 20:30:00,-36.429
2017-02-05 20:15:00,-33.382
2017-02-05 20:00:00,-22.477
2017-02-05 19:45:00,-23.567
2017-02-05 19:30:00,-25.657
2017-02-05 19:15:00,-26.042
2017-02-05 19:00:00,-27.3
2017-02-05 18:45:00,-26.146
2017-02-05 18:30:00,-25.985
2017-02-05 18:15:00,-27.41
2017-02-05 18:00:00,-45.088
2017-02-05 17:45:00,-49.173
2017-02-05 17:30:00,-45.498
2017-02-05 17:15:00,-31.067
2017-02-05 17:00:00,-23.87
2017-02-05 16:45:00,-23.325
2017-02-05 16:30:00,-23.613
2017-02-05 16:15:00,-20.361
2017-02-05 16:00:00,-23.575
2017-02-05 15:45:00,-23.372
2017-02-05 15:30:00,-19.485
2017-02-05 15:15:00,-13.587
2017-02-05 15:00:00,15.254
2017-02-05 14:45:00,17.753
2017-02-05 14:30:00,29.261
2017-02-05 14:15:00,55.683
2017-02-05 14:00:00,67.839
2017-02-05 13:45:00,55.756
2017-02-05 13:30:00,69.187
2017-02-05 13:15:00,113.239
2017-02-05 13:00:00,113.464
2017-02-05 12:45:00,75.077
2017-02-05 12:30:00,75.355
2017-02-05 12:15:00,92.847
2017-02-05 12:00:00,78.928
2017-02-05 11:45:00,96.696
2017-02-05 11:30:00,132.105
2017-02-05 11:15:00,87.421
2017-02-05 11:00:00,53.147
2017-02-05 10:45:00,34.406
2017-02-05 10:30:00,4.527
2017-02-05 10:15:00,1.075
2017-02-05 10:00:00,6.094
2017-02-05 09:45:00,12.941
2017-02-05 09:30:00,13.669
2017-02-05 09:15:00,18.016
2017-02-05 09:00:00,14.683
2017-02-05 08:45:00,8.499
2017-02-05 08:30:00,8.251
2017-02-05 08:15:00,6.704
2017-02-05 08:00:00,1.674
2017-02-05 07:45:00,1.68
2017-02-05 07:30:00,1.558
2017-02-05 07:15:00,1.675
2017-02-05 07:00:00,1.677
2017-02-05 06:45:00,1.682
2017-02-05 06:30:00,-11.375
2017-02-05 06:15:00,-16.916
2017-02-05 06:00:00,-17.721
2017-02-05 05:45:00,-0.134
2017-02-05 05:30:00,1.053
2017-02-05 05:15:00,1.635
2017-02-05 05:00:00,1.188
2017-02-05 04:45:00,-0.108
2017-02-05 04:30:00,-3.646
2017-02-05 04:15:00,-20.227
2017-02-05 04:00:00,-22.437
2017-02-05 03:45:00,-21.146
2017-02-05 03:30:00,-11.098
2017-02-05 03:15:00,-13.827
2017-02-05 03:00:00,-14.824
2017-02-05 02:45:00,-13.918
2017-02-05 02:30:00,-15.248
2017-02-05 02:15:00,-16.855
2017-02-05 02:00:00,-17.751
2017-02-05 01:45:00,-20.997
2017-02-05 01:30:00,-20.867
2017-02-05 01:15:00,-21.376
2017-02-05 01:00:00,-21.581
2017-02-05 00:45:00,-21.052
2017-02-05 00:30:00,-22.493
2017-02-05 00:15:00,-23.014
2017-02-05 00:00:00,-23.369
2017-02-04 23:45:00,-23.821
2017-02-04 23:30:00,-24.455
2017-02-04 23:15:00,-25.028
2017-02-04 23:00:00,-24.064
2017-02-04 22:45:00,-25.708
2017-02-04 22:30:00,-27.193
2017-02-04 22:15:00,-25.765
2017-02-04 22:00:00,-25.884
2017-02-04 21:45:00,-26.076
2017-02-04 21:30:00,-25.968
2017-02-04 21:15:00,-26.712
2017-02-04 21:00:00,-28.97
2017-02-04 20:45:00,-27.449
2017-02-04 20:30:00,-25.822
2017-02-04 20:15:00,-25.463
2017-02-04 20:00:00,-27.583
2017-02-04 19:45:00,-28.46
2017-02-04 19:30:00,-30.644
2017-02-04 19:15:00,-32.872
2017-02-04 19:00:00,-31.192
2017-02-04 18:45:00,-30.907
2017-02-04 18:30:00,-30.911
2017-02-04 18:15:00,-30.246
2017-02-04 18:00:00,-30.551
2017-02-04 17:45:00,-32.305
2017-02-04 17:30:00,-31.771
2017-02-04 17:15:00,-28.438
2017-02-04 17:00:00,-18.576
2017-02-04 16:45:00,-3.211
2017-02-04 16:30:00,2.436
2017-02-04 16:15:00,2.511
2017-02-04 16:00:00,2.58
2017-02-04 15:45:00,2.686
2017-02-04 15:30:00,2.145
2017-02-04 15:15:00,2.149
2017-02-04 15:00:00,3.24
2017-02-04 14:45:00,3.236
2017-02-04 14:30:00,2.882
2017-02-04 14:15:00,2.167
2017-02-04 14:00:00,3.297
2017-02-04 13:45:00,2.724
2017-02-04 13:30:00,3.062
2017-02-04 13:15:00,2.203
2017-02-04 13:00:00,3.585
2017-02-04 12:45:00,3.443
2017-02-04 12:30:00,4.398
2017-02-04 12:15:00,7.026
2017-02-04 12:00:00,12.903
2017-02-04 11:45:00,99.717
2017-02-04 11:30:00,112.067
2017-02-04 11:15:00,55.15
2017-02-04 11:00:00,183.143
2017-02-04 10:45:00,74.11
2017-02-04 10:30:00,161.786
2017-02-04 10:15:00,27.634
2017-02-04 10:00:00,30.087
2017-02-04 09:45:00,122.123
2017-02-04 09:30:00,149.209
2017-02-04 09:15:00,64.067
2017-02-04 09:00:00,86.198
2017-02-04 08:45:00,84.707
2017-02-04 08:30:00,101.142
2017-02-04 08:15:00,21.291
2017-02-04 08:00:00,60.487
2017-02-04 07:45:00,27.289
2017-02-04 07:30:00,5.565
2017-02-04 07:15:00,-1.516
2017-02-04 07:00:00,-14.252
2017-02-04 06:45:00,-16.556
2017-02-04 06:30:00,-11.739
2017-02-04 06:15:00,-3.105
2017-02-04 06:00:00,-3.648
2017-02-04 05:45:00,-3.648
2017-02-04 05:30:00,-3.262
2017-02-04 05:15:00,-5.315
2017-02-04 05:00:00,-6.009
2017-02-04 04:45:00,-4.287
2017-02-04 04:30:00,-4.35
2017-02-04 04:15:00,-6.527
2017-02-04 04:00:00,-7.179
2017-02-04 03:45:00,-6.397
2017-02-04 03:30:00,-9.875
2017-02-04 03:15:00,-11.324
2017-02-04 03:00:00,-8.475
2017-02-04 02:45:00,-9.7
2017-02-04 02:30:00,-12.002
2017-02-04 02:15:00,-12.563
2017-02-04 02:00:00,-16.591
2017-02-04 01:45:00,-17.587
2017-02-04 01:30:00,-17.164
2017-02-04 01:15:00,-16.795
2017-02-04 01:00:00,-17.671
2017-02-04 00:45:00,-18.773
2017-02-04 00:30:00,-18.958
2017-02-04 00:15:00,-20.467
2017-02-04 00:00:00,-21.521
2017-02-03 23:45:00,-21.064
2017-02-03 23:30:00,-20.192
2017-02-03 23:15:00,-20.814
2017-02-03 23:00:00,-21.675
2017-02-03 22:45:00,-22.457
2017-02-03 22:30:00,-22.868
2017-02-03 22:15:00,-22.987
2017-02-03 22:00:00,-24.634
2017-02-03 21:45:00,-23.495
2017-02-03 21:30:00,-22.712
2017-02-03 21:15:00,-22.02
2017-02-03 21:00:00,-20.377
2017-02-03 20:45:00,-20.771
2017-02-03 20:30:00,-23.959
2017-02-03 20:15:00,-28.383
2017-02-03 20:00:00,-35.408
2017-02-03 19:45:00,-36.945
2017-02-03 19:30:00,-38.597
2017-02-03 19:15:00,-37.731
2017-02-03 19:00:00,-38.013
2017-02-03 18:45:00,-38.864
2017-02-03 18:30:00,-37.655
2017-02-03 18:15:00,-37.321
2017-02-03 18:00:00,-42.963
2017-02-03 17:45:00,-43.668
2017-02-03 17:30:00,-44.688
2017-02-03 17:15:00,-43.415
2017-02-03 17:00:00,-26.39
2017-02-03 16:45:00,-24.904
2017-02-03 16:30:00,-27.44
2017-02-03 16:15:00,-1.216
2017-02-03 16:00:00,15.971
2017-02-03 15:45:00,-11.697
2017-02-03 15:30:00,-10.705
2017-02-03 15:15:00,-9.463
2017-02-03 15:00:00,2.126
2017-02-03 14:45:00,2.136
2017-02-03 14:30:00,2.161
2017-02-03 14:15:00,2.252
2017-02-03 14:00:00,35.853
2017-02-03 13:45:00,68.121
2017-02-03 13:30:00,71.142
2017-02-03 13:15:00,56.713
2017-02-03 13:00:00,51.126
2017-02-03 12:45:00,107.216
2017-02-03 12:30:00,93.584
2017-02-03 12:15:00,93.26
2017-02-03 12:00:00,29.591
2017-02-03 11:45:00,32.812
2017-02-03 11:30:00,36.806
2017-02-03 11:15:00,77.254
2017-02-03 11:00:00,81.747
2017-02-03 10:45:00,91.291
2017-02-03 10:30:00,110.994
2017-02-03 10:15:00,120.056
2017-02-03 10:00:00,85.787
2017-02-03 09:45:00,65.83
2017-02-03 09:30:00,87.977
2017-02-03 09:15:00,87.89
2017-02-03 09:00:00,50.212
2017-02-03 08:45:00,5.261
2017-02-03 08:30:00,8.382
2017-02-03 08:15:00,6.791
2017-02-03 08:00:00,-4.904
2017-02-03 07:45:00,-0.223
2017-02-03 07:30:00,-0.055
2017-02-03 07:15:00,-9.404
2017-02-03 07:00:00,-15.812
2017-02-03 06:45:00,-9.093
2017-02-03 06:30:00,0.885
2017-02-03 06:15:00,-1.666
2017-02-03 06:00:00,-0.091
2017-02-03 05:45:00,-16.907
2017-02-03 05:30:00,-22.632
2017-02-03 05:15:00,-17.955
2017-02-03 05:00:00,-11.885
2017-02-03 04:45:00,-2.496
2017-02-03 04:30:00,1.695
2017-02-03 04:15:00,1.698
2017-02-03 04:00:00,1.713
2017-02-03 03:45:00,-11.832
2017-02-03 03:30:00,-15.698
2017-02-03 03:15:00,-16.63
2017-02-03 03:00:00,-19.735
2017-02-03 02:45:00,-12.466
2017-02-03 02:30:00,-6.362
2017-02-03 02:15:00,-4.847
2017-02-03 02:00:00,-6.372
2017-02-03 01:45:00,-7.408
2017-02-03 01:30:00,-22.915
2017-02-03 01:15:00,-25.945
2017-02-03 01:00:00,-27.68
2017-02-03 00:45:00,-20.906
2017-02-03 00:30:00,-14.793
2017-02-03 00:15:00,-14.709
2017-02-03 00:00:00,-15.926
2017-02-02 23:45:00,-15.064
2017-02-02 23:30:00,-14.848
2017-02-02 23:15:00,-16.33
2017-02-02 23:00:00,-17.585
2017-02-02 22:45:00,-17.588
2017-02-02 22:30:00,-15.535
2017-02-02 22:15:00,-20.589
2017-02-02 22:00:00,-22.072
2017-02-02 21:45:00,-21.543
2017-02-02 21:30:00,-22.897
2017-02-02 21:15:00,-23.128
2017-02-02 21:00:00,-22.039
2017-02-02 20:45:00,-20.642
2017-02-02 20:30:00,-21.73
2017-02-02 20:15:00,-28.328
2017-02-02 20:00:00,-37.274
2017-02-02 19:45:00,-36.583
2017-02-02 19:30:00,-35.38
2017-02-02 19:15:00,-37.103
2017-02-02 19:00:00,-35.671
2017-02-02 18:45:00,-37.19
2017-02-02 18:30:00,-38.357
2017-02-02 18:15:00,-40.187
2017-02-02 18:00:00,-41.05
2017-02-02 17:45:00,-41.81
2017-02-02 17:30:00,-43.311
2017-02-02 17:15:00,-42.523
2017-02-02 17:00:00,-40.598
2017-02-02 16:45:00,-36.609
2017-02-02 16:30:00,-27.104
2017-02-02 16:15:00,-17.618
2017-02-02 16:00:00,-8.946
2017-02-02 15:45:00,-2.005
2017-02-02 15:30:00,2.167
2017-02-02 15:15:00,2.155
2017-02-02 15:00:00,2.16
2017-02-02 14:45:00,2.167
2017-02-02 14:30:00,2.163
2017-02-02 14:15:00,2.176
2017-02-02 14:00:00,2.184
2017-02-02 13:45:00,2.202
2017-02-02 13:30:00,2.218
2017-02-02 13:15:00,2.233
2017-02-02 13:00:00,2.306
2017-02-02 12:45:00,2.355
2017-02-02 12:30:00,29.114
2017-02-02 12:15:00,137.623
2017-02-02 12:00:00,134.917
2017-02-02 11:45:00,136.962
2017-02-02 11:30:00,140.966
2017-02-02 11:15:00,141.141
2017-02-02 11:00:00,136.278
2017-02-02 10:45:00,136.708
2017-02-02 10:30:00,122.844
2017-02-02 10:15:00,113.595
2017-02-02 10:00:00,102.459
2017-02-02 09:45:00,53.792
2017-02-02 09:30:00,34.774
2017-02-02 09:15:00,52.867
2017-02-02 09:00:00,11.973
2017-02-02 08:45:00,1.821
2017-02-02 08:30:00,9.23
2017-02-02 08:15:00,31.637
2017-02-02 08:00:00,16.991
2017-02-02 07:45:00,2.302
2017-02-02 07:30:00,0.789
2017-02-02 07:15:00,-5.723
2017-02-02 07:00:00,-14.252
2017-02-02 06:45:00,-13.076
2017-02-02 06:30:00,-12.464
2017-02-02 06:15:00,-19.546
2017-02-02 06:00:00,-22.157
2017-02-02 05:45:00,-22.21
2017-02-02 05:30:00,-25.652
2017-02-02 05:15:00,-13.674
2017-02-02 05:00:00,-11.384
2017-02-02 04:45:00,-10.058
2017-02-02 04:30:00,-9.507
2017-02-02 04:15:00,-12.964
2017-02-02 04:00:00,-15.674
2017-02-02 03:45:00,-17.813
2017-02-02 03:30:00,-19.758
2017-02-02 03:15:00,-19.251
2017-02-02 03:00:00,-20.797
2017-02-02 02:45:00,-21.12
2017-02-02 02:30:00,-7.372
2017-02-02 02:15:00,-6.406
2017-02-02 02:00:00,-4.604
2017-02-02 01:45:00,-23.136
2017-02-02 01:30:00,-24.982
2017-02-02 01:15:00,-24.37
2017-02-02 01:00:00,-23.158
2017-02-02 00:45:00,-8.714
2017-02-02 00:30:00,-9.758
2017-02-02 00:15:00,-10.38
2017-02-02 00:00:00,-10.169
2017-02-01 23:45:00,-20.385
2017-02-01 23:30:00,-27.753
2017-02-01 23:15:00,-19.433
2017-02-01 23:00:00,-13.866
2017-02-01 22:45:00,-15.356
2017-02-01 22:30:00,-12.487
2017-02-01 22:15:00,-12.869
2017-02-01 22:00:00,-14.857
2017-02-01 21:45:00,-16.445
2017-02-01 21:30:00,-18.043
2017-02-01 21:15:00,-18.627
2017-02-01 21:00:00,-17.568
2017-02-01 20:45:00,-18.251
2017-02-01 20:30:00,-20.126
2017-02-01 20:15:00,-23.13
2017-02-01 20:00:00,-30.67
2017-02-01 19:45:00,-30.892
2017-02-01 19:30:00,-32.339
2017-02-01 19:15:00,-36.11
2017-02-01 19:00:00,-37.361
2017-02-01 18:45:00,-37.466
2017-02-01 18:30:00,-38.66
2017-02-01 18:15:00,-39.607
2017-02-01 18:00:00,-39.761
2017-02-01 17:45:00,-42.424
2017-02-01 17:30:00,-49.109
2017-02-01 17:15:00,-55.411
2017-02-01 17:00:00,-42.081
2017-02-01 16:45:00,-38.417
2017-02-01 16:30:00,-8.471
2017-02-01 16:15:00,2.172
2017-02-01 16:00:00,2.171
2017-02-01 15:45:00,2.179
2017-02-01 15:30:00,2.196
2017-02-01 15:15:00,2.194
2017-02-01 15:00:00,2.198
2017-02-01 14:45:00,2.204
2017-02-01 14:30:00,2.207
2017-02-01 14:15:00,2.199
2017-02-01 14:00:00,2.205
2017-02-01 13:45:00,2.211
2017-02-01 13:30:00,2.216
2017-02-01 13:15:00,2.217
2017-02-01 13:00:00,2.218
2017-02-01 12:45:00,2.222
2017-02-01 12:30:00,2.223
2017-02-01 12:15:00,2.238
2017-02-01 12:00:00,2.283
2017-02-01 11:45:00,2.342
2017-02-01 11:30:00,2.383
2017-02-01 11:15:00,2.606
2017-02-01 11:00:00,137.337
2017-02-01 10:45:00,173.329
2017-02-01 10:30:00,167.196
2017-02-01 10:15:00,150.612
2017-02-01 10:00:00,150.998
2017-02-01 09:45:00,144.049
2017-02-01 09:30:00,132.951
2017-02-01 09:15:00,121.017
2017-02-01 09:00:00,113.733
2017-02-01 08:45:00,95.649
2017-02-01 08:30:00,83.065
2017-02-01 08:15:00,63.178
2017-02-01 08:00:00,27.159
2017-02-01 07:45:00,14.041
2017-02-01 07:30:00,-12.898
2017-02-01 07:15:00,-15.498
2017-02-01 07:00:00,-10.731
2017-02-01 06:45:00,-9.003
2017-02-01 06:30:00,-6.793
2017-02-01 06:15:00,-14.428
2017-02-01 06:00:00,-20.564
2017-02-01 05:45:00,-20.784
2017-02-01 05:30:00,-26.599
2017-02-01 05:15:00,-19.743
2017-02-01 05:00:00,-14.241
2017-02-01 04:45:00,-12.71
2017-02-01 04:30:00,0.208
2017-02-01 04:15:00,1.776
2017-02-01 04:00:00,1.275
2017-02-01 03:45:00,-14.699
2017-02-01 03:30:00,-18.079
2017-02-01 03:15:00,-20.498
2017-02-01 03:00:00,-21.199
2017-02-01 02:45:00,-18.637
2017-02-01 02:30:00,-9.272
2017-02-01 02:15:00,-14.712
2017-02-01 02:00:00,-16.652
2017-02-01 01:45:00,-19.65
2017-02-01 01:30:00,-33.26
2017-02-01 01:15:00,-33.808
2017-02-01 01:00:00,-21.499
2017-02-01 00:45:00,-20.581
2017-02-01 00:30:00,-21.769
2017-02-01 00:15:00,-20.872
2017-02-01 00:00:00,-22.562
2017-01-31 23:45:00,-22.01
2017-01-31 23:30:00,-20.501
2017-01-31 23:15:00,-20.513
2017-01-31 23:00:00,-23.158
2017-01-31 22:45:00,-22.301
2017-01-31 22:30:00,-21.551
2017-01-31 22:15:00,-21.034
2017-01-31 22:00:00,-21.511
2017-01-31 21:45:00,-19.938
2017-01-31 21:30:00,-20.43
2017-01-31 21:15:00,-21.612
2017-01-31 21:00:00,-24.051
2017-01-31 20:45:00,-22.707
2017-01-31 20:30:00,-21.825
2017-01-31 20:15:00,-25.007
2017-01-31 20:00:00,-30.424
2017-01-31 19:45:00,-30.65
2017-01-31 19:30:00,-32.444
2017-01-31 19:15:00,-32.47
2017-01-31 19:00:00,-34.446
2017-01-31 18:45:00,-35.1
2017-01-31 18:30:00,-34.581
2017-01-31 18:15:00,-32.549
2017-01-31 18:00:00,-41.857
2017-01-31 17:45:00,-44.398
2017-01-31 17:30:00,-37.992
2017-01-31 17:15:00,-36.926
2017-01-31 17:00:00,-31.629
2017-01-31 16:45:00,-13.365
2017-01-31 16:30:00,-2.078
2017-01-31 16:15:00,2.173
2017-01-31 16:00:00,2.168
2017-01-31 15:45:00,2.172
2017-01-31 15:30:00,2.18
2017-01-31 15:15:00,2.185
2017-01-31 15:00:00,2.172
2017-01-31 14:45:00,2.178
2017-01-31 14:30:00,2.201
2017-01-31 14:15:00,2.2
2017-01-31 14:00:00,2.199
2017-01-31 13:45:00,2.214
2017-01-31 13:30:00,2.224
2017-01-31 13:15:00,2.257
2017-01-31 13:00:00,2.335
2017-01-31 12:45:00,2.378
2017-01-31 12:30:00,2.546
2017-01-31 12:15:00,65.474
2017-01-31 12:00:00,167.433
2017-01-31 11:45:00,162.327
2017-01-31 11:30:00,163.142
2017-01-31 11:15:00,146.467
2017-01-31 11:00:00,138.627
2017-01-31 10:45:00,144.747
2017-01-31 10:30:00,143.846
2017-01-31 10:15:00,136.673
2017-01-31 10:00:00,135.379
2017-01-31 09:45:00,115.673
2017-01-31 09:30:00,24.346
2017-01-31 09:15:00,0.0
2017-01-31 09:00:00,0.0
2017-01-31 08:45:00,0.0
2017-01-31 08:30:00,0.0
2017-01-31 08:15:00,0.0
2017-01-31 08:00:00,9.971
2017-01-31 07:45:00,0.644
2017-01-31 07:30:00,-5.4
2017-01-31 07:15:00,-7.059
2017-01-31 07:00:00,-3.015
2017-01-31 06:45:00,-17.42
2017-01-31 06:30:00,-22.109
2017-01-31 06:15:00,-29.917
2017-01-31 06:00:00,-20.223
2017-01-31 05:45:00,-19.255
2017-01-31 05:30:00,-19.383
2017-01-31 05:15:00,-10.563
2017-01-31 05:00:00,-17.361
2017-01-31 04:45:00,-19.188
2017-01-31 04:30:00,-20.38
2017-01-31 04:15:00,-19.368
2017-01-31 04:00:00,-7.067
2017-01-31 03:45:00,-7.956
2017-01-31 03:30:00,-5.872
2017-01-31 03:15:00,-4.475
2017-01-31 03:00:00,-18.567
2017-01-31 02:45:00,-25.769
2017-01-31 02:30:00,-27.29
2017-01-31 02:15:00,-20.855
2017-01-31 02:00:00,-15.021
2017-01-31 01:45:00,-14.859
2017-01-31 01:30:00,-14.521
2017-01-31 01:15:00,-16.789
2017-01-31 01:00:00,-17.603
2017-01-31 00:45:00,-16.463
2017-01-31 00:30:00,-17.048
2017-01-31 00:15:00,-17.337
2017-01-31 00:00:00,-17.264
2017-01-30 23:45:00,-18.546
2017-01-30 23:30:00,-18.395
2017-01-30 23:15:00,-17.038
2017-01-30 23:00:00,-16.485
2017-01-30 22:45:00,-16.413
2017-01-30 22:30:00,-17.498
2017-01-30 22:15:00,-18.21
2017-01-30 22:00:00,-17.602
2017-01-30 21:45:00,-17.564
2017-01-30 21:30:00,-18.029
2017-01-30 21:15:00,-17.526
2017-01-30 21:00:00,-20.891
2017-01-30 20:45:00,-21.696
2017-01-30 20:30:00,-22.049
2017-01-30 20:15:00,-25.163
2017-01-30 20:00:00,-31.829
2017-01-30 19:45:00,-32.077
2017-01-30 19:30:00,-31.747
2017-01-30 19:15:00,-32.426
2017-01-30 19:00:00,-32.491
2017-01-30 18:45:00,-34.34
2017-01-30 18:30:00,-36.086
2017-01-30 18:15:00,-36.489
2017-01-30 18:00:00,-36.039
2017-01-30 17:45:00,-37.009
2017-01-30 17:30:00,-41.334
2017-01-30 17:15:00,-50.468
2017-01-30 17:00:00,-37.144
2017-01-30 16:45:00,-34.446
2017-01-30 16:30:00,-10.019
2017-01-30 16:15:00,1.395
2017-01-30 16:00:00,2.142
2017-01-30 15:45:00,2.152
2017-01-30 15:30:00,2.154
2017-01-30 15:15:00,2.154
2017-01-30 15:00:00,2.155
2017-01-30 14:45:00,2.171
2017-01-30 14:30:00,2.17
2017-01-30 14:15:00,2.173
2017-01-30 14:00:00,2.174
2017-01-30 13:45:00,2.172
2017-01-30 13:30:00,2.164
2017-01-30 13:15:00,2.181
2017-01-30 13:00:00,2.199
2017-01-30 12:45:00,2.202
2017-01-30 12:30:00,2.222
2017-01-30 12:15:00,2.288
2017-01-30 12:00:00,2.32
2017-01-30 11:45:00,2.424
2017-01-30 11:30:00,80.59
2017-01-30 11:15:00,150.743
2017-01-30 11:00:00,150.694
2017-01-30 10:45:00,146.865
2017-01-30 10:30:00,138.836
2017-01-30 10:15:00,132.557
2017-01-30 10:00:00,126.3
2017-01-30 09:45:00,118.065
2017-01-30 09:30:00,110.164
2017-01-30 09:15:00,104.73
2017-01-30 09:00:00,95.069
2017-01-30 08:45:00,82.58
2017-01-30 08:30:00,74.162
2017-01-30 08:15:00,37.362
2017-01-30 08:00:00,1.283
2017-01-30 07:45:00,-8.352
2017-01-30 07:30:00,-3.338
2017-01-30 07:15:00,1.43
2017-01-30 07:00:00,-10.526
2017-01-30 06:45:00,-23.11
2017-01-30 06:30:00,-21.36
2017-01-30 06:15:00,-28.057
2017-01-30 06:00:00,-32.567
2017-01-30 05:45:00,-32.205
2017-01-30 05:30:00,-33.663
2017-01-30 05:15:00,-11.464
2017-01-30 05:00:00,1.378
2017-01-30 04:45:00,1.729
2017-01-30 04:30:00,-6.927
2017-01-30 04:15:00,-19.157
2017-01-30 04:00:00,-20.505
2017-01-30 03:45:00,-20.242
2017-01-30 03:30:00,-22.087
2017-01-30 03:15:00,-22.365
2017-01-30 03:00:00,-10.451
2017-01-30 02:45:00,-7.831
2017-01-30 02:30:00,-9.244
2017-01-30 02:15:00,-18.912
2017-01-30 02:00:00,-27.478
2017-01-30 01:45:00,-27.748
2017-01-30 01:30:00,-28.71
2017-01-30 01:15:00,-28.981
2017-01-30 01:00:00,-20.439
2017-01-30 00:45:00,-16.804
2017-01-30 00:30:00,-18.04
2017-01-30 00:15:00,-17.246
2017-01-30 00:00:00,-16.454
2017-01-29 23:45:00,-18.219
2017-01-29 23:30:00,-17.46
2017-01-29 23:15:00,-17.411
2017-01-29 23:00:00,-17.586
2017-01-29 22:45:00,-17.843
2017-01-29 22:30:00,-16.646
2017-01-29 22:15:00,-19.657
2017-01-29 22:00:00,-22.571
2017-01-29 21:45:00,-23.185
2017-01-29 21:30:00,-25.243
2017-01-29 21:15:00,-26.69
2017-01-29 21:00:00,-27.091
2017-01-29 20:45:00,-26.101
2017-01-29 20:30:00,-25.524
2017-01-29 20:15:00,-27.563
2017-01-29 20:00:00,-28.718
2017-01-29 19:45:00,-28.042
2017-01-29 19:30:00,-30.355
2017-01-29 19:15:00,-31.019
2017-01-29 19:00:00,-30.236
2017-01-29 18:45:00,-29.669
2017-01-29 18:30:00,-31.31
2017-01-29 18:15:00,-31.049
2017-01-29 18:00:00,-30.141
2017-01-29 17:45:00,-31.66
2017-01-29 17:30:00,-31.979
2017-01-29 17:15:00,-30.942
2017-01-29 17:00:00,-24.193
2017-01-29 16:45:00,-15.167
2017-01-29 16:30:00,1.698
2017-01-29 16:15:00,2.155
2017-01-29 16:00:00,2.158
2017-01-29 15:45:00,2.163
2017-01-29 15:30:00,2.163
2017-01-29 15:15:00,2.169
2017-01-29 15:00:00,2.154
2017-01-29 14:45:00,2.152
2017-01-29 14:30:00,2.158
2017-01-29 14:15:00,2.159
2017-01-29 14:00:00,2.177
2017-01-29 13:45:00,2.176
2017-01-29 13:30:00,2.188
2017-01-29 13:15:00,2.19
2017-01-29 13:00:00,2.183
2017-01-29 12:45:00,2.191
2017-01-29 12:30:00,2.189
2017-01-29 12:15:00,2.205
2017-01-29 12:00:00,2.239
2017-01-29 11:45:00,2.287
2017-01-29 11:30:00,2.31
2017-01-29 11:15:00,2.356
2017-01-29 11:00:00,2.525
2017-01-29 10:45:00,57.517
2017-01-29 10:30:00,185.263
2017-01-29 10:15:00,178.904
2017-01-29 10:00:00,171.856
2017-01-29 09:45:00,165.111
2017-01-29 09:30:00,157.323
2017-01-29 09:15:00,146.049
2017-01-29 09:00:00,122.132
2017-01-29 08:45:00,106.465
2017-01-29 08:30:00,91.997
2017-01-29 08:15:00,62.206
2017-01-29 08:00:00,34.998
2017-01-29 07:45:00,12.604
2017-01-29 07:30:00,-1.606
2017-01-29 07:15:00,-3.139
2017-01-29 07:00:00,-5.491
2017-01-29 06:45:00,-4.498
2017-01-29 06:30:00,-2.904
2017-01-29 06:15:00,-9.213
2017-01-29 06:00:00,-11.554
2017-01-29 05:45:00,-10.908
2017-01-29 05:30:00,-10.264
2017-01-29 05:15:00,-9.71
2017-01-29 05:00:00,-9.994
2017-01-29 04:45:00,-10.708
2017-01-29 04:30:00,-13.286
2017-01-29 04:15:00,-17.616
2017-01-29 04:00:00,-19.29
2017-01-29 03:45:00,-19.864
2017-01-29 03:30:00,-21.577
2017-01-29 03:15:00,-24.133
2017-01-29 03:00:00,-23.808
2017-01-29 02:45:00,-23.402
2017-01-29 02:30:00,-23.628
2017-01-29 02:15:00,-23.277
2017-01-29 02:00:00,-23.804
2017-01-29 01:45:00,-23.304
2017-01-29 01:30:00,-25.175
2017-01-29 01:15:00,-25.64
2017-01-29 01:00:00,-22.483
2017-01-29 00:45:00,-8.154
2017-01-29 00:30:00,-10.041
2017-01-29 00:15:00,-19.297
2017-01-29 00:00:00,-26.526
2017-01-28 23:45:00,-26.789
2017-01-28 23:30:00,-27.171
2017-01-28 23:15:00,-27.957
2017-01-28 23:00:00,-27.686
2017-01-28 22:45:00,-15.314
2017-01-28 22:30:00,-13.179
2017-01-28 22:15:00,-17.754
2017-01-28 22:00:00,-28.869
2017-01-28 21:45:00,-30.2
2017-01-28 21:30:00,-30.956
2017-01-28 21:15:00,-24.967
2017-01-28 21:00:00,-14.948
2017-01-28 20:45:00,-15.12
2017-01-28 20:30:00,-14.062
2017-01-28 20:15:00,-15.457
2017-01-28 20:00:00,-15.706
2017-01-28 19:45:00,-26.651
2017-01-28 19:30:00,-41.822
2017-01-28 19:15:00,-28.455
2017-01-28 19:00:00,-27.125
2017-01-28 18:45:00,-28.992
2017-01-28 18:30:00,-31.249
2017-01-28 18:15:00,-31.399
2017-01-28 18:00:00,-29.941
2017-01-28 17:45:00,-31.009
2017-01-28 17:30:00,-31.042
2017-01-28 17:15:00,-30.064
2017-01-28 17:00:00,-23.112
2017-01-28 16:45:00,-15.614
2017-01-28 16:30:00,1.031
2017-01-28 16:15:00,2.125
2017-01-28 16:00:00,2.112
2017-01-28 15:45:00,2.077
2017-01-28 15:30:00,2.068
2017-01-28 15:15:00,2.067
2017-01-28 15:00:00,2.057
2017-01-28 14:45:00,2.069
2017-01-28 14:30:00,2.082
2017-01-28 14:15:00,2.086
2017-01-28 14:00:00,2.069
2017-01-28 13:45:00,2.083
2017-01-28 13:30:00,2.089
2017-01-28 13:15:00,2.093
2017-01-28 13:00:00,2.088
2017-01-28 12:45:00,2.092
2017-01-28 12:30:00,2.1
2017-01-28 12:15:00,2.115
2017-01-28 12:00:00,2.153
2017-01-28 11:45:00,2.206
2017-01-28 11:30:00,2.25
2017-01-28 11:15:00,2.421
2017-01-28 11:00:00,87.258
2017-01-28 10:45:00,180.238
2017-01-28 10:30:00,174.785
2017-01-28 10:15:00,167.292
2017-01-28 10:00:00,160.07
2017-01-28 09:45:00,151.932
2017-01-28 09:30:00,142.963
2017-01-28 09:15:00,118.996
2017-01-28 09:00:00,107.214
2017-01-28 08:45:00,91.713
2017-01-28 08:30:00,73.469
2017-01-28 08:15:00,39.126
2017-01-28 08:00:00,15.482
2017-01-28 07:45:00,-4.167
2017-01-28 07:30:00,-23.226
2017-01-28 07:15:00,-13.467
2017-01-28 07:00:00,-2.971
2017-01-28 06:45:00,-4.788
2017-01-28 06:30:00,-4.881
2017-01-28 06:15:00,-8.344
2017-01-28 06:00:00,-10.239
2017-01-28 05:45:00,-11.071
2017-01-28 05:30:00,-10.213
2017-01-28 05:15:00,-10.813
2017-01-28 05:00:00,-10.327
2017-01-28 04:45:00,-10.213
2017-01-28 04:30:00,-12.129
2017-01-28 04:15:00,-10.409
2017-01-28 04:00:00,-14.074
2017-01-28 03:45:00,-15.888
2017-01-28 03:30:00,-17.27
2017-01-28 03:15:00,-19.077
2017-01-28 03:00:00,-20.447
2017-01-28 02:45:00,-21.604
2017-01-28 02:30:00,-22.438
2017-01-28 02:15:00,-24.03
2017-01-28 02:00:00,-25.092
2017-01-28 01:45:00,-24.655
2017-01-28 01:30:00,-25.25
2017-01-28 01:15:00,-26.191
2017-01-28 01:00:00,-26.958
2017-01-28 00:45:00,-25.306
2017-01-28 00:30:00,-26.211
2017-01-28 00:15:00,-27.148
2017-01-28 00:00:00,-26.813
2017-01-27 23:45:00,-24.947
2017-01-27 23:30:00,-9.408
2017-01-27 23:15:00,-10.305
2017-01-27 23:00:00,-9.506
2017-01-27 22:45:00,-9.645
2017-01-27 22:30:00,-18.65
2017-01-27 22:15:00,-27.318
2017-01-27 22:00:00,-26.257
2017-01-27 21:45:00,-27.074
2017-01-27 21:30:00,-27.298
2017-01-27 21:15:00,-21.338
2017-01-27 21:00:00,-9.491
2017-01-27 20:45:00,-9.886
2017-01-27 20:30:00,-9.9
2017-01-27 20:15:00,-17.344
2017-01-27 20:00:00,-29.534
2017-01-27 19:45:00,-28.829
2017-01-27 19:30:00,-28.004
2017-01-27 19:15:00,-28.342
2017-01-27 19:00:00,-29.354
2017-01-27 18:45:00,-29.546
2017-01-27 18:30:00,-27.985
2017-01-27 18:15:00,-31.953
2017-01-27 18:00:00,-32.708
2017-01-27 17:45:00,-35.822
2017-01-27 17:30:00,-42.096
2017-01-27 17:15:00,-42.257
2017-01-27 17:00:00,-31.785
2017-01-27 16:45:00,-25.884
2017-01-27 16:30:00,-8.645
2017-01-27 16:15:00,0.747
2017-01-27 16:00:00,2.154
2017-01-27 15:45:00,2.149
2017-01-27 15:30:00,2.156
2017-01-27 15:15:00,2.165
2017-01-27 15:00:00,2.178
2017-01-27 14:45:00,2.194
2017-01-27 14:30:00,2.19
2017-01-27 14:15:00,2.195
2017-01-27 14:00:00,2.199
2017-01-27 13:45:00,2.209
2017-01-27 13:30:00,2.204
2017-01-27 13:15:00,2.212
2017-01-27 13:00:00,2.21
2017-01-27 12:45:00,2.231
2017-01-27 12:30:00,2.306
2017-01-27 12:15:00,2.356
2017-01-27 12:00:00,2.387
2017-01-27 11:45:00,2.506
2017-01-27 11:30:00,2.723
2017-01-27 11:15:00,182.422
2017-01-27 11:00:00,195.42
2017-01-27 10:45:00,192.373
2017-01-27 10:30:00,186.334
2017-01-27 10:15:00,175.082
2017-01-27 10:00:00,161.38
2017-01-27 09:45:00,144.709
2017-01-27 09:30:00,126.125
2017-01-27 09:15:00,116.324
2017-01-27 09:00:00,90.975
2017-01-27 08:45:00,73.207
2017-01-27 08:30:00,58.665
2017-01-27 08:15:00,29.355
2017-01-27 08:00:00,21.119
2017-01-27 07:45:00,5.375
2017-01-27 07:30:00,1.716
2017-01-27 07:15:00,1.716
2017-01-27 07:00:00,1.729
2017-01-27 06:45:00,-1.144
2017-01-27 06:30:00,-10.126
2017-01-27 06:15:00,-8.671
2017-01-27 06:00:00,-18.103
2017-01-27 05:45:00,-22.894
2017-01-27 05:30:00,-24.255
2017-01-27 05:15:00,-6.239
2017-01-27 05:00:00,-3.967
2017-01-27 04:45:00,-1.389
2017-01-27 04:30:00,1.677
2017-01-27 04:15:00,1.651
2017-01-27 04:00:00,-3.463
2017-01-27 03:45:00,-4.163
2017-01-27 03:30:00,-5.955
2017-01-27 03:15:00,-3.856
2017-01-27 03:00:00,-2.231
2017-01-27 02:45:00,1.65
2017-01-27 02:30:00,0.717
2017-01-27 02:15:00,-3.514
2017-01-27 02:00:00,-8.284
2017-01-27 01:45:00,-13.257
2017-01-27 01:30:00,-17.283
2017-01-27 01:15:00,-16.09
2017-01-27 01:00:00,0.757
2017-01-27 00:45:00,0.594
2017-01-27 00:30:00,-15.377
2017-01-27 00:15:00,-21.844
2017-01-27 00:00:00,-29.27
2017-01-26 23:45:00,-21.323
2017-01-26 23:30:00,-15.678
2017-01-26 23:15:00,-19.033
2017-01-26 23:00:00,-33.772
2017-01-26 22:45:00,-32.6
2017-01-26 22:30:00,-20.296
2017-01-26 22:15:00,-22.136
2017-01-26 22:00:00,-22.777
2017-01-26 21:45:00,-20.444
2017-01-26 21:30:00,-30.49
2017-01-26 21:15:00,-39.303
2017-01-26 21:00:00,-29.79
2017-01-26 20:45:00,-26.281
2017-01-26 20:30:00,-26.983
2017-01-26 20:15:00,-34.688
2017-01-26 20:00:00,-47.462
2017-01-26 19:45:00,-47.227
2017-01-26 19:30:00,-49.668
2017-01-26 19:15:00,-49.079
2017-01-26 19:00:00,-47.707
2017-01-26 18:45:00,-51.287
2017-01-26 18:30:00,-54.397
2017-01-26 18:15:00,-51.832
2017-01-26 18:00:00,-51.916
2017-01-26 17:45:00,-60.693
2017-01-26 17:30:00,-65.533
2017-01-26 17:15:00,-61.951
2017-01-26 17:00:00,-51.443
2017-01-26 16:45:00,-55.919
2017-01-26 16:30:00,-46.174
2017-01-26 16:15:00,-27.178
2017-01-26 16:00:00,1.546
2017-01-26 15:45:00,2.174
2017-01-26 15:30:00,2.183
2017-01-26 15:15:00,2.2
2017-01-26 15:00:00,2.195
2017-01-26 14:45:00,2.191
2017-01-26 14:30:00,2.195
2017-01-26 14:15:00,2.2
2017-01-26 14:00:00,2.205
2017-01-26 13:45:00,2.205
2017-01-26 13:30:00,2.21
2017-01-26 13:15:00,2.215
2017-01-26 13:00:00,2.22
2017-01-26 12:45:00,2.22
2017-01-26 12:30:00,2.302
2017-01-26 12:15:00,2.359
2017-01-26 12:00:00,2.445
2017-01-26 11:45:00,75.099
2017-01-26 11:30:00,153.791
2017-01-26 11:15:00,144.811
2017-01-26 11:00:00,142.521
2017-01-26 10:45:00,133.175
2017-01-26 10:30:00,127.164
2017-01-26 10:15:00,130.062
2017-01-26 10:00:00,122.795
2017-01-26 09:45:00,112.827
2017-01-26 09:30:00,100.344
2017-01-26 09:15:00,88.97
2017-01-26 09:00:00,80.934
2017-01-26 08:45:00,61.892
2017-01-26 08:30:00,43.658
2017-01-26 08:15:00,23.914
2017-01-26 08:00:00,11.222
2017-01-26 07:45:00,-1.601
2017-01-26 07:30:00,-0.767
2017-01-26 07:15:00,-3.542
2017-01-26 07:00:00,-4.935
2017-01-26 06:45:00,-6.911
2017-01-26 06:30:00,-8.281
2017-01-26 06:15:00,-13.904
2017-01-26 06:00:00,-16.33
2017-01-26 05:45:00,-18.655
2017-01-26 05:30:00,-22.817
2017-01-26 05:15:00,-6.141
2017-01-26 05:00:00,-6.686
2017-01-26 04:45:00,-7.066
2017-01-26 04:30:00,-6.196
2017-01-26 04:15:00,-8.116
2017-01-26 04:00:00,-9.766
2017-01-26 03:45:00,-9.111
2017-01-26 03:30:00,-7.942
2017-01-26 03:15:00,-10.081
2017-01-26 03:00:00,-10.543
2017-01-26 02:45:00,-9.229
2017-01-26 02:30:00,-9.863
2017-01-26 02:15:00,-14.439
2017-01-26 02:00:00,-16.501
2017-01-26 01:45:00,-17.722
2017-01-26 01:30:00,-17.53
2017-01-26 01:15:00,-18.642
2017-01-26 01:00:00,-17.53
2017-01-26 00:45:00,-16.792
2017-01-26 00:30:00,-20.094
2017-01-26 00:15:00,-21.085
2017-01-26 00:00:00,-21.112
2017-01-25 23:45:00,-21.866
2017-01-25 23:30:00,-23.723
2017-01-25 23:15:00,-24.193
2017-01-25 23:00:00,-24.574
2017-01-25 22:45:00,-25.374
2017-01-25 22:30:00,-25.069
2017-01-25 22:15:00,-24.345
2017-01-25 22:00:00,-17.113
2017-01-25 21:45:00,-9.798
2017-01-25 21:30:00,-9.42
2017-01-25 21:15:00,-24.883
2017-01-25 21:00:00,-25.016
2017-01-25 20:45:00,-25.966
2017-01-25 20:30:00,-20.84
2017-01-25 20:15:00,-14.277
2017-01-25 20:00:00,-27.254
2017-01-25 19:45:00,-40.68
2017-01-25 19:30:00,-42.904
2017-01-25 19:15:00,-43.565
2017-01-25 19:00:00,-45.115
2017-01-25 18:45:00,-34.495
2017-01-25 18:30:00,-29.593
2017-01-25 18:15:00,-31.399
2017-01-25 18:00:00,-34.742
2017-01-25 17:45:00,-47.022
2017-01-25 17:30:00,-56.037
2017-01-25 17:15:00,-57.567
2017-01-25 17:00:00,-32.084
2017-01-25 16:45:00,-44.486
2017-01-25 16:30:00,-29.395
2017-01-25 16:15:00,-0.662
2017-01-25 16:00:00,2.174
2017-01-25 15:45:00,2.179
2017-01-25 15:30:00,2.179
2017-01-25 15:15:00,2.188
2017-01-25 15:00:00,2.196
2017-01-25 14:45:00,2.203
2017-01-25 14:30:00,2.22
2017-01-25 14:15:00,2.218
2017-01-25 14:00:00,2.238
2017-01-25 13:45:00,2.241
2017-01-25 13:30:00,2.246
2017-01-25 13:15:00,2.245
2017-01-25 13:00:00,2.252
2017-01-25 12:45:00,2.252
2017-01-25 12:30:00,2.284
2017-01-25 12:15:00,2.37
2017-01-25 12:00:00,2.419
2017-01-25 11:45:00,2.602
2017-01-25 11:30:00,125.094
2017-01-25 11:15:00,161.853
2017-01-25 11:00:00,157.069
2017-01-25 10:45:00,151.233
2017-01-25 10:30:00,142.959
2017-01-25 10:15:00,136.915
2017-01-25 10:00:00,130.9
2017-01-25 09:45:00,120.523
2017-01-25 09:30:00,103.957
2017-01-25 09:15:00,100.32
2017-01-25 09:00:00,88.666
2017-01-25 08:45:00,67.78
2017-01-25 08:30:00,55.143
2017-01-25 08:15:00,16.384
2017-01-25 08:00:00,0.672
2017-01-25 07:45:00,-0.338
2017-01-25 07:30:00,-3.664
2017-01-25 07:15:00,-4.367
2017-01-25 07:00:00,-3.601
2017-01-25 06:45:00,-14.036
2017-01-25 06:30:00,-7.975
2017-01-25 06:15:00,-13.52
2017-01-25 06:00:00,-16.059
2017-01-25 05:45:00,-17.941
2017-01-25 05:30:00,-20.444
2017-01-25 05:15:00,-6.098
2017-01-25 05:00:00,-3.377
2017-01-25 04:45:00,-1.824
2017-01-25 04:30:00,-1.203
2017-01-25 04:15:00,-3.479
2017-01-25 04:00:00,-4.76
2017-01-25 03:45:00,-4.988
2017-01-25 03:30:00,-5.69
2017-01-25 03:15:00,-9.101
2017-01-25 03:00:00,-10.452
2017-01-25 02:45:00,-10.034
2017-01-25 02:30:00,-11.282
2017-01-25 02:15:00,-10.13
2017-01-25 02:00:00,-11.359
2017-01-25 01:45:00,-10.15
2017-01-25 01:30:00,-11.41
2017-01-25 01:15:00,-15.499
2017-01-25 01:00:00,-15.086
2017-01-25 00:45:00,-13.609
2017-01-25 00:30:00,-15.914
2017-01-25 00:15:00,-16.295
2017-01-25 00:00:00,-16.386
2017-01-24 23:45:00,-19.556
2017-01-24 23:30:00,-20.506
2017-01-24 23:15:00,-19.088
2017-01-24 23:00:00,-19.127
2017-01-24 22:45:00,-19.93
2017-01-24 22:30:00,-21.667
2017-01-24 22:15:00,-24.323
2017-01-24 22:00:00,-23.915
2017-01-24 21:45:00,-23.466
2017-01-24 21:30:00,-24.689
2017-01-24 21:15:00,-9.427
2017-01-24 21:00:00,-6.695
2017-01-24 20:45:00,-25.618
2017-01-24 20:30:00,-26.884
2017-01-24 20:15:00,-31.506
2017-01-24 20:00:00,-43.921
2017-01-24 19:45:00,-37.675
2017-01-24 19:30:00,-33.861
2017-01-24 19:15:00,-35.403
2017-01-24 19:00:00,-46.455
2017-01-24 18:45:00,-52.477
2017-01-24 18:30:00,-51.279
2017-01-24 18:15:00,-45.553
2017-01-24 18:00:00,-40.091
2017-01-24 17:45:00,-38.91
2017-01-24 17:30:00,-33.391
2017-01-24 17:15:00,-42.832
2017-01-24 17:00:00,-43.566
2017-01-24 16:45:00,-33.381
2017-01-24 16:30:00,-19.195
2017-01-24 16:15:00,-4.104
2017-01-24 16:00:00,-21.579
2017-01-24 15:45:00,-7.338
2017-01-24 15:30:00,-1.671
2017-01-24 15:15:00,-2.279
2017-01-24 15:00:00,2.936
2017-01-24 14:45:00,2.21
2017-01-24 14:30:00,3.166
2017-01-24 14:15:00,2.214
2017-01-24 14:00:00,3.686
2017-01-24 13:45:00,2.231
2017-01-24 13:30:00,3.289
2017-01-24 13:15:00,2.252
2017-01-24 13:00:00,4.008
2017-01-24 12:45:00,4.323
2017-01-24 12:30:00,3.241
2017-01-24 12:15:00,6.09
2017-01-24 12:00:00,11.221
2017-01-24 11:45:00,100.233
2017-01-24 11:30:00,157.804
2017-01-24 11:15:00,10.793
2017-01-24 11:00:00,161.844
2017-01-24 10:45:00,127.152
2017-01-24 10:30:00,51.432
2017-01-24 10:15:00,90.034
2017-01-24 10:00:00,73.274
2017-01-24 09:45:00,-6.236
2017-01-24 09:30:00,6.002
2017-01-24 09:15:00,101.768
2017-01-24 09:00:00,103.578
2017-01-24 08:45:00,84.224
2017-01-24 08:30:00,64.871
2017-01-24 08:15:00,2.969
2017-01-24 08:00:00,-11.145
2017-01-24 07:45:00,-0.67
2017-01-24 07:30:00,19.556
2017-01-24 07:15:00,19.444
2017-01-24 07:00:00,1.978
2017-01-24 06:45:00,1.964
2017-01-24 06:30:00,1.961
2017-01-24 06:15:00,1.919
2017-01-24 06:00:00,1.881
2017-01-24 05:45:00,1.88
2017-01-24 05:30:00,1.882
2017-01-24 05:15:00,13.381
2017-01-24 05:00:00,13.093
2017-01-24 04:45:00,23.131
2017-01-24 04:30:00,31.292
2017-01-24 04:15:00,17.614
2017-01-24 04:00:00,13.567
2017-01-24 03:45:00,13.418
2017-01-24 03:30:00,15.379
2017-01-24 03:15:00,14.077
2017-01-24 03:00:00,12.885
2017-01-24 02:45:00,14.214
2017-01-24 02:30:00,15.077
2017-01-24 02:15:00,12.619
2017-01-24 02:00:00,12.997
2017-01-24 01:45:00,14.561
2017-01-24 01:30:00,22.697
2017-01-24 01:15:00,30.911
2017-01-24 01:00:00,19.236
2017-01-24 00:45:00,14.696
2017-01-24 00:30:00,13.95
2017-01-24 00:15:00,13.522
2017-01-24 00:00:00,13.042
2017-01-23 23:45:00,13.489
2017-01-23 23:30:00,13.09
2017-01-23 23:15:00,20.913
2017-01-23 23:00:00,30.818
2017-01-23 22:45:00,20.396
2017-01-23 22:30:00,13.169
2017-01-23 22:15:00,12.525
2017-01-23 22:00:00,13.448
2017-01-23 21:45:00,14.194
2017-01-23 21:30:00,12.058
2017-01-23 21:15:00,18.343
2017-01-23 21:00:00,31.459
2017-01-23 20:45:00,24.054
2017-01-23 20:30:00,12.047
2017-01-23 20:15:00,9.067
2017-01-23 20:00:00,1.785
2017-01-23 19:45:00,1.776
2017-01-23 19:30:00,1.788
2017-01-23 19:15:00,-14.709
2017-01-23 19:00:00,-46.282
2017-01-23 18:45:00,-51.082
2017-01-23 18:30:00,-51.645
2017-01-23 18:15:00,-51.178
2017-01-23 18:00:00,-40.18
2017-01-23 17:45:00,-36.042
2017-01-23 17:30:00,-38.536
2017-01-23 17:15:00,-70.071
2017-01-23 17:00:00,1.78
2017-01-23 16:45:00,1.939
2017-01-23 16:30:00,11.758
2017-01-23 16:15:00,15.396
2017-01-23 16:00:00,18.104
2017-01-23 15:45:00,1.172
2017-01-23 15:30:00,-5.648
2017-01-23 15:15:00,5.836
2017-01-23 15:00:00,2.226
2017-01-23 14:45:00,5.668
2017-01-23 14:30:00,13.622
2017-01-23 14:15:00,38.593
2017-01-23 14:00:00,9.148
2017-01-23 13:45:00,25.58
2017-01-23 13:30:00,15.026
2017-01-23 13:15:00,-6.512
2017-01-23 13:00:00,-6.787
2017-01-23 12:45:00,9.182
2017-01-23 12:30:00,2.135
2017-01-23 12:15:00,18.653
2017-01-23 12:00:00,14.629
2017-01-23 11:45:00,-4.322
2017-01-23 11:30:00,7.952
2017-01-23 11:15:00,44.066
2017-01-23 11:00:00,-0.585
2017-01-23 10:45:00,13.11
2017-01-23 10:30:00,18.504
2017-01-23 10:15:00,55.178
2017-01-23 10:00:00,60.199
2017-01-23 09:45:00,29.764
2017-01-23 09:30:00,-5.765
2017-01-23 09:15:00,-10.8
2017-01-23 09:00:00,-2.796
2017-01-23 08:45:00,-6.637
2017-01-23 08:30:00,-17.028
2017-01-23 08:15:00,-2.305
2017-01-23 08:00:00,3.57
2017-01-23 07:45:00,3.014
2017-01-23 07:30:00,0.869
2017-01-23 07:15:00,-0.722
2017-01-23 07:00:00,-2.5
2017-01-23 06:45:00,1.676
2017-01-23 06:30:00,1.692
2017-01-23 06:15:00,-0.718
2017-01-23 06:00:00,-8.087
2017-01-23 05:45:00,-11.623
2017-01-23 05:30:00,-19.191
2017-01-23 05:15:00,1.653
2017-01-23 05:00:00,1.659
2017-01-23 04:45:00,0.008
2017-01-23 04:30:00,-8.682
2017-01-23 04:15:00,-8.96
2017-01-23 04:00:00,-8.005
2017-01-23 03:45:00,1.65
2017-01-23 03:30:00,1.664
2017-01-23 03:15:00,-9.946
2017-01-23 03:00:00,-18.843
2017-01-23 02:45:00,-17.546
2017-01-23 02:30:00,0.153
2017-01-23 02:15:00,-0.321
2017-01-23 02:00:00,-5.103
2017-01-23 01:45:00,-20.784
2017-01-23 01:30:00,-18.565
2017-01-23 01:15:00,-5.332
2017-01-23 01:00:00,-1.207
2017-01-23 00:45:00,-0.62
2017-01-23 00:30:00,-11.867
2017-01-23 00:15:00,-20.167
2017-01-23 00:00:00,-13.995
2017-01-22 23:45:00,0.445
2017-01-22 23:30:00,-0.119
2017-01-22 23:15:00,-6.588
2017-01-22 23:00:00,-20.792
2017-01-22 22:45:00,-18.221
2017-01-22 22:30:00,-0.418
2017-01-22 22:15:00,-1.816
2017-01-22 22:00:00,-1.408
2017-01-22 21:45:00,-18.581
2017-01-22 21:30:00,-18.331
2017-01-22 21:15:00,-19.138
2017-01-22 21:00:00,-6.126
2017-01-22 20:45:00,-0.472
2017-01-22 20:30:00,-0.463
2017-01-22 20:15:00,-19.799
2017-01-22 20:00:00,-19.191
2017-01-22 19:45:00,-20.926
2017-01-22 19:30:00,-17.828
2017-01-22 19:15:00,1.007
2017-01-22 19:00:00,1.313
2017-01-22 18:45:00,-17.511
2017-01-22 18:30:00,-21.062
2017-01-22 18:15:00,-15.654
2017-01-22 18:00:00,0.595
2017-01-22 17:45:00,1.035
2017-01-22 17:30:00,-0.926
2017-01-22 17:15:00,-12.416
2017-01-22 17:00:00,-15.05
2017-01-22 16:45:00,-14.355
2017-01-22 16:30:00,-8.509
2017-01-22 16:15:00,1.89
2017-01-22 16:00:00,1.873
2017-01-22 15:45:00,-0.026
2017-01-22 15:30:00,-9.235
2017-01-22 15:15:00,0.81
2017-01-22 15:00:00,16.385
2017-01-22 14:45:00,59.003
2017-01-22 14:30:00,87.208
2017-01-22 14:15:00,63.815
2017-01-22 14:00:00,33.759
2017-01-22 13:45:00,8.81
2017-01-22 13:30:00,2.447
2017-01-22 13:15:00,12.126
2017-01-22 13:00:00,14.638
2017-01-22 12:45:00,17.053
2017-01-22 12:30:00,6.492
2017-01-22 12:15:00,2.092
2017-01-22 12:00:00,3.602
2017-01-22 11:45:00,4.383
2017-01-22 11:30:00,17.777
2017-01-22 11:15:00,35.017
2017-01-22 11:00:00,28.337
2017-01-22 10:45:00,2.871
2017-01-22 10:30:00,24.785
2017-01-22 10:15:00,29.908
2017-01-22 10:00:00,30.589
2017-01-22 09:45:00,28.994
2017-01-22 09:30:00,19.159
2017-01-22 09:15:00,17.095
2017-01-22 09:00:00,16.83
2017-01-22 08:45:00,2.192
2017-01-22 08:30:00,2.159
2017-01-22 08:15:00,9.428
2017-01-22 08:00:00,5.926
2017-01-22 07:45:00,1.166
2017-01-22 07:30:00,-5.732
2017-01-22 07:15:00,-6.469
2017-01-22 07:00:00,-6.714
2017-01-22 06:45:00,-5.657
2017-01-22 06:30:00,1.685
2017-01-22 06:15:00,1.701
2017-01-22 06:00:00,-5.247
2017-01-22 05:45:00,-12.925
2017-01-22 05:30:00,-12.902
2017-01-22 05:15:00,-11.07
2017-01-22 05:00:00,-1.939
2017-01-22 04:45:00,1.752
2017-01-22 04:30:00,-3.748
2017-01-22 04:15:00,-12.014
2017-01-22 04:00:00,-14.387
2017-01-22 03:45:00,-16.949
2017-01-22 03:30:00,-15.5
2017-01-22 03:15:00,-0.944
2017-01-22 03:00:00,-0.062
2017-01-22 02:45:00,-19.488
2017-01-22 02:30:00,-20.573
2017-01-22 02:15:00,-22.301
2017-01-22 02:00:00,-22.423
2017-01-22 01:45:00,-6.784
2017-01-22 01:30:00,-4.667
2017-01-22 01:15:00,-13.652
2017-01-22 01:00:00,-26.873
2017-01-22 00:45:00,-25.88
2017-01-22 00:30:00,-25.624
2017-01-22 00:15:00,-27.03
2017-01-22 00:00:00,-28.749
2017-01-21 23:45:00,-28.147
2017-01-21 23:30:00,-23.074
2017-01-21 23:15:00,-15.05
2017-01-21 23:00:00,-12.428
2017-01-21 22:45:00,-19.139
2017-01-21 22:30:00,-31.53
2017-01-21 22:15:00,-32.017
2017-01-21 22:00:00,-31.837
2017-01-21 21:45:00,-31.99
2017-01-21 21:30:00,-32.399
2017-01-21 21:15:00,-20.648
2017-01-21 21:00:00,-18.839
2017-01-21 20:45:00,-19.06
2017-01-21 20:30:00,-18.68
2017-01-21 20:15:00,-33.417
2017-01-21 20:00:00,-35.016
2017-01-21 19:45:00,-35.144
2017-01-21 19:30:00,-27.609
2017-01-21 19:15:00,-26.069
2017-01-21 19:00:00,-29.476
2017-01-21 18:45:00,-32.391
2017-01-21 18:30:00,-33.542
2017-01-21 18:15:00,-31.554
2017-01-21 18:00:00,-29.806
2017-01-21 17:45:00,-31.297
2017-01-21 17:30:00,-31.306
2017-01-21 17:15:00,-30.814
2017-01-21 17:00:00,-25.903
2017-01-21 16:45:00,-23.949
2017-01-21 16:30:00,-14.638
2017-01-21 16:15:00,-0.468
2017-01-21 16:00:00,1.363
2017-01-21 15:45:00,2.159
2017-01-21 15:30:00,2.8
2017-01-21 15:15:00,2.153
2017-01-21 15:00:00,2.156
2017-01-21 14:45:00,3.687
2017-01-21 14:30:00,2.167
2017-01-21 14:15:00,3.209
2017-01-21 14:00:00,2.191
2017-01-21 13:45:00,3.199
2017-01-21 13:30:00,2.186
2017-01-21 13:15:00,3.267
2017-01-21 13:00:00,2.697
2017-01-21 12:45:00,2.827
2017-01-21 12:30:00,3.258
2017-01-21 12:15:00,2.721
2017-01-21 12:00:00,3.729
2017-01-21 11:45:00,3.425
2017-01-21 11:30:00,5.128
2017-01-21 11:15:00,5.984
2017-01-21 11:00:00,10.393
2017-01-21 10:45:00,99.353
2017-01-21 10:30:00,127.164
2017-01-21 10:15:00,130.062
2017-01-21 10:00:00,173.932
2017-01-21 09:45:00,121.173
2017-01-21 09:30:00,160.021
2017-01-21 09:15:00,64.366
2017-01-21 09:00:00,71.281
2017-01-21 08:45:00,89.887
2017-01-21 08:30:00,94.207
2017-01-21 08:15:00,65.28
2017-01-21 08:00:00,52.035
2017-01-21 07:45:00,18.056
2017-01-21 07:30:00,8.665
2017-01-21 07:15:00,8.406
2017-01-21 07:00:00,6.54
2017-01-21 06:45:00,20.097
2017-01-21 06:30:00,23.975
2017-01-21 06:15:00,4.0
2017-01-21 06:00:00,2.855
2017-01-21 05:45:00,1.811
2017-01-21 05:30:00,1.696
2017-01-21 05:15:00,1.673
2017-01-21 05:00:00,8.545
2017-01-21 04:45:00,18.429
2017-01-21 04:30:00,14.955
2017-01-21 04:15:00,1.688
2017-01-21 04:00:00,1.632
2017-01-21 03:45:00,1.966
2017-01-21 03:30:00,3.013
2017-01-21 03:15:00,3.792
2017-01-21 03:00:00,17.22
2017-01-21 02:45:00,17.384
2017-01-21 02:30:00,6.841
2017-01-21 02:15:00,1.711
2017-01-21 02:00:00,1.647
2017-01-21 01:45:00,1.732
2017-01-21 01:30:00,10.448
2017-01-21 01:15:00,17.317
2017-01-21 01:00:00,10.362
2017-01-21 00:45:00,1.89
2017-01-21 00:30:00,1.803
2017-01-21 00:15:00,1.683
2017-01-21 00:00:00,7.979
2017-01-20 23:45:00,19.626
2017-01-20 23:30:00,13.422
2017-01-20 23:15:00,1.725
2017-01-20 23:00:00,1.775
2017-01-20 22:45:00,2.173
2017-01-20 22:30:00,9.177
2017-01-20 22:15:00,18.046
2017-01-20 22:00:00,16.548
2017-01-20 21:45:00,1.732
2017-01-20 21:30:00,1.756
2017-01-20 21:15:00,1.745
2017-01-20 21:00:00,4.012
2017-01-20 20:45:00,18.728
2017-01-20 20:30:00,17.103
2017-01-20 20:15:00,8.759
2017-01-20 20:00:00,1.766
2017-01-20 19:45:00,1.767
2017-01-20 19:30:00,1.764
2017-01-20 19:15:00,1.757
2017-01-20 19:00:00,1.752
2017-01-20 18:45:00,1.789
2017-01-20 18:30:00,1.802
2017-01-20 18:15:00,1.789
2017-01-20 18:00:00,1.772
2017-01-20 17:45:00,1.778
2017-01-20 17:30:00,1.778
2017-01-20 17:15:00,-9.598
2017-01-20 17:00:00,1.779
2017-01-20 16:45:00,1.884
2017-01-20 16:30:00,3.074
2017-01-20 16:15:00,9.677
2017-01-20 16:00:00,3.731
2017-01-20 15:45:00,5.33
2017-01-20 15:30:00,1.752
2017-01-20 15:15:00,1.747
2017-01-20 15:00:00,1.74
2017-01-20 14:45:00,1.74
2017-01-20 14:30:00,-3.867
2017-01-20 14:15:00,-3.356
2017-01-20 14:00:00,3.35
2017-01-20 13:45:00,12.111
2017-01-20 13:30:00,3.393
2017-01-20 13:15:00,1.697
2017-01-20 13:00:00,-3.269
2017-01-20 12:45:00,1.136
2017-01-20 12:30:00,8.707
2017-01-20 12:15:00,1.873
2017-01-20 12:00:00,2.355
2017-01-20 11:45:00,1.98
2017-01-20 11:30:00,1.739
2017-01-20 11:15:00,1.752
2017-01-20 11:00:00,1.715
2017-01-20 10:45:00,1.72
2017-01-20 10:30:00,1.721
2017-01-20 10:15:00,1.71
2017-01-20 10:00:00,-5.951
2017-01-20 09:45:00,-2.539
2017-01-20 09:30:00,-3.362
2017-01-20 09:15:00,-10.392
2017-01-20 09:00:00,-26.439
2017-01-20 08:45:00,-24.468
2017-01-20 08:30:00,-16.459
2017-01-20 08:15:00,-11.831
2017-01-20 08:00:00,-13.254
2017-01-20 07:45:00,-6.036
2017-01-20 07:30:00,-2.458
2017-01-20 07:15:00,-0.921
2017-01-20 07:00:00,-8.84
2017-01-20 06:45:00,1.333
2017-01-20 06:30:00,1.655
2017-01-20 06:15:00,-3.987
2017-01-20 06:00:00,-13.066
2017-01-20 05:45:00,-19.503
2017-01-20 05:30:00,-6.978
2017-01-20 05:15:00,0.078
2017-01-20 05:00:00,-1.87
2017-01-20 04:45:00,-5.668
2017-01-20 04:30:00,-8.224
2017-01-20 04:15:00,0.822
2017-01-20 04:00:00,1.667
2017-01-20 03:45:00,-2.64
2017-01-20 03:30:00,-13.146
2017-01-20 03:15:00,-14.273
2017-01-20 03:00:00,-8.698
2017-01-20 02:45:00,1.678
2017-01-20 02:30:00,1.659
2017-01-20 02:15:00,-7.913
2017-01-20 02:00:00,-18.92
2017-01-20 01:45:00,-17.385
2017-01-20 01:30:00,-1.39
2017-01-20 01:15:00,-0.547
2017-01-20 01:00:00,-7.294
2017-01-20 00:45:00,-21.616
2017-01-20 00:30:00,-22.135
2017-01-20 00:15:00,-18.136
2017-01-20 00:00:00,-7.216
2017-01-19 23:45:00,-8.117
2017-01-19 23:30:00,-6.503
2017-01-19 23:15:00,-22.995
2017-01-19 23:00:00,-25.407
2017-01-19 22:45:00,-20.219
2017-01-19 22:30:00,-7.445
2017-01-19 22:15:00,-11.569
2017-01-19 22:00:00,-20.356
2017-01-19 21:45:00,-28.622
2017-01-19 21:30:00,-27.885
2017-01-19 21:15:00,-21.679
2017-01-19 21:00:00,-13.302
2017-01-19 20:45:00,-14.316
2017-01-19 20:30:00,-13.931
2017-01-19 20:15:00,-25.886
2017-01-19 20:00:00,-52.477
2017-01-19 19:45:00,-55.126
2017-01-19 19:30:00,-47.548
2017-01-19 19:15:00,-41.289
2017-01-19 19:00:00,-41.909
2017-01-19 18:45:00,-41.224
2017-01-19 18:30:00,-41.189
2017-01-19 18:15:00,-43.074
2017-01-19 18:00:00,-43.11
2017-01-19 17:45:00,-40.654
2017-01-19 17:30:00,-42.692
2017-01-19 17:15:00,-42.634
2017-01-19 17:00:00,-31.252
2017-01-19 16:45:00,-33.897
2017-01-19 16:30:00,-40.087
2017-01-19 16:15:00,-34.569
2017-01-19 16:00:00,-35.066
2017-01-19 15:45:00,-14.673
2017-01-19 15:30:00,-30.47
2017-01-19 15:15:00,-37.358
2017-01-19 15:00:00,7.798
2017-01-19 14:45:00,37.372
2017-01-19 14:30:00,120.283
2017-01-19 14:15:00,114.112
2017-01-19 14:00:00,125.873
2017-01-19 13:45:00,22.524
2017-01-19 13:30:00,4.364
2017-01-19 13:15:00,48.893
2017-01-19 13:00:00,31.773
2017-01-19 12:45:00,46.218
2017-01-19 12:30:00,27.411
2017-01-19 12:15:00,53.042
2017-01-19 12:00:00,112.015
2017-01-19 11:45:00,130.44
2017-01-19 11:30:00,164.735
2017-01-19 11:15:00,110.913
2017-01-19 11:00:00,140.412
2017-01-19 10:45:00,94.281
2017-01-19 10:30:00,55.229
2017-01-19 10:15:00,42.094
2017-01-19 10:00:00,67.092
2017-01-19 09:45:00,34.924
2017-01-19 09:30:00,5.9
2017-01-19 09:15:00,0.366
2017-01-19 09:00:00,-9.586
2017-01-19 08:45:00,-1.271
2017-01-19 08:30:00,-5.513
2017-01-19 08:15:00,-4.047
2017-01-19 08:00:00,-13.524
2017-01-19 07:45:00,-9.192
2017-01-19 07:30:00,-17.274
2017-01-19 07:15:00,-15.563
2017-01-19 07:00:00,-9.796
2017-01-19 06:45:00,1.695
2017-01-19 06:30:00,1.682
2017-01-19 06:15:00,-8.893
2017-01-19 06:00:00,-23.902
2017-01-19 05:45:00,-23.908
2017-01-19 05:30:00,-28.2
2017-01-19 05:15:00,-4.798
2017-01-19 05:00:00,1.752
2017-01-19 04:45:00,1.761
2017-01-19 04:30:00,-9.338
2017-01-19 04:15:00,-13.642
2017-01-19 04:00:00,-16.059
2017-01-19 03:45:00,-10.866
2017-01-19 03:30:00,0.551
2017-01-19 03:15:00,1.487
2017-01-19 03:00:00,1.206
2017-01-19 02:45:00,-18.936
2017-01-19 02:30:00,-20.255
2017-01-19 02:15:00,-21.557
2017-01-19 02:00:00,-9.104
2017-01-19 01:45:00,-4.835
2017-01-19 01:30:00,-7.116
2017-01-19 01:15:00,-8.631
2017-01-19 01:00:00,-6.514
2017-01-19 00:45:00,-19.369
2017-01-19 00:30:00,-24.649
2017-01-19 00:15:00,-27.469
2017-01-19 00:00:00,-22.946
2017-01-18 23:45:00,-10.885
2017-01-18 23:30:00,-10.227
2017-01-18 23:15:00,-10.604
2017-01-18 23:00:00,-19.339
2017-01-18 22:45:00,-30.306
2017-01-18 22:30:00,-29.404
2017-01-18 22:15:00,-30.686
2017-01-18 22:00:00,-15.259
2017-01-18 21:45:00,-15.622
2017-01-18 21:30:00,-18.477
2017-01-18 21:15:00,-16.001
2017-01-18 21:00:00,-14.653
2017-01-18 20:45:00,-16.291
2017-01-18 20:30:00,-19.749
2017-01-18 20:15:00,-23.925
2017-01-18 20:00:00,-31.151
2017-01-18 19:45:00,-32.809
2017-01-18 19:30:00,-32.607
2017-01-18 19:15:00,-32.858
2017-01-18 19:00:00,-33.863
2017-01-18 18:45:00,-33.573
2017-01-18 18:30:00,-33.266
2017-01-18 18:15:00,-32.956
2017-01-18 18:00:00,-32.572
2017-01-18 17:45:00,-37.705
2017-01-18 17:30:00,-59.785
2017-01-18 17:15:00,-47.993
2017-01-18 17:00:00,-30.09
2017-01-18 16:45:00,-48.285
2017-01-18 16:30:00,-40.563
2017-01-18 16:15:00,-32.724
2017-01-18 16:00:00,-21.1
2017-01-18 15:45:00,-0.792
2017-01-18 15:30:00,2.64
2017-01-18 15:15:00,2.54
2017-01-18 15:00:00,3.211
2017-01-18 14:45:00,2.84
2017-01-18 14:30:00,2.706
2017-01-18 14:15:00,2.786
2017-01-18 14:00:00,3.49
2017-01-18 13:45:00,3.557
2017-01-18 13:30:00,4.061
2017-01-18 13:15:00,5.47
2017-01-18 13:00:00,11.788
2017-01-18 12:45:00,55.83
2017-01-18 12:30:00,145.482
2017-01-18 12:15:00,175.484
2017-01-18 12:00:00,108.85
2017-01-18 11:45:00,189.592
2017-01-18 11:30:00,164.476
2017-01-18 11:15:00,182.964
2017-01-18 11:00:00,137.514
2017-01-18 10:45:00,45.085
2017-01-18 10:30:00,54.98
2017-01-18 10:15:00,52.728
2017-01-18 10:00:00,17.979
2017-01-18 09:45:00,18.966
2017-01-18 09:30:00,23.268
2017-01-18 09:15:00,57.445
2017-01-18 09:00:00,46.759
2017-01-18 08:45:00,9.331
2017-01-18 08:30:00,16.313
2017-01-18 08:15:00,38.107
2017-01-18 08:00:00,1.389
2017-01-18 07:45:00,-18.378
2017-01-18 07:30:00,-16.837
2017-01-18 07:15:00,-13.678
2017-01-18 07:00:00,-0.339
2017-01-18 06:45:00,1.656
2017-01-18 06:30:00,-6.891
2017-01-18 06:15:00,-18.962
2017-01-18 06:00:00,-22.115
2017-01-18 05:45:00,-22.404
2017-01-18 05:30:00,-28.176
2017-01-18 05:15:00,-16.372
2017-01-18 05:00:00,-12.322
2017-01-18 04:45:00,-10.882
2017-01-18 04:30:00,-16.245
2017-01-18 04:15:00,-0.818
2017-01-18 04:00:00,1.783
2017-01-18 03:45:00,-1.12
2017-01-18 03:30:00,-18.055
2017-01-18 03:15:00,-17.676
2017-01-18 03:00:00,-18.972
2017-01-18 02:45:00,-19.147
2017-01-18 02:30:00,-4.607
2017-01-18 02:15:00,-4.618
2017-01-18 02:00:00,-5.126
2017-01-18 01:45:00,-4.313
2017-01-18 01:30:00,-10.635
2017-01-18 01:15:00,-24.628
2017-01-18 01:00:00,-25.917
2017-01-18 00:45:00,-25.75
2017-01-18 00:30:00,-26.255
2017-01-18 00:15:00,-22.061
2017-01-18 00:00:00,-10.918
2017-01-17 23:45:00,-10.272
2017-01-17 23:30:00,-10.417
2017-01-17 23:15:00,-12.58
2017-01-17 23:00:00,-17.21
2017-01-17 22:45:00,-28.219
2017-01-17 22:30:00,-25.117
2017-01-17 22:15:00,-16.827
2017-01-17 22:00:00,-16.006
2017-01-17 21:45:00,-13.836
2017-01-17 21:30:00,-16.647
2017-01-17 21:15:00,-18.385
2017-01-17 21:00:00,-15.705
2017-01-17 20:45:00,-15.336
2017-01-17 20:30:00,-17.628
2017-01-17 20:15:00,-21.541
2017-01-17 20:00:00,-29.803
2017-01-17 19:45:00,-34.067
2017-01-17 19:30:00,-34.461
2017-01-17 19:15:00,-32.872
2017-01-17 19:00:00,-36.411
2017-01-17 18:45:00,-40.598
2017-01-17 18:30:00,-38.266
2017-01-17 18:15:00,-37.573
2017-01-17 18:00:00,-38.13
2017-01-17 17:45:00,-40.182
2017-01-17 17:30:00,-40.907
2017-01-17 17:15:00,-45.472
2017-01-17 17:00:00,-44.446
2017-01-17 16:45:00,-37.27
2017-01-17 16:30:00,-27.852
2017-01-17 16:15:00,-33.66
2017-01-17 16:00:00,-7.399
2017-01-17 15:45:00,2.197
2017-01-17 15:30:00,2.195
2017-01-17 15:15:00,2.208
2017-01-17 15:00:00,-2.346
2017-01-17 14:45:00,2.301
2017-01-17 14:30:00,2.391
2017-01-17 14:15:00,54.823
2017-01-17 14:00:00,65.858
2017-01-17 13:45:00,78.087
2017-01-17 13:30:00,80.027
2017-01-17 13:15:00,81.804
2017-01-17 13:00:00,89.593
2017-01-17 12:45:00,94.021
2017-01-17 12:30:00,99.34
2017-01-17 12:15:00,94.121
2017-01-17 12:00:00,102.952
2017-01-17 11:45:00,102.705
2017-01-17 11:30:00,100.101
2017-01-17 11:15:00,98.993
2017-01-17 11:00:00,92.418
2017-01-17 10:45:00,93.033
2017-01-17 10:30:00,88.509
2017-01-17 10:15:00,81.235
2017-01-17 10:00:00,73.785
2017-01-17 09:45:00,60.274
2017-01-17 09:30:00,47.804
2017-01-17 09:15:00,36.869
2017-01-17 09:00:00,30.215
2017-01-17 08:45:00,15.289
2017-01-17 08:30:00,1.728
2017-01-17 08:15:00,1.714
2017-01-17 08:00:00,1.714
2017-01-17 07:45:00,1.733
2017-01-17 07:30:00,1.716
2017-01-17 07:15:00,1.698
2017-01-17 07:00:00,1.705
2017-01-17 06:45:00,1.687
2017-01-17 06:30:00,1.693
2017-01-17 06:15:00,1.665
2017-01-17 06:00:00,1.644
2017-01-17 05:45:00,1.663
2017-01-17 05:30:00,1.68
2017-01-17 05:15:00,1.66
2017-01-17 05:00:00,1.684
2017-01-17 04:45:00,1.688
2017-01-17 04:30:00,1.652
2017-01-17 04:15:00,1.657
2017-01-17 04:00:00,1.659
2017-01-17 03:45:00,1.658
2017-01-17 03:30:00,1.66
2017-01-17 03:15:00,1.661
2017-01-17 03:00:00,1.662
2017-01-17 02:45:00,1.666
2017-01-17 02:30:00,1.671
2017-01-17 02:15:00,1.674
2017-01-17 02:00:00,1.66
2017-01-17 01:45:00,1.676
2017-01-17 01:30:00,1.669
2017-01-17 01:15:00,1.665
2017-01-17 01:00:00,1.676
2017-01-17 00:45:00,1.7
2017-01-17 00:30:00,-30.242
2017-01-17 00:15:00,-38.322
2017-01-17 00:00:00,-37.518
2017-01-16 23:45:00,-47.849
2017-01-16 23:30:00,-53.257
2017-01-16 23:15:00,-54.027
2017-01-16 23:00:00,-55.625
2017-01-16 22:45:00,-56.043
2017-01-16 22:30:00,-41.863
2017-01-16 22:15:00,-41.39
2017-01-16 22:00:00,-39.946
2017-01-16 21:45:00,-39.372
2017-01-16 21:30:00,-41.273
2017-01-16 21:15:00,-53.643
2017-01-16 21:00:00,-56.953
2017-01-16 20:45:00,-52.428
2017-01-16 20:30:00,-41.097
2017-01-16 20:15:00,-40.632
2017-01-16 20:00:00,-42.448
2017-01-16 19:45:00,-45.968
2017-01-16 19:30:00,-44.746
2017-01-16 19:15:00,-43.464
2017-01-16 19:00:00,-45.323
2017-01-16 18:45:00,-61.308
2017-01-16 18:30:00,-61.329
2017-01-16 18:15:00,-43.567
2017-01-16 18:00:00,-46.095
2017-01-16 17:45:00,-46.212
2017-01-16 17:30:00,-44.765
2017-01-16 17:15:00,-47.552
2017-01-16 17:00:00,-35.726
2017-01-16 16:45:00,-30.665
2017-01-16 16:30:00,-25.651
2017-01-16 16:15:00,-12.594
2017-01-16 16:00:00,2.116
2017-01-16 15:45:00,2.493
2017-01-16 15:30:00,2.659
2017-01-16 15:15:00,2.902
2017-01-16 15:00:00,2.179
2017-01-16 14:45:00,3.067
2017-01-16 14:30:00,2.208
2017-01-16 14:15:00,3.557
2017-01-16 14:00:00,3.112
2017-01-16 13:45:00,2.23
2017-01-16 13:30:00,3.53
2017-01-16 13:15:00,3.378
2017-01-16 13:00:00,4.483
2017-01-16 12:45:00,5.13
2017-01-16 12:30:00,5.429
2017-01-16 12:15:00,98.796
2017-01-16 12:00:00,149.825
2017-01-16 11:45:00,92.412
2017-01-16 11:30:00,190.04
2017-01-16 11:15:00,111.911
2017-01-16 11:00:00,119.712
2017-01-16 10:45:00,176.671
2017-01-16 10:30:00,149.728
2017-01-16 10:15:00,99.355
2017-01-16 10:00:00,43.648
2017-01-16 09:45:00,71.967
2017-01-16 09:30:00,84.262
2017-01-16 09:15:00,52.909
2017-01-16 09:00:00,37.007
2017-01-16 08:45:00,15.766
2017-01-16 08:30:00,13.525
2017-01-16 08:15:00,25.793
2017-01-16 08:00:00,26.515
2017-01-16 07:45:00,16.113
2017-01-16 07:30:00,1.403
2017-01-16 07:15:00,-0.658
2017-01-16 07:00:00,-0.126
2017-01-16 06:45:00,1.656
2017-01-16 06:30:00,1.659
2017-01-16 06:15:00,-4.722
2017-01-16 06:00:00,-9.114
2017-01-16 05:45:00,-1.203
2017-01-16 05:30:00,1.692
2017-01-16 05:15:00,1.905
2017-01-16 05:00:00,0.241
2017-01-16 04:45:00,-1.156
2017-01-16 04:30:00,-9.115
2017-01-16 04:15:00,1.61
2017-01-16 04:00:00,1.605
2017-01-16 03:45:00,-13.0
2017-01-16 03:30:00,-16.917
2017-01-16 03:15:00,-18.835
2017-01-16 03:00:00,-5.461
2017-01-16 02:45:00,-0.16
2017-01-16 02:30:00,-6.279
2017-01-16 02:15:00,-22.657
2017-01-16 02:00:00,-24.622
2017-01-16 01:45:00,-24.088
2017-01-16 01:30:00,-18.696
2017-01-16 01:15:00,-10.817
2017-01-16 01:00:00,-10.502
2017-01-16 00:45:00,-29.04
2017-01-16 00:30:00,-30.115
2017-01-16 00:15:00,-31.684
2017-01-16 00:00:00,-22.612
2017-01-15 23:45:00,-18.538
2017-01-15 23:30:00,-18.694
2017-01-15 23:15:00,-34.051
2017-01-15 23:00:00,-34.745
2017-01-15 22:45:00,-35.459
2017-01-15 22:30:00,-24.131
2017-01-15 22:15:00,-22.489
2017-01-15 22:00:00,-22.53
2017-01-15 21:45:00,-25.754
2017-01-15 21:30:00,-39.016
2017-01-15 21:15:00,-41.06
2017-01-15 21:00:00,-40.883
2017-01-15 20:45:00,-27.284
2017-01-15 20:30:00,-25.564
2017-01-15 20:15:00,-27.065
2017-01-15 20:00:00,-27.571
2017-01-15 19:45:00,-29.457
2017-01-15 19:30:00,-39.911
2017-01-15 19:15:00,-47.974
2017-01-15 19:00:00,-50.583
2017-01-15 18:45:00,-42.453
2017-01-15 18:30:00,-39.131
2017-01-15 18:15:00,-39.694
2017-01-15 18:00:00,-40.201
2017-01-15 17:45:00,-39.857
2017-01-15 17:30:00,-39.534
2017-01-15 17:15:00,-42.607
2017-01-15 17:00:00,-35.721
2017-01-15 16:45:00,-30.11
2017-01-15 16:30:00,-22.48
2017-01-15 16:15:00,-9.444
2017-01-15 16:00:00,0.995
2017-01-15 15:45:00,2.191
2017-01-15 15:30:00,0.027
2017-01-15 15:15:00,-0.045
2017-01-15 15:00:00,2.187
2017-01-15 14:45:00,2.199
2017-01-15 14:30:00,2.213
2017-01-15 14:15:00,2.294
2017-01-15 14:00:00,2.348
2017-01-15 13:45:00,29.686
2017-01-15 13:30:00,75.574
2017-01-15 13:15:00,79.652
2017-01-15 13:00:00,113.42
2017-01-15 12:45:00,101.393
2017-01-15 12:30:00,135.871
2017-01-15 12:15:00,111.781
2017-01-15 12:00:00,63.082
2017-01-15 11:45:00,58.256
2017-01-15 11:30:00,60.049
2017-01-15 11:15:00,66.287
2017-01-15 11:00:00,100.03
2017-01-15 10:45:00,69.333
2017-01-15 10:30:00,42.042
2017-01-15 10:15:00,36.115
2017-01-15 10:00:00,47.976
2017-01-15 09:45:00,54.226
2017-01-15 09:30:00,56.396
2017-01-15 09:15:00,62.608
2017-01-15 09:00:00,54.301
2017-01-15 08:45:00,55.525
2017-01-15 08:30:00,31.458
2017-01-15 08:15:00,13.601
2017-01-15 08:00:00,3.908
2017-01-15 07:45:00,8.091
2017-01-15 07:30:00,3.218
2017-01-15 07:15:00,-0.318
2017-01-15 07:00:00,-2.771
2017-01-15 06:45:00,-2.253
2017-01-15 06:30:00,-2.17
2017-01-15 06:15:00,-0.681
2017-01-15 06:00:00,1.656
2017-01-15 05:45:00,0.98
2017-01-15 05:30:00,-8.501
2017-01-15 05:15:00,-7.695
2017-01-15 05:00:00,-9.65
2017-01-15 04:45:00,-10.027
2017-01-15 04:30:00,-11.881
2017-01-15 04:15:00,0.945
2017-01-15 04:00:00,1.66
2017-01-15 03:45:00,1.682
2017-01-15 03:30:00,-2.511
2017-01-15 03:15:00,-17.731
2017-01-15 03:00:00,-19.153
2017-01-15 02:45:00,-21.585
2017-01-15 02:30:00,-23.395
2017-01-15 02:15:00,-10.205
2017-01-15 02:00:00,-8.653
2017-01-15 01:45:00,-7.684
2017-01-15 01:30:00,-10.832
2017-01-15 01:15:00,-24.845
2017-01-15 01:00:00,-28.695
2017-01-15 00:45:00,-29.976
2017-01-15 00:30:00,-30.817
2017-01-15 00:15:00,-33.938
2017-01-15 00:00:00,-22.507
2017-01-14 23:45:00,-19.502
2017-01-14 23:30:00,-19.002
2017-01-14 23:15:00,-18.314
2017-01-14 23:00:00,-18.966
2017-01-14 22:45:00,-29.055
2017-01-14 22:30:00,-35.968
2017-01-14 22:15:00,-35.286
2017-01-14 22:00:00,-24.658
2017-01-14 21:45:00,-25.87
2017-01-14 21:30:00,-24.851
2017-01-14 21:15:00,-23.767
2017-01-14 21:00:00,-25.607
2017-01-14 20:45:00,-24.352
2017-01-14 20:30:00,-24.631
2017-01-14 20:15:00,-28.846
2017-01-14 20:00:00,-29.826
2017-01-14 19:45:00,-29.322
2017-01-14 19:30:00,-31.13
2017-01-14 19:15:00,-35.53
2017-01-14 19:00:00,-34.623
2017-01-14 18:45:00,-34.097
2017-01-14 18:30:00,-36.473
2017-01-14 18:15:00,-36.114
2017-01-14 18:00:00,-39.636
2017-01-14 17:45:00,-40.486
2017-01-14 17:30:00,-42.122
2017-01-14 17:15:00,-40.17
2017-01-14 17:00:00,-34.747
2017-01-14 16:45:00,-30.697
2017-01-14 16:30:00,-19.608
2017-01-14 16:15:00,-15.212
2017-01-14 16:00:00,1.744
2017-01-14 15:45:00,2.804
2017-01-14 15:30:00,2.176
2017-01-14 15:15:00,2.181
2017-01-14 15:00:00,3.049
2017-01-14 14:45:00,2.163
2017-01-14 14:30:00,3.041
2017-01-14 14:15:00,2.201
2017-01-14 14:00:00,2.212
2017-01-14 13:45:00,2.216
2017-01-14 13:30:00,2.212
2017-01-14 13:15:00,2.212
2017-01-14 13:00:00,2.214
2017-01-14 12:45:00,2.209
2017-01-14 12:30:00,2.232
2017-01-14 12:15:00,2.221
2017-01-14 12:00:00,2.234
2017-01-14 11:45:00,2.309
2017-01-14 11:30:00,2.355
2017-01-14 11:15:00,2.422
2017-01-14 11:00:00,2.639
2017-01-14 10:45:00,119.783
2017-01-14 10:30:00,193.38
2017-01-14 10:15:00,187.042
2017-01-14 10:00:00,178.399
2017-01-14 09:45:00,165.643
2017-01-14 09:30:00,157.088
2017-01-14 09:15:00,147.423
2017-01-14 09:00:00,135.362
2017-01-14 08:45:00,116.662
2017-01-14 08:30:00,80.064
2017-01-14 08:15:00,51.474
2017-01-14 08:00:00,22.757
2017-01-14 07:45:00,1.695
2017-01-14 07:30:00,11.035
2017-01-14 07:15:00,10.303
2017-01-14 07:00:00,1.959
2017-01-14 06:45:00,1.681
2017-01-14 06:30:00,1.622
2017-01-14 06:15:00,1.937
2017-01-14 06:00:00,2.916
2017-01-14 05:45:00,5.451
2017-01-14 05:30:00,1.516
2017-01-14 05:15:00,1.207
2017-01-14 05:00:00,1.511
2017-01-14 04:45:00,4.64
2017-01-14 04:30:00,3.505
2017-01-14 04:15:00,1.675
2017-01-14 04:00:00,1.555
2017-01-14 03:45:00,1.624
2017-01-14 03:30:00,2.243
2017-01-14 03:15:00,3.772
2017-01-14 03:00:00,2.983
2017-01-14 02:45:00,1.488
2017-01-14 02:30:00,1.607
2017-01-14 02:15:00,2.17
2017-01-14 02:00:00,3.454
2017-01-14 01:45:00,1.958
2017-01-14 01:30:00,1.576
2017-01-14 01:15:00,1.45
2017-01-14 01:00:00,2.484
2017-01-14 00:45:00,2.225
2017-01-14 00:30:00,3.466
2017-01-14 00:15:00,2.044
2017-01-14 00:00:00,0.562
2017-01-13 23:45:00,1.43
2017-01-13 23:30:00,1.671
2017-01-13 23:15:00,1.952
2017-01-13 23:00:00,-1.714
2017-01-13 22:45:00,-7.569
2017-01-13 22:30:00,-2.211
2017-01-13 22:15:00,1.67
2017-01-13 22:00:00,1.665
2017-01-13 21:45:00,-5.707
2017-01-13 21:30:00,-15.374
2017-01-13 21:15:00,-14.266
2017-01-13 21:00:00,-1.78
2017-01-13 20:45:00,0.581
2017-01-13 20:30:00,-1.456
2017-01-13 20:15:00,-23.789
2017-01-13 20:00:00,-58.343
2017-01-13 19:45:00,-54.299
2017-01-13 19:30:00,-40.663
2017-01-13 19:15:00,-41.226
2017-01-13 19:00:00,-40.469
2017-01-13 18:45:00,-42.086
2017-01-13 18:30:00,-47.831
2017-01-13 18:15:00,-57.027
2017-01-13 18:00:00,-53.893
2017-01-13 17:45:00,-42.847
2017-01-13 17:30:00,-45.528
2017-01-13 17:15:00,-46.637
2017-01-13 17:00:00,-27.964
2017-01-13 16:45:00,-30.593
2017-01-13 16:30:00,-24.341
2017-01-13 16:15:00,-15.248
2017-01-13 16:00:00,-42.668
2017-01-13 15:45:00,-42.029
2017-01-13 15:30:00,-47.616
2017-01-13 15:15:00,-31.595
2017-01-13 15:00:00,26.979
2017-01-13 14:45:00,60.178
2017-01-13 14:30:00,90.194
2017-01-13 14:15:00,98.876
2017-01-13 14:00:00,33.902
2017-01-13 13:45:00,6.899
2017-01-13 13:30:00,11.388
2017-01-13 13:15:00,16.662
2017-01-13 13:00:00,18.507
2017-01-13 12:45:00,41.521
2017-01-13 12:30:00,46.005
2017-01-13 12:15:00,46.82
2017-01-13 12:00:00,49.056
2017-01-13 11:45:00,75.378
2017-01-13 11:30:00,71.575
2017-01-13 11:15:00,43.682
2017-01-13 11:00:00,61.963
2017-01-13 10:45:00,33.979
2017-01-13 10:30:00,23.748
2017-01-13 10:15:00,20.909
2017-01-13 10:00:00,42.657
2017-01-13 09:45:00,80.629
2017-01-13 09:30:00,40.503
2017-01-13 09:15:00,27.352
2017-01-13 09:00:00,6.927
2017-01-13 08:45:00,3.672
2017-01-13 08:30:00,9.625
2017-01-13 08:15:00,2.726
2017-01-13 08:00:00,-0.84
2017-01-13 07:45:00,-0.496
2017-01-13 07:30:00,-1.832
2017-01-13 07:15:00,-0.013
2017-01-13 07:00:00,1.728
2017-01-13 06:45:00,3.2
2017-01-13 06:30:00,1.631
2017-01-13 06:15:00,-10.339
2017-01-13 06:00:00,-16.444
2017-01-13 05:45:00,-7.288
2017-01-13 05:30:00,-4.184
2017-01-13 05:15:00,-5.243
2017-01-13 05:00:00,-5.756
2017-01-13 04:45:00,-2.568
2017-01-13 04:30:00,1.633
2017-01-13 04:15:00,1.637
2017-01-13 04:00:00,-8.235
2017-01-13 03:45:00,-12.631
2017-01-13 03:30:00,-11.214
2017-01-13 03:15:00,1.289
2017-01-13 03:00:00,1.498
2017-01-13 02:45:00,-9.774
2017-01-13 02:30:00,-20.684
2017-01-13 02:15:00,-16.899
2017-01-13 02:00:00,-2.471
2017-01-13 01:45:00,-1.58
2017-01-13 01:30:00,-5.831
2017-01-13 01:15:00,-18.277
2017-01-13 01:00:00,-5.976
2017-01-13 00:45:00,-10.598
2017-01-13 00:30:00,-11.668
2017-01-13 00:15:00,26.651
2017-01-13 00:00:00,21.068
2017-01-12 23:45:00,16.981
2017-01-12 23:30:00,23.955
2017-01-12 23:15:00,35.365
2017-01-12 23:00:00,35.384
2017-01-12 22:45:00,33.975
2017-01-12 22:30:00,17.012
2017-01-12 22:15:00,19.008
2017-01-12 22:00:00,33.695
2017-01-12 21:45:00,34.223
2017-01-12 21:30:00,34.195
2017-01-12 21:15:00,21.252
2017-01-12 21:00:00,17.671
2017-01-12 20:45:00,26.378
2017-01-12 20:30:00,33.411
2017-01-12 20:15:00,21.636
2017-01-12 20:00:00,1.822
2017-01-12 19:45:00,1.819
2017-01-12 19:30:00,1.809
2017-01-12 19:15:00,1.819
2017-01-12 19:00:00,1.824
2017-01-12 18:45:00,1.808
2017-01-12 18:30:00,1.791
2017-01-12 18:15:00,1.789
2017-01-12 18:00:00,-34.315
2017-01-12 17:45:00,-52.308
2017-01-12 17:30:00,-37.795
2017-01-12 17:15:00,-36.386
2017-01-12 17:00:00,33.849
2017-01-12 16:45:00,34.147
2017-01-12 16:30:00,32.907
2017-01-12 16:15:00,33.837
2017-01-12 16:00:00,13.154
2017-01-12 15:45:00,6.688
2017-01-12 15:30:00,9.645
2017-01-12 15:15:00,-16.692
2017-01-12 15:00:00,5.556
2017-01-12 14:45:00,8.511
2017-01-12 14:30:00,4.515
2017-01-12 14:15:00,0.27
2017-01-12 14:00:00,-0.277
2017-01-12 13:45:00,0.08
2017-01-12 13:30:00,-1.0
2017-01-12 13:15:00,1.152
2017-01-12 13:00:00,0.833
2017-01-12 12:45:00,1.074
2017-01-12 12:30:00,-5.457
2017-01-12 12:15:00,-3.428
2017-01-12 12:00:00,0.29
2017-01-12 11:45:00,-0.609
2017-01-12 11:30:00,-0.882
2017-01-12 11:15:00,18.58
2017-01-12 11:00:00,2.834
2017-01-12 10:45:00,28.498
2017-01-12 10:30:00,10.27
2017-01-12 10:15:00,1.379
2017-01-12 10:00:00,-5.639
2017-01-12 09:45:00,3.641
2017-01-12 09:30:00,1.753
2017-01-12 09:15:00,1.951
2017-01-12 09:00:00,5.293
2017-01-12 08:45:00,34.753
2017-01-12 08:30:00,2.073
2017-01-12 08:15:00,3.131
2017-01-12 08:00:00,2.033
2017-01-12 07:45:00,1.694
2017-01-12 07:30:00,1.681
2017-01-12 07:15:00,1.667
2017-01-12 07:00:00,1.681
2017-01-12 06:45:00,1.663
2017-01-12 06:30:00,1.662
2017-01-12 06:15:00,1.625
2017-01-12 06:00:00,1.643
2017-01-12 05:45:00,1.614
2017-01-12 05:30:00,1.634
2017-01-12 05:15:00,1.66
2017-01-12 05:00:00,1.668
2017-01-12 04:45:00,1.672
2017-01-12 04:30:00,1.662
2017-01-12 04:15:00,1.643
2017-01-12 04:00:00,1.673
2017-01-12 03:45:00,1.676
2017-01-12 03:30:00,1.673
2017-01-12 03:15:00,1.667
2017-01-12 03:00:00,1.678
2017-01-12 02:45:00,1.682
2017-01-12 02:30:00,1.676
2017-01-12 02:15:00,1.662
2017-01-12 02:00:00,1.662
2017-01-12 01:45:00,1.66
2017-01-12 01:30:00,1.665
2017-01-12 01:15:00,1.665
2017-01-12 01:00:00,1.675
2017-01-12 00:45:00,1.669
2017-01-12 00:30:00,1.693
2017-01-12 00:15:00,1.727
2017-01-12 00:00:00,1.709
2017-01-11 23:45:00,1.699
2017-01-11 23:30:00,1.693
2017-01-11 23:15:00,1.701
2017-01-11 23:00:00,1.686
2017-01-11 22:45:00,1.69
2017-01-11 22:30:00,1.676
2017-01-11 22:15:00,1.699
2017-01-11 22:00:00,1.721
2017-01-11 21:45:00,1.727
2017-01-11 21:30:00,1.772
2017-01-11 21:15:00,1.747
2017-01-11 21:00:00,1.743
2017-01-11 20:45:00,1.691
2017-01-11 20:30:00,1.751
2017-01-11 20:15:00,1.738
2017-01-11 20:00:00,1.733
2017-01-11 19:45:00,1.754
2017-01-11 19:30:00,1.756
2017-01-11 19:15:00,1.757
2017-01-11 19:00:00,1.754
2017-01-11 18:45:00,1.73
2017-01-11 18:30:00,1.716
2017-01-11 18:15:00,1.709
2017-01-11 18:00:00,1.737
2017-01-11 17:45:00,1.721
2017-01-11 17:30:00,1.727
2017-01-11 17:15:00,1.693
2017-01-11 17:00:00,1.695
2017-01-11 16:45:00,1.68
2017-01-11 16:30:00,1.676
2017-01-11 16:15:00,1.793
2017-01-11 16:00:00,1.806
2017-01-11 15:45:00,1.805
2017-01-11 15:30:00,1.792
2017-01-11 15:15:00,-0.343
2017-01-11 15:00:00,3.779
2017-01-11 14:45:00,2.926
2017-01-11 14:30:00,1.827
2017-01-11 14:15:00,1.816
2017-01-11 14:00:00,1.816
2017-01-11 13:45:00,1.806
2017-01-11 13:30:00,1.793
2017-01-11 13:15:00,1.803
2017-01-11 13:00:00,1.91
2017-01-11 12:45:00,2.275
2017-01-11 12:30:00,2.489
2017-01-11 12:15:00,-12.226
2017-01-11 12:00:00,0.779
2017-01-11 11:45:00,3.601
2017-01-11 11:30:00,5.018
2017-01-11 11:15:00,14.738
2017-01-11 11:00:00,1.702
2017-01-11 10:45:00,-8.839
2017-01-11 10:30:00,13.692
2017-01-11 10:15:00,1.486
2017-01-11 10:00:00,2.429
2017-01-11 09:45:00,1.725
2017-01-11 09:30:00,1.713
2017-01-11 09:15:00,1.711
2017-01-11 09:00:00,1.696
2017-01-11 08:45:00,1.696
2017-01-11 08:30:00,1.695
2017-01-11 08:15:00,1.686
2017-01-11 08:00:00,1.696
2017-01-11 07:45:00,-17.9
2017-01-11 07:30:00,-26.336
2017-01-11 07:15:00,-29.092
2017-01-11 07:00:00,-29.831
2017-01-11 06:45:00,-21.629
2017-01-11 06:30:00,-13.265
2017-01-11 06:15:00,-16.058
2017-01-11 06:00:00,-18.106
2017-01-11 05:45:00,-34.767
2017-01-11 05:30:00,-35.605
2017-01-11 05:15:00,-15.614
2017-01-11 05:00:00,0.5
2017-01-11 04:45:00,-1.61
2017-01-11 04:30:00,0.408
2017-01-11 04:15:00,-20.608
2017-01-11 04:00:00,-22.262
2017-01-11 03:45:00,-22.886
2017-01-11 03:30:00,-8.62
2017-01-11 03:15:00,-7.145
2017-01-11 03:00:00,-7.382
2017-01-11 02:45:00,-6.292
2017-01-11 02:30:00,-12.2
2017-01-11 02:15:00,-27.779
2017-01-11 02:00:00,-28.04
2017-01-11 01:45:00,-20.364
2017-01-11 01:30:00,-12.761
2017-01-11 01:15:00,-14.996
2017-01-11 01:00:00,-14.781
2017-01-11 00:45:00,-14.541
2017-01-11 00:30:00,-14.757
2017-01-11 00:15:00,-14.615
2017-01-11 00:00:00,-15.555
2017-01-10 23:45:00,-16.318
2017-01-10 23:30:00,-16.121
2017-01-10 23:15:00,-14.737
2017-01-10 23:00:00,-15.791
2017-01-10 22:45:00,-15.714
2017-01-10 22:30:00,-19.012
2017-01-10 22:15:00,-17.097
2017-01-10 22:00:00,-17.844
2017-01-10 21:45:00,-18.957
2017-01-10 21:30:00,-19.128
2017-01-10 21:15:00,-18.855
2017-01-10 21:00:00,-20.666
2017-01-10 20:45:00,-20.147
2017-01-10 20:30:00,-19.347
2017-01-10 20:15:00,-23.999
2017-01-10 20:00:00,-32.781
2017-01-10 19:45:00,-32.295
2017-01-10 19:30:00,-35.95
2017-01-10 19:15:00,-35.794
2017-01-10 19:00:00,-37.28
2017-01-10 18:45:00,-35.399
2017-01-10 18:30:00,-35.561
2017-01-10 18:15:00,-40.591
2017-01-10 18:00:00,-43.983
2017-01-10 17:45:00,-41.826
2017-01-10 17:30:00,-41.989
2017-01-10 17:15:00,-42.464
2017-01-10 17:00:00,-34.476
2017-01-10 16:45:00,-30.975
2017-01-10 16:30:00,-27.565
2017-01-10 16:15:00,-22.052
2017-01-10 16:00:00,-31.381
2017-01-10 15:45:00,-13.615
2017-01-10 15:30:00,0.861
2017-01-10 15:15:00,3.177
2017-01-10 15:00:00,2.907
2017-01-10 14:45:00,3.837
2017-01-10 14:30:00,3.574
2017-01-10 14:15:00,5.091
2017-01-10 14:00:00,5.89
2017-01-10 13:45:00,17.26
2017-01-10 13:30:00,100.2
2017-01-10 13:15:00,139.12
2017-01-10 13:00:00,152.576
2017-01-10 12:45:00,176.282
2017-01-10 12:30:00,16.56
2017-01-10 12:15:00,-2.9
2017-01-10 12:00:00,18.479
2017-01-10 11:45:00,118.19
2017-01-10 11:30:00,133.44
2017-01-10 11:15:00,135.52
2017-01-10 11:00:00,148.499
2017-01-10 10:45:00,157.311
2017-01-10 10:30:00,120.157
2017-01-10 10:15:00,137.293
2017-01-10 10:00:00,125.299
2017-01-10 09:45:00,41.457
2017-01-10 09:30:00,0.404
2017-01-10 09:15:00,4.897
2017-01-10 09:00:00,1.706
2017-01-10 08:45:00,1.722
2017-01-10 08:30:00,1.692
2017-01-10 08:15:00,2.368
2017-01-10 08:00:00,1.706
2017-01-10 07:45:00,1.687
2017-01-10 07:30:00,1.696
2017-01-10 07:15:00,1.691
2017-01-10 07:00:00,1.706
2017-01-10 06:45:00,1.704
2017-01-10 06:30:00,1.66
2017-01-10 06:15:00,1.657
2017-01-10 06:00:00,1.651
2017-01-10 05:45:00,1.651
2017-01-10 05:30:00,1.643
2017-01-10 05:15:00,1.657
2017-01-10 05:00:00,1.648
2017-01-10 04:45:00,1.661
2017-01-10 04:30:00,1.638
2017-01-10 04:15:00,1.635
2017-01-10 04:00:00,1.67
2017-01-10 03:45:00,1.677
2017-01-10 03:30:00,1.687
2017-01-10 03:15:00,1.67
2017-01-10 03:00:00,1.69
2017-01-10 02:45:00,1.685
2017-01-10 02:30:00,1.696
2017-01-10 02:15:00,1.69
2017-01-10 02:00:00,1.699
2017-01-10 01:45:00,1.693
2017-01-10 01:30:00,1.691
2017-01-10 01:15:00,1.689
2017-01-10 01:00:00,1.704
2017-01-10 00:45:00,1.685
2017-01-10 00:30:00,1.691
2017-01-10 00:15:00,1.683
2017-01-10 00:00:00,1.689
2017-01-09 23:45:00,1.695
2017-01-09 23:30:00,1.722
2017-01-09 23:15:00,1.695
2017-01-09 23:00:00,1.714
2017-01-09 22:45:00,1.717
2017-01-09 22:30:00,1.694
2017-01-09 22:15:00,1.756
2017-01-09 22:00:00,1.794
2017-01-09 21:45:00,1.794
2017-01-09 21:30:00,1.786
2017-01-09 21:15:00,1.759
2017-01-09 21:00:00,1.764
2017-01-09 20:45:00,1.766
2017-01-09 20:30:00,1.839
2017-01-09 20:15:00,1.825
2017-01-09 20:00:00,1.835
2017-01-09 19:45:00,1.827
2017-01-09 19:30:00,1.837
2017-01-09 19:15:00,1.82
2017-01-09 19:00:00,1.828
2017-01-09 18:45:00,1.824
2017-01-09 18:30:00,1.807
2017-01-09 18:15:00,1.835
2017-01-09 18:00:00,1.794
2017-01-09 17:45:00,1.78
2017-01-09 17:30:00,1.778
2017-01-09 17:15:00,1.777
2017-01-09 17:00:00,1.782
2017-01-09 16:45:00,1.812
2017-01-09 16:30:00,1.823
2017-01-09 16:15:00,1.826
2017-01-09 16:00:00,1.841
2017-01-09 15:45:00,1.823
2017-01-09 15:30:00,1.801
2017-01-09 15:15:00,-26.968
2017-01-09 15:00:00,-11.01
2017-01-09 14:45:00,-16.348
2017-01-09 14:30:00,-7.094
2017-01-09 14:15:00,-11.834
2017-01-09 14:00:00,-19.772
2017-01-09 13:45:00,-16.861
2017-01-09 13:30:00,-29.369
2017-01-09 13:15:00,-24.995
2017-01-09 13:00:00,-3.857
2017-01-09 12:45:00,9.988
2017-01-09 12:30:00,5.294
2017-01-09 12:15:00,21.531
2017-01-09 12:00:00,22.487
2017-01-09 11:45:00,43.06
2017-01-09 11:30:00,98.759
2017-01-09 11:15:00,22.967
2017-01-09 11:00:00,1.806
2017-01-09 10:45:00,1.797
2017-01-09 10:30:00,-0.665
2017-01-09 10:15:00,5.129
2017-01-09 10:00:00,1.707
2017-01-09 09:45:00,1.707
2017-01-09 09:30:00,1.708
2017-01-09 09:15:00,-18.298
2017-01-09 09:00:00,-28.698
2017-01-09 08:45:00,-43.952
2017-01-09 08:30:00,-45.105
2017-01-09 08:15:00,-39.985
2017-01-09 08:00:00,-33.483
2017-01-09 07:45:00,-30.901
2017-01-09 07:30:00,-28.853
2017-01-09 07:15:00,-30.292
2017-01-09 07:00:00,-30.537
2017-01-09 06:45:00,-29.703
2017-01-09 06:30:00,-30.093
2017-01-09 06:15:00,-32.082
2017-01-09 06:00:00,-32.292
2017-01-09 05:45:00,-33.279
2017-01-09 05:30:00,-33.229
2017-01-09 05:15:00,-18.266
2017-01-09 05:00:00,-12.719
2017-01-09 04:45:00,-14.037
2017-01-09 04:30:00,-15.493
2017-01-09 04:15:00,-12.507
2017-01-09 04:00:00,-12.37
2017-01-09 03:45:00,-13.811
2017-01-09 03:30:00,-14.252
2017-01-09 03:15:00,-12.843
2017-01-09 03:00:00,-13.96
2017-01-09 02:45:00,-12.92
2017-01-09 02:30:00,-13.716
2017-01-09 02:15:00,-12.103
2017-01-09 02:00:00,-13.761
2017-01-09 01:45:00,-14.48
2017-01-09 01:30:00,-15.658
2017-01-09 01:15:00,-13.605
2017-01-09 01:00:00,-14.199
2017-01-09 00:45:00,-14.113
2017-01-09 00:30:00,-13.287
2017-01-09 00:15:00,-15.335
2017-01-09 00:00:00,-17.403
2017-01-08 23:45:00,-14.468
2017-01-08 23:30:00,-16.71
2017-01-08 23:15:00,-16.885
2017-01-08 23:00:00,-17.2
2017-01-08 22:45:00,-16.419
2017-01-08 22:30:00,-18.753
2017-01-08 22:15:00,-18.606
2017-01-08 22:00:00,-18.275
2017-01-08 21:45:00,-17.498
2017-01-08 21:30:00,-19.69
2017-01-08 21:15:00,-20.537
2017-01-08 21:00:00,-20.367
2017-01-08 20:45:00,-21.106
2017-01-08 20:30:00,-22.149
2017-01-08 20:15:00,-19.733
2017-01-08 20:00:00,-19.94
2017-01-08 19:45:00,-21.225
2017-01-08 19:30:00,-23.776
2017-01-08 19:15:00,-24.961
2017-01-08 19:00:00,-26.606
2017-01-08 18:45:00,-25.354
2017-01-08 18:30:00,-24.769
2017-01-08 18:15:00,-24.136
2017-01-08 18:00:00,-25.141
2017-01-08 17:45:00,-25.138
2017-01-08 17:30:00,-24.093
2017-01-08 17:15:00,-26.759
2017-01-08 17:00:00,-22.455
2017-01-08 16:45:00,-19.452
2017-01-08 16:30:00,-9.346
2017-01-08 16:15:00,-1.634
2017-01-08 16:00:00,2.163
2017-01-08 15:45:00,2.152
2017-01-08 15:30:00,2.161
2017-01-08 15:15:00,2.171
2017-01-08 15:00:00,2.17
2017-01-08 14:45:00,2.178
2017-01-08 14:30:00,2.179
2017-01-08 14:15:00,2.183
2017-01-08 14:00:00,2.179
2017-01-08 13:45:00,2.189
2017-01-08 13:30:00,2.187
2017-01-08 13:15:00,2.193
2017-01-08 13:00:00,2.201
2017-01-08 12:45:00,2.203
2017-01-08 12:30:00,2.262
2017-01-08 12:15:00,2.309
2017-01-08 12:00:00,2.367
2017-01-08 11:45:00,2.533
2017-01-08 11:30:00,61.659
2017-01-08 11:15:00,177.636
2017-01-08 11:00:00,166.43
2017-01-08 10:45:00,170.579
2017-01-08 10:30:00,163.923
2017-01-08 10:15:00,126.639
2017-01-08 10:00:00,129.821
2017-01-08 09:45:00,147.954
2017-01-08 09:30:00,139.962
2017-01-08 09:15:00,125.756
2017-01-08 09:00:00,109.992
2017-01-08 08:45:00,86.197
2017-01-08 08:30:00,59.511
2017-01-08 08:15:00,10.842
2017-01-08 08:00:00,1.836
2017-01-08 07:45:00,2.09
2017-01-08 07:30:00,-0.807
2017-01-08 07:15:00,-24.086
2017-01-08 07:00:00,-33.561
2017-01-08 06:45:00,-22.316
2017-01-08 06:30:00,-16.703
2017-01-08 06:15:00,-18.593
2017-01-08 06:00:00,-3.798
2017-01-08 05:45:00,-2.511
2017-01-08 05:30:00,-2.791
2017-01-08 05:15:00,-2.697
2017-01-08 05:00:00,-19.24
2017-01-08 04:45:00,-21.897
2017-01-08 04:30:00,-25.478
2017-01-08 04:15:00,-24.888
2017-01-08 04:00:00,-9.619
2017-01-08 03:45:00,-11.707
2017-01-08 03:30:00,-10.919
2017-01-08 03:15:00,-11.385
2017-01-08 03:00:00,-22.878
2017-01-08 02:45:00,-31.035
2017-01-08 02:30:00,-31.612
2017-01-08 02:15:00,-31.365
2017-01-08 02:00:00,-17.078
2017-01-08 01:45:00,-18.367
2017-01-08 01:30:00,-17.327
2017-01-08 01:15:00,-16.892
2017-01-08 01:00:00,-16.743
2017-01-08 00:45:00,-18.584
2017-01-08 00:30:00,-16.797
2017-01-08 00:15:00,-21.41
2017-01-08 00:00:00,-34.358
2017-01-07 23:45:00,-34.128
2017-01-07 23:30:00,-28.135
2017-01-07 23:15:00,-23.01
2017-01-07 23:00:00,-23.273
2017-01-07 22:45:00,-22.731
2017-01-07 22:30:00,-21.94
2017-01-07 22:15:00,-23.306
2017-01-07 22:00:00,-23.146
2017-01-07 21:45:00,-23.445
2017-01-07 21:30:00,-22.668
2017-01-07 21:15:00,-23.738
2017-01-07 21:00:00,-22.169
2017-01-07 20:45:00,-22.521
2017-01-07 20:30:00,-21.948
2017-01-07 20:15:00,-24.485
2017-01-07 20:00:00,-21.464
2017-01-07 19:45:00,-23.309
2017-01-07 19:30:00,-23.705
2017-01-07 19:15:00,-24.351
2017-01-07 19:00:00,-22.726
2017-01-07 18:45:00,-24.238
2017-01-07 18:30:00,-22.904
2017-01-07 18:15:00,-21.784
2017-01-07 18:00:00,-21.85
2017-01-07 17:45:00,-23.892
2017-01-07 17:30:00,-23.672
2017-01-07 17:15:00,-23.571
2017-01-07 17:00:00,-18.428
2017-01-07 16:45:00,-16.651
2017-01-07 16:30:00,-9.029
2017-01-07 16:15:00,-1.578
2017-01-07 16:00:00,-0.549
2017-01-07 15:45:00,-0.956
2017-01-07 15:30:00,-0.957
2017-01-07 15:15:00,-0.962
2017-01-07 15:00:00,-0.96
2017-01-07 14:45:00,-0.959
2017-01-07 14:30:00,-0.955
2017-01-07 14:15:00,-0.954
2017-01-07 14:00:00,-0.951
2017-01-07 13:45:00,-0.953
2017-01-07 13:30:00,-0.952
2017-01-07 13:15:00,-0.951
2017-01-07 13:00:00,-0.851
2017-01-07 12:45:00,-0.408
2017-01-07 12:30:00,-5.457
2017-01-07 12:15:00,-3.428
2017-01-07 12:00:00,155.544
2017-01-07 11:45:00,172.677
2017-01-07 11:30:00,177.277
2017-01-07 11:15:00,111.163
2017-01-07 11:00:00,163.515
2017-01-07 10:45:00,73.7
2017-01-07 10:30:00,66.722
2017-01-07 10:15:00,72.59
2017-01-07 10:00:00,35.46
2017-01-07 09:45:00,74.603
2017-01-07 09:30:00,79.505
2017-01-07 09:15:00,83.348
2017-01-07 09:00:00,42.575
2017-01-07 08:45:00,49.949
2017-01-07 08:30:00,8.583
2017-01-07 08:15:00,1.664
2017-01-07 08:00:00,1.611
2017-01-07 07:45:00,0.503
2017-01-07 07:30:00,1.662
2017-01-07 07:15:00,1.673
2017-01-07 07:00:00,-13.839
2017-01-07 06:45:00,-15.912
2017-01-07 06:30:00,-13.663
2017-01-07 06:15:00,-9.448
2017-01-07 06:00:00,-1.821
2017-01-07 05:45:00,-5.585
2017-01-07 05:30:00,-20.261
2017-01-07 05:15:00,-18.463
2017-01-07 05:00:00,-19.769
2017-01-07 04:45:00,-19.59
2017-01-07 04:30:00,-7.931
2017-01-07 04:15:00,-3.019
2017-01-07 04:00:00,-1.039
2017-01-07 03:45:00,-18.326
2017-01-07 03:30:00,-20.632
2017-01-07 03:15:00,-24.228
2017-01-07 03:00:00,-26.532
2017-01-07 02:45:00,-15.162
2017-01-07 02:30:00,-11.156
2017-01-07 02:15:00,-10.652
2017-01-07 02:00:00,-11.522
2017-01-07 01:45:00,-14.222
2017-01-07 01:30:00,-28.828
2017-01-07 01:15:00,-29.661
2017-01-07 01:00:00,-28.311
2017-01-07 00:45:00,-24.55
2017-01-07 00:30:00,-13.794
2017-01-07 00:15:00,-13.158
2017-01-07 00:00:00,-11.525
2017-01-06 23:45:00,-12.135
2017-01-06 23:30:00,-12.54
2017-01-06 23:15:00,-23.809
2017-01-06 23:00:00,-33.178
2017-01-06 22:45:00,-23.83
2017-01-06 22:30:00,-18.901
2017-01-06 22:15:00,-18.39
2017-01-06 22:00:00,-18.264
2017-01-06 21:45:00,-19.883
2017-01-06 21:30:00,-19.064
2017-01-06 21:15:00,-19.283
2017-01-06 21:00:00,-19.864
2017-01-06 20:45:00,-20.128
2017-01-06 20:30:00,-20.243
2017-01-06 20:15:00,-21.795
2017-01-06 20:00:00,-29.323
2017-01-06 19:45:00,-30.258
2017-01-06 19:30:00,-28.623
2017-01-06 19:15:00,-28.296
2017-01-06 19:00:00,-29.095
2017-01-06 18:45:00,-29.47
2017-01-06 18:30:00,-29.368
2017-01-06 18:15:00,-31.495
2017-01-06 18:00:00,-33.44
2017-01-06 17:45:00,-32.882
2017-01-06 17:30:00,-33.148
2017-01-06 17:15:00,-36.42
2017-01-06 17:00:00,-29.17
2017-01-06 16:45:00,-32.002
2017-01-06 16:30:00,-33.571
2017-01-06 16:15:00,-28.593
2017-01-06 16:00:00,-11.181
2017-01-06 15:45:00,-0.374
2017-01-06 15:30:00,2.534
2017-01-06 15:15:00,2.564
2017-01-06 15:00:00,2.722
2017-01-06 14:45:00,2.81
2017-01-06 14:30:00,3.141
2017-01-06 14:15:00,3.068
2017-01-06 14:00:00,2.927
2017-01-06 13:45:00,3.162
2017-01-06 13:30:00,3.323
2017-01-06 13:15:00,4.247
2017-01-06 13:00:00,5.637
2017-01-06 12:45:00,5.979
2017-01-06 12:30:00,106.253
2017-01-06 12:15:00,158.096
2017-01-06 12:00:00,151.407
2017-01-06 11:45:00,152.177
2017-01-06 11:30:00,151.065
2017-01-06 11:15:00,153.714
2017-01-06 11:00:00,146.646
2017-01-06 10:45:00,145.429
2017-01-06 10:30:00,143.28
2017-01-06 10:15:00,118.063
2017-01-06 10:00:00,61.704
2017-01-06 09:45:00,74.455
2017-01-06 09:30:00,60.142
2017-01-06 09:15:00,10.497
2017-01-06 09:00:00,15.992
2017-01-06 08:45:00,51.653
2017-01-06 08:30:00,31.618
2017-01-06 08:15:00,4.275
2017-01-06 08:00:00,1.683
2017-01-06 07:45:00,1.676
2017-01-06 07:30:00,1.662
2017-01-06 07:15:00,1.679
2017-01-06 07:00:00,1.694
2017-01-06 06:45:00,1.692
2017-01-06 06:30:00,1.64
2017-01-06 06:15:00,1.627
2017-01-06 06:00:00,1.637
2017-01-06 05:45:00,1.651
2017-01-06 05:30:00,1.645
2017-01-06 05:15:00,1.63
2017-01-06 05:00:00,1.658
2017-01-06 04:45:00,1.664
2017-01-06 04:30:00,1.677
2017-01-06 04:15:00,1.683
2017-01-06 04:00:00,1.691
2017-01-06 03:45:00,1.698
2017-01-06 03:30:00,1.708
2017-01-06 03:15:00,1.7
2017-01-06 03:00:00,1.692
2017-01-06 02:45:00,1.689
2017-01-06 02:30:00,1.699
2017-01-06 02:15:00,1.7
2017-01-06 02:00:00,1.701
2017-01-06 01:45:00,1.7
2017-01-06 01:30:00,1.684
2017-01-06 01:15:00,1.675
2017-01-06 01:00:00,1.674
2017-01-06 00:45:00,1.673
2017-01-06 00:30:00,1.697
2017-01-06 00:15:00,1.689
2017-01-06 00:00:00,1.733
2017-01-05 23:45:00,1.736
2017-01-05 23:30:00,1.701
2017-01-05 23:15:00,1.698
2017-01-05 23:00:00,1.729
2017-01-05 22:45:00,1.726
2017-01-05 22:30:00,1.725
2017-01-05 22:15:00,1.721
2017-01-05 22:00:00,1.75
2017-01-05 21:45:00,1.76
2017-01-05 21:30:00,1.743
2017-01-05 21:15:00,1.704
2017-01-05 21:00:00,1.724
2017-01-05 20:45:00,1.761
2017-01-05 20:30:00,1.786
2017-01-05 20:15:00,1.785
2017-01-05 20:00:00,1.779
2017-01-05 19:45:00,1.764
2017-01-05 19:30:00,1.753
2017-01-05 19:15:00,1.734
2017-01-05 19:00:00,1.713
2017-01-05 18:45:00,1.705
2017-01-05 18:30:00,1.713
2017-01-05 18:15:00,1.721
2017-01-05 18:00:00,1.733
2017-01-05 17:45:00,1.738
2017-01-05 17:30:00,1.736
2017-01-05 17:15:00,1.73
2017-01-05 17:00:00,1.723
2017-01-05 16:45:00,1.721
2017-01-05 16:30:00,1.747
2017-01-05 16:15:00,1.743
2017-01-05 16:00:00,1.736
2017-01-05 15:45:00,1.738
2017-01-05 15:30:00,1.749
2017-01-05 15:15:00,1.73
2017-01-05 15:00:00,1.717
2017-01-05 14:45:00,1.777
2017-01-05 14:30:00,1.761
2017-01-05 14:15:00,1.725
2017-01-05 14:00:00,1.7
2017-01-05 13:45:00,2.437
2017-01-05 13:30:00,1.735
2017-01-05 13:15:00,1.737
2017-01-05 13:00:00,1.735
2017-01-05 12:45:00,1.746
2017-01-05 12:30:00,1.739
2017-01-05 12:15:00,1.739
2017-01-05 12:00:00,1.737
2017-01-05 11:45:00,1.735
2017-01-05 11:30:00,1.727
2017-01-05 11:15:00,1.738
2017-01-05 11:00:00,1.718
2017-01-05 10:45:00,1.729
2017-01-05 10:30:00,1.724
2017-01-05 10:15:00,1.732
2017-01-05 10:00:00,1.736
2017-01-05 09:45:00,1.742
2017-01-05 09:30:00,1.742
2017-01-05 09:15:00,1.714
2017-01-05 09:00:00,1.722
2017-01-05 08:45:00,1.7
2017-01-05 08:30:00,1.713
2017-01-05 08:15:00,1.711
2017-01-05 08:00:00,-10.632
2017-01-05 07:45:00,-28.032
2017-01-05 07:30:00,-14.27
2017-01-05 07:15:00,-14.569
2017-01-05 07:00:00,-9.273
2017-01-05 06:45:00,-11.042
2017-01-05 06:30:00,-19.247
2017-01-05 06:15:00,-29.843
2017-01-05 06:00:00,-35.846
2017-01-05 05:45:00,-29.596
2017-01-05 05:30:00,-21.408
2017-01-05 05:15:00,-2.027
2017-01-05 05:00:00,0.728
2017-01-05 04:45:00,0.856
2017-01-05 04:30:00,-17.511
2017-01-05 04:15:00,-22.303
2017-01-05 04:00:00,-23.857
2017-01-05 03:45:00,-9.89
2017-01-05 03:30:00,-7.513
2017-01-05 03:15:00,-6.503
2017-01-05 03:00:00,-7.597
2017-01-05 02:45:00,-7.188
2017-01-05 02:30:00,-26.052
2017-01-05 02:15:00,-25.232
2017-01-05 02:00:00,-27.224
2017-01-05 01:45:00,-17.191
2017-01-05 01:30:00,-12.75
2017-01-05 01:15:00,-11.032
2017-01-05 01:00:00,-12.424
2017-01-05 00:45:00,-13.158
2017-01-05 00:30:00,-11.28
2017-01-05 00:15:00,-14.272
2017-01-05 00:00:00,-14.656
2017-01-04 23:45:00,-14.636
2017-01-04 23:30:00,-12.901
2017-01-04 23:15:00,-15.437
2017-01-04 23:00:00,-15.218
2017-01-04 22:45:00,-15.631
2017-01-04 22:30:00,-14.446
2017-01-04 22:15:00,-16.055
2017-01-04 22:00:00,-15.682
2017-01-04 21:45:00,-15.842
2017-01-04 21:30:00,-19.118
2017-01-04 21:15:00,-18.939
2017-01-04 21:00:00,-19.296
2017-01-04 20:45:00,-21.507
2017-01-04 20:30:00,-24.004
2017-01-04 20:15:00,-27.843
2017-01-04 20:00:00,-35.611
2017-01-04 19:45:00,-35.701
2017-01-04 19:30:00,-35.971
2017-01-04 19:15:00,-34.455
2017-01-04 19:00:00,-35.084
2017-01-04 18:45:00,-36.466
2017-01-04 18:30:00,-37.497
2017-01-04 18:15:00,-34.733
2017-01-04 18:00:00,-34.498
2017-01-04 17:45:00,-36.642
2017-01-04 17:30:00,-35.913
2017-01-04 17:15:00,-38.775
2017-01-04 17:00:00,-45.209
2017-01-04 16:45:00,-52.611
2017-01-04 16:30:00,-46.898
2017-01-04 16:15:00,-36.696
2017-01-04 16:00:00,-44.75
2017-01-04 15:45:00,-13.99
2017-01-04 15:30:00,1.788
2017-01-04 15:15:00,2.166
2017-01-04 15:00:00,2.17
2017-01-04 14:45:00,2.183
2017-01-04 14:30:00,2.18
2017-01-04 14:15:00,2.17
2017-01-04 14:00:00,2.166
2017-01-04 13:45:00,2.185
2017-01-04 13:30:00,2.187
2017-01-04 13:15:00,2.239
2017-01-04 13:00:00,2.288
2017-01-04 12:45:00,2.339
2017-01-04 12:30:00,2.496
2017-01-04 12:15:00,78.488
2017-01-04 12:00:00,146.854
2017-01-04 11:45:00,142.898
2017-01-04 11:30:00,146.682
2017-01-04 11:15:00,141.196
2017-01-04 11:00:00,143.199
2017-01-04 10:45:00,130.831
2017-01-04 10:30:00,134.501
2017-01-04 10:15:00,130.728
2017-01-04 10:00:00,102.552
2017-01-04 09:45:00,110.573
2017-01-04 09:30:00,81.76
2017-01-04 09:15:00,81.364
2017-01-04 09:00:00,88.044
2017-01-04 08:45:00,57.253
2017-01-04 08:30:00,30.566
2017-01-04 08:15:00,10.067
2017-01-04 08:00:00,1.705
2017-01-04 07:45:00,1.701
2017-01-04 07:30:00,1.715
2017-01-04 07:15:00,1.695
2017-01-04 07:00:00,-2.669
2017-01-04 06:45:00,-3.443
2017-01-04 06:30:00,-0.509
2017-01-04 06:15:00,-17.44
2017-01-04 06:00:00,-17.585
2017-01-04 05:45:00,-18.841
2017-01-04 05:30:00,-26.858
2017-01-04 05:15:00,-5.237
2017-01-04 05:00:00,-3.535
2017-01-04 04:45:00,-6.699
2017-01-04 04:30:00,-11.251
2017-01-04 04:15:00,-13.916
2017-01-04 04:00:00,-14.281
2017-01-04 03:45:00,-0.924
2017-01-04 03:30:00,-3.704
2017-01-04 03:15:00,-16.029
2017-01-04 03:00:00,-17.846
2017-01-04 02:45:00,-21.042
2017-01-04 02:30:00,-21.497
2017-01-04 02:15:00,-20.466
2017-01-04 02:00:00,-14.831
2017-01-04 01:45:00,-3.983
2017-01-04 01:30:00,-9.266
2017-01-04 01:15:00,-22.443
2017-01-04 01:00:00,-23.915
2017-01-04 00:45:00,-24.544
2017-01-04 00:30:00,-23.393
2017-01-04 00:15:00,-9.601
2017-01-04 00:00:00,-15.531
2017-01-03 23:45:00,-27.611
2017-01-03 23:30:00,-30.816
2017-01-03 23:15:00,-30.98
2017-01-03 23:00:00,-18.682
2017-01-03 22:45:00,-16.933
2017-01-03 22:30:00,-29.103
2017-01-03 22:15:00,-35.309
2017-01-03 22:00:00,-35.624
2017-01-03 21:45:00,-19.83
2017-01-03 21:30:00,-18.148
2017-01-03 21:15:00,-20.138
2017-01-03 21:00:00,-34.418
2017-01-03 20:45:00,-39.051
2017-01-03 20:30:00,-34.965
2017-01-03 20:15:00,-27.061
2017-01-03 20:00:00,-34.097
2017-01-03 19:45:00,-35.689
2017-01-03 19:30:00,-43.542
2017-01-03 19:15:00,-51.574
2017-01-03 19:00:00,-50.295
2017-01-03 18:45:00,-37.841
2017-01-03 18:30:00,-37.192
2017-01-03 18:15:00,-36.232
2017-01-03 18:00:00,-34.144
2017-01-03 17:45:00,-35.989
2017-01-03 17:30:00,-39.343
2017-01-03 17:15:00,-53.309
2017-01-03 17:00:00,-43.501
2017-01-03 16:45:00,-33.355
2017-01-03 16:30:00,-24.268
2017-01-03 16:15:00,-18.537
2017-01-03 16:00:00,-11.403
2017-01-03 15:45:00,-3.95
2017-01-03 15:30:00,2.186
2017-01-03 15:15:00,2.912
2017-01-03 15:00:00,6.805
2017-01-03 14:45:00,21.767
2017-01-03 14:30:00,63.793
2017-01-03 14:15:00,76.431
2017-01-03 14:00:00,94.308
2017-01-03 13:45:00,109.607
2017-01-03 13:30:00,109.388
2017-01-03 13:15:00,99.946
2017-01-03 13:00:00,105.998
2017-01-03 12:45:00,100.141
2017-01-03 12:30:00,61.566
2017-01-03 12:15:00,51.872
2017-01-03 12:00:00,39.174
2017-01-03 11:45:00,44.685
2017-01-03 11:30:00,34.283
2017-01-03 11:15:00,56.08
2017-01-03 11:00:00,30.922
2017-01-03 10:45:00,29.71
2017-01-03 10:30:00,86.395
2017-01-03 10:15:00,61.571
2017-01-03 10:00:00,38.093
2017-01-03 09:45:00,59.88
2017-01-03 09:30:00,82.427
2017-01-03 09:15:00,88.735
2017-01-03 09:00:00,45.708
2017-01-03 08:45:00,36.422
2017-01-03 08:30:00,51.676
2017-01-03 08:15:00,20.066
2017-01-03 08:00:00,2.753
2017-01-03 07:45:00,1.72
2017-01-03 07:30:00,1.704
2017-01-03 07:15:00,1.709
2017-01-03 07:00:00,1.682
2017-01-03 06:45:00,1.675
2017-01-03 06:30:00,-8.246
2017-01-03 06:15:00,-10.1
2017-01-03 06:00:00,1.682
2017-01-03 05:45:00,3.56
2017-01-03 05:30:00,5.056
2017-01-03 05:15:00,3.811
2017-01-03 05:00:00,1.634
2017-01-03 04:45:00,1.608
2017-01-03 04:30:00,1.333
2017-01-03 04:15:00,-2.0
2017-01-03 04:00:00,1.596
2017-01-03 03:45:00,1.676
2017-01-03 03:30:00,-5.872
2017-01-03 03:15:00,-5.985
2017-01-03 03:00:00,-9.63
2017-01-03 02:45:00,-12.967
2017-01-03 02:30:00,-12.771
2017-01-03 02:15:00,-9.883
2017-01-03 02:00:00,1.555
2017-01-03 01:45:00,-7.84
2017-01-03 01:30:00,-17.091
2017-01-03 01:15:00,-17.998
2017-01-03 01:00:00,-19.826
2017-01-03 00:45:00,-4.967
2017-01-03 00:30:00,-2.602
2017-01-03 00:15:00,-11.309
2017-01-03 00:00:00,-21.191
2017-01-02 23:45:00,-22.278
2017-01-02 23:30:00,-8.09
2017-01-02 23:15:00,-4.903
2017-01-02 23:00:00,-15.231
2017-01-02 22:45:00,-22.722
2017-01-02 22:30:00,-24.082
2017-01-02 22:15:00,-19.164
2017-01-02 22:00:00,-8.615
2017-01-02 21:45:00,-6.64
2017-01-02 21:30:00,-19.768
2017-01-02 21:15:00,-26.845
2017-01-02 21:00:00,-26.042
2017-01-02 20:45:00,-14.002
2017-01-02 20:30:00,-9.381
2017-01-02 20:15:00,-21.681
2017-01-02 20:00:00,-45.249
2017-01-02 19:45:00,-52.559
2017-01-02 19:30:00,-51.466
2017-01-02 19:15:00,-34.154
2017-01-02 19:00:00,-34.655
2017-01-02 18:45:00,-36.444
2017-01-02 18:30:00,-36.728
2017-01-02 18:15:00,-32.651
2017-01-02 18:00:00,-44.837
2017-01-02 17:45:00,-52.253
2017-01-02 17:30:00,-49.954
2017-01-02 17:15:00,-35.498
2017-01-02 17:00:00,-26.272
2017-01-02 16:45:00,-23.55
2017-01-02 16:30:00,-19.631
2017-01-02 16:15:00,-10.812
2017-01-02 16:00:00,1.077
2017-01-02 15:45:00,9.463
2017-01-02 15:30:00,24.435
2017-01-02 15:15:00,53.05
2017-01-02 15:00:00,43.844
2017-01-02 14:45:00,72.494
2017-01-02 14:30:00,55.906
2017-01-02 14:15:00,38.765
2017-01-02 14:00:00,47.702
2017-01-02 13:45:00,32.886
2017-01-02 13:30:00,29.984
2017-01-02 13:15:00,38.106
2017-01-02 13:00:00,26.093
2017-01-02 12:45:00,8.695
2017-01-02 12:30:00,6.191
2017-01-02 12:15:00,14.779
2017-01-02 12:00:00,30.747
2017-01-02 11:45:00,33.73
2017-01-02 11:30:00,34.705
2017-01-02 11:15:00,58.15
2017-01-02 11:00:00,43.477
2017-01-02 10:45:00,60.76
2017-01-02 10:30:00,44.735
2017-01-02 10:15:00,36.24
2017-01-02 10:00:00,68.051
2017-01-02 09:45:00,91.114
2017-01-02 09:30:00,66.889
2017-01-02 09:15:00,18.943
2017-01-02 09:00:00,20.231
2017-01-02 08:45:00,25.314
2017-01-02 08:30:00,28.433
2017-01-02 08:15:00,1.645
2017-01-02 08:00:00,-0.557
2017-01-02 07:45:00,-4.9
2017-01-02 07:30:00,0.995
2017-01-02 07:15:00,1.656
2017-01-02 07:00:00,-1.041
2017-01-02 06:45:00,-7.621
2017-01-02 06:30:00,-7.506
2017-01-02 06:15:00,-12.114
2017-01-02 06:00:00,-3.08
2017-01-02 05:45:00,1.609
2017-01-02 05:30:00,-5.953
2017-01-02 05:15:00,-12.527
2017-01-02 05:00:00,-13.424
2017-01-02 04:45:00,-12.488
2017-01-02 04:30:00,-2.861
2017-01-02 04:15:00,-0.068
2017-01-02 04:00:00,-2.65
2017-01-02 03:45:00,-18.441
2017-01-02 03:30:00,-19.698
2017-01-02 03:15:00,-22.359
2017-01-02 03:00:00,-6.114
2017-01-02 02:45:00,-1.78
2017-01-02 02:30:00,-4.952
2017-01-02 02:15:00,-24.436
2017-01-02 02:00:00,-25.251
2017-01-02 01:45:00,-24.633
2017-01-02 01:30:00,-27.51
2017-01-02 01:15:00,-13.749
2017-01-02 01:00:00,-9.921
2017-01-02 00:45:00,-16.37
2017-01-02 00:30:00,-29.233
2017-01-02 00:15:00,-30.783
2017-01-02 00:00:00,-30.856
2017-01-01 23:45:00,-15.847
2017-01-01 23:30:00,-16.945
2017-01-01 23:15:00,-18.565
2017-01-01 23:00:00,-32.8
2017-01-01 22:45:00,-35.299
2017-01-01 22:30:00,-35.067
2017-01-01 22:15:00,-29.206
2017-01-01 22:00:00,-20.004
2017-01-01 21:45:00,-20.505
2017-01-01 21:30:00,-23.949
2017-01-01 21:15:00,-35.583
2017-01-01 21:00:00,-37.309
2017-01-01 20:45:00,-39.098
2017-01-01 20:30:00,-30.303
2017-01-01 20:15:00,-23.915
2017-01-01 20:00:00,-25.145
2017-01-01 19:45:00,-32.375
2017-01-01 19:30:00,-41.165
2017-01-01 19:15:00,-44.712
2017-01-01 19:00:00,-43.625
2017-01-01 18:45:00,-35.24
2017-01-01 18:30:00,-26.827
2017-01-01 18:15:00,-29.157
2017-01-01 18:00:00,-29.553
2017-01-01 17:45:00,-28.958
2017-01-01 17:30:00,-43.456
2017-01-01 17:15:00,-47.865
2017-01-01 17:00:00,-38.616
2017-01-01 16:45:00,-24.557
2017-01-01 16:30:00,-21.818
2017-01-01 16:15:00,-16.813
2017-01-01 16:00:00,-11.697
2017-01-01 15:45:00,-2.628
2017-01-01 15:30:00,2.67
2017-01-01 15:15:00,2.101
2017-01-01 15:00:00,3.169
2017-01-01 14:45:00,2.13
2017-01-01 14:30:00,3.415
2017-01-01 14:15:00,2.174
2017-01-01 14:00:00,2.192
2017-01-01 13:45:00,4.019
2017-01-01 13:30:00,2.193
2017-01-01 13:15:00,3.089
2017-01-01 13:00:00,3.228
2017-01-01 12:45:00,3.4
2017-01-01 12:30:00,4.052
2017-01-01 12:15:00,5.146
2017-01-01 12:00:00,6.769
2017-01-01 11:45:00,19.417
2017-01-01 11:30:00,114.008
2017-01-01 11:15:00,184.433
2017-01-01 11:00:00,117.586
2017-01-01 10:45:00,174.357
2017-01-01 10:30:00,88.027
2017-01-01 10:15:00,142.5
2017-01-01 10:00:00,160.503
2017-01-01 09:45:00,150.921
2017-01-01 09:30:00,140.087
2017-01-01 09:15:00,129.036
2017-01-01 09:00:00,117.144
2017-01-01 08:45:00,91.61
2017-01-01 08:30:00,21.017
2017-01-01 08:15:00,15.978
2017-01-01 08:00:00,1.892
2017-01-01 07:45:00,2.196
2017-01-01 07:30:00,1.378
2017-01-01 07:15:00,1.025
2017-01-01 07:00:00,-0.141
2017-01-01 06:45:00,-0.26
2017-01-01 06:30:00,-3.095
2017-01-01 06:15:00,-9.06
2017-01-01 06:00:00,-7.697
2017-01-01 05:45:00,-7.548
2017-01-01 05:30:00,-9.814
2017-01-01 05:15:00,-10.455
2017-01-01 05:00:00,0.423
2017-01-01 04:45:00,1.672
2017-01-01 04:30:00,-8.599
2017-01-01 04:15:00,-11.1
2017-01-01 04:00:00,-14.593
2017-01-01 03:45:00,-13.772
2017-01-01 03:30:00,-15.682
2017-01-01 03:15:00,-16.314
2017-01-01 03:00:00,-18.515
2017-01-01 02:45:00,-17.885
2017-01-01 02:30:00,0.23
2017-01-01 02:15:00,-5.733
2017-01-01 02:00:00,-19.802
2017-01-01 01:45:00,-22.822
2017-01-01 01:30:00,-24.517
2017-01-01 01:15:00,-21.769
2017-01-01 01:00:00,-8.528
2017-01-01 00:45:00,-9.214
2017-01-01 00:30:00,-26.334
2017-01-01 00:15:00,-27.566
2017-01-01 00:00:00,-27.726
2016-12-31 23:45:00,-11.529
2016-12-31 23:30:00,-11.052
2016-12-31 23:15:00,-26.295
2016-12-31 23:00:00,-29.658
2016-12-31 22:45:00,-28.142
2016-12-31 22:30:00,-14.856
2016-12-31 22:15:00,-20.512
2016-12-31 22:00:00,-29.875
2016-12-31 21:45:00,-36.331
2016-12-31 21:30:00,-36.496
2016-12-31 21:15:00,-34.693
2016-12-31 21:00:00,-23.152
2016-12-31 20:45:00,-21.515
2016-12-31 20:30:00,-24.639
2016-12-31 20:15:00,-40.03
2016-12-31 20:00:00,-40.076
2016-12-31 19:45:00,-37.103
2016-12-31 19:30:00,-26.455
2016-12-31 19:15:00,-28.473
2016-12-31 19:00:00,-28.501
2016-12-31 18:45:00,-39.18
2016-12-31 18:30:00,-47.592
2016-12-31 18:15:00,-45.908
2016-12-31 18:00:00,-29.856
2016-12-31 17:45:00,-30.935
2016-12-31 17:30:00,-32.141
2016-12-31 17:15:00,-35.28
2016-12-31 17:00:00,-43.877
2016-12-31 16:45:00,-43.124
2016-12-31 16:30:00,-37.868
2016-12-31 16:15:00,-24.477
2016-12-31 16:00:00,-22.432
2016-12-31 15:45:00,-24.43
2016-12-31 15:30:00,-18.67
2016-12-31 15:15:00,-8.664
2016-12-31 15:00:00,2.166
2016-12-31 14:45:00,3.3
2016-12-31 14:30:00,2.152
2016-12-31 14:15:00,3.353
2016-12-31 14:00:00,2.116
2016-12-31 13:45:00,2.931
2016-12-31 13:30:00,3.181
2016-12-31 13:15:00,3.102
2016-12-31 13:00:00,2.962
2016-12-31 12:45:00,3.482
2016-12-31 12:30:00,4.281
2016-12-31 12:15:00,5.418
2016-12-31 12:00:00,4.867
2016-12-31 11:45:00,11.209
2016-12-31 11:30:00,53.709
2016-12-31 11:15:00,52.095
2016-12-31 11:00:00,42.901
2016-12-31 10:45:00,50.482
2016-12-31 10:30:00,50.404
2016-12-31 10:15:00,39.733
2016-12-31 10:00:00,56.248
2016-12-31 09:45:00,38.919
2016-12-31 09:30:00,23.667
2016-12-31 09:15:00,31.364
2016-12-31 09:00:00,46.845
2016-12-31 08:45:00,46.084
2016-12-31 08:30:00,45.531
2016-12-31 08:15:00,39.811
2016-12-31 08:00:00,22.106
2016-12-31 07:45:00,19.419
2016-12-31 07:30:00,36.06
2016-12-31 07:15:00,36.551
2016-12-31 07:00:00,34.289
2016-12-31 06:45:00,29.339
2016-12-31 06:30:00,17.529
2016-12-31 06:15:00,16.693
2016-12-31 06:00:00,30.812
2016-12-31 05:45:00,31.232
2016-12-31 05:30:00,31.25
2016-12-31 05:15:00,27.839
2016-12-31 05:00:00,11.934
2016-12-31 04:45:00,12.302
2016-12-31 04:30:00,28.873
2016-12-31 04:15:00,30.22
2016-12-31 04:00:00,30.676
2016-12-31 03:45:00,28.063
2016-12-31 03:30:00,12.471
2016-12-31 03:15:00,11.052
2016-12-31 03:00:00,26.753
2016-12-31 02:45:00,32.752
2016-12-31 02:30:00,33.369
2016-12-31 02:15:00,30.201
2016-12-31 02:00:00,12.743
2016-12-31 01:45:00,12.108
2016-12-31 01:30:00,22.507
2016-12-31 01:15:00,30.67
2016-12-31 01:00:00,32.326
2016-12-31 00:45:00,21.555
2016-12-31 00:30:00,10.957
2016-12-31 00:15:00,13.549
2016-12-31 00:00:00,30.376
2016-12-30 23:45:00,31.345
2016-12-30 23:30:00,30.821
2016-12-30 23:15:00,33.553
2016-12-30 23:00:00,11.593
2016-12-30 22:45:00,12.292
2016-12-30 22:30:00,13.305
2016-12-30 22:15:00,31.452
2016-12-30 22:00:00,30.292
2016-12-30 21:45:00,30.732
2016-12-30 21:30:00,21.586
2016-12-30 21:15:00,12.099
2016-12-30 21:00:00,13.288
2016-12-30 20:45:00,22.551
2016-12-30 20:30:00,31.867
2016-12-30 20:15:00,21.366
2016-12-30 20:00:00,1.765
2016-12-30 19:45:00,1.752
2016-12-30 19:30:00,1.747
2016-12-30 19:15:00,1.733
2016-12-30 19:00:00,1.73
2016-12-30 18:45:00,1.725
2016-12-30 18:30:00,1.749
2016-12-30 18:15:00,-31.303
2016-12-30 18:00:00,-36.981
2016-12-30 17:45:00,-34.508
2016-12-30 17:30:00,-38.363
2016-12-30 17:15:00,-41.541
2016-12-30 17:00:00,26.239
2016-12-30 16:45:00,13.531
2016-12-30 16:30:00,11.809
2016-12-30 16:15:00,8.44
2016-12-30 16:00:00,10.233
2016-12-30 15:45:00,16.587
2016-12-30 15:30:00,8.981
2016-12-30 15:15:00,3.982
2016-12-30 15:00:00,7.335
2016-12-30 14:45:00,5.842
2016-12-30 14:30:00,4.58
2016-12-30 14:15:00,6.014
2016-12-30 14:00:00,10.574
2016-12-30 13:45:00,16.057
2016-12-30 13:30:00,14.528
2016-12-30 13:15:00,14.096
2016-12-30 13:00:00,12.677
2016-12-30 12:45:00,12.512
2016-12-30 12:30:00,8.346
2016-12-30 12:15:00,8.979
2016-12-30 12:00:00,9.253
2016-12-30 11:45:00,0.72
2016-12-30 11:30:00,12.676
2016-12-30 11:15:00,3.826
2016-12-30 11:00:00,1.699
2016-12-30 10:45:00,1.674
2016-12-30 10:30:00,1.662
2016-12-30 10:15:00,1.671
2016-12-30 10:00:00,1.68
2016-12-30 09:45:00,1.685
2016-12-30 09:30:00,1.665
2016-12-30 09:15:00,1.66
2016-12-30 09:00:00,1.657
2016-12-30 08:45:00,1.655
2016-12-30 08:30:00,1.646
2016-12-30 08:15:00,-3.108
2016-12-30 08:00:00,-15.476
2016-12-30 07:45:00,-31.128
2016-12-30 07:30:00,-30.511
2016-12-30 07:15:00,-31.762
2016-12-30 07:00:00,-24.868
2016-12-30 06:45:00,-13.328
2016-12-30 06:30:00,-14.283
2016-12-30 06:15:00,-13.285
2016-12-30 06:00:00,1.371
2016-12-30 05:45:00,1.465
2016-12-30 05:30:00,1.132
2016-12-30 05:15:00,-12.462
2016-12-30 05:00:00,-16.166
2016-12-30 04:45:00,-17.638
2016-12-30 04:30:00,-17.538
2016-12-30 04:15:00,-8.693
2016-12-30 04:00:00,-1.032
2016-12-30 03:45:00,0.959
2016-12-30 03:30:00,-0.8
2016-12-30 03:15:00,-4.045
2016-12-30 03:00:00,-20.114
2016-12-30 02:45:00,-25.031
2016-12-30 02:30:00,-25.597
2016-12-30 02:15:00,-26.009
2016-12-30 02:00:00,-22.054
2016-12-30 01:45:00,-10.352
2016-12-30 01:30:00,-12.566
2016-12-30 01:15:00,-14.952
2016-12-30 01:00:00,-13.047
2016-12-30 00:45:00,-12.964
2016-12-30 00:30:00,-14.027
2016-12-30 00:15:00,-13.895
2016-12-30 00:00:00,-12.905
2016-12-29 23:45:00,-14.819
2016-12-29 23:30:00,-17.849
2016-12-29 23:15:00,-15.583
2016-12-29 23:00:00,-16.026
2016-12-29 22:45:00,-16.607
2016-12-29 22:30:00,-15.736
2016-12-29 22:15:00,-16.116
2016-12-29 22:00:00,-21.807
2016-12-29 21:45:00,-22.294
2016-12-29 21:30:00,-21.595
2016-12-29 21:15:00,-23.65
2016-12-29 21:00:00,-22.558
2016-12-29 20:45:00,-22.933
2016-12-29 20:30:00,-23.762
2016-12-29 20:15:00,-27.596
2016-12-29 20:00:00,-36.698
2016-12-29 19:45:00,-36.172
2016-12-29 19:30:00,-40.647
2016-12-29 19:15:00,-41.303
2016-12-29 19:00:00,-42.059
2016-12-29 18:45:00,-41.51
2016-12-29 18:30:00,-41.005
2016-12-29 18:15:00,-42.422
2016-12-29 18:00:00,-42.05
2016-12-29 17:45:00,-40.888
2016-12-29 17:30:00,-41.27
2016-12-29 17:15:00,-43.909
2016-12-29 17:00:00,-48.87
2016-12-29 16:45:00,-49.669
2016-12-29 16:30:00,-41.341
2016-12-29 16:15:00,-31.648
2016-12-29 16:00:00,-22.034
2016-12-29 15:45:00,-5.65
2016-12-29 15:30:00,2.166
2016-12-29 15:15:00,2.171
2016-12-29 15:00:00,2.18
2016-12-29 14:45:00,2.187
2016-12-29 14:30:00,2.196
2016-12-29 14:15:00,2.209
2016-12-29 14:00:00,2.199
2016-12-29 13:45:00,2.206
2016-12-29 13:30:00,2.221
2016-12-29 13:15:00,2.268
2016-12-29 13:00:00,2.354
2016-12-29 12:45:00,2.404
2016-12-29 12:30:00,2.487
2016-12-29 12:15:00,29.447
2016-12-29 12:00:00,161.334
2016-12-29 11:45:00,156.66
2016-12-29 11:30:00,138.992
2016-12-29 11:15:00,138.745
2016-12-29 11:00:00,137.468
2016-12-29 10:45:00,133.027
2016-12-29 10:30:00,127.248
2016-12-29 10:15:00,127.054
2016-12-29 10:00:00,120.816
2016-12-29 09:45:00,113.342
2016-12-29 09:30:00,103.839
2016-12-29 09:15:00,95.741
2016-12-29 09:00:00,80.566
2016-12-29 08:45:00,50.399
2016-12-29 08:30:00,25.758
2016-12-29 08:15:00,16.499
2016-12-29 08:00:00,2.946
2016-12-29 07:45:00,-11.999
2016-12-29 07:30:00,-21.079
2016-12-29 07:15:00,-21.379
2016-12-29 07:00:00,-23.594
2016-12-29 06:45:00,-22.256
2016-12-29 06:30:00,-22.397
2016-12-29 06:15:00,-22.475
2016-12-29 06:00:00,-6.23
2016-12-29 05:45:00,-5.939
2016-12-29 05:30:00,-7.434
2016-12-29 05:15:00,-7.161
2016-12-29 05:00:00,-5.395
2016-12-29 04:45:00,-4.167
2016-12-29 04:30:00,-4.784
2016-12-29 04:15:00,-8.652
2016-12-29 04:00:00,-7.855
2016-12-29 03:45:00,-5.668
2016-12-29 03:30:00,-7.266
2016-12-29 03:15:00,-8.667
2016-12-29 03:00:00,-9.518
2016-12-29 02:45:00,-7.692
2016-12-29 02:30:00,-8.815
2016-12-29 02:15:00,-12.404
2016-12-29 02:00:00,-13.497
2016-12-29 01:45:00,-14.795
2016-12-29 01:30:00,-14.444
2016-12-29 01:15:00,-16.183
2016-12-29 01:00:00,-15.903
2016-12-29 00:45:00,-18.431
2016-12-29 00:30:00,-18.588
2016-12-29 00:15:00,-17.928
2016-12-29 00:00:00,-18.543
2016-12-28 23:45:00,-20.411
2016-12-28 23:30:00,-20.979
2016-12-28 23:15:00,-18.939
2016-12-28 23:00:00,-20.755
2016-12-28 22:45:00,-22.068
2016-12-28 22:30:00,-23.062
2016-12-28 22:15:00,-21.187
2016-12-28 22:00:00,-22.109
2016-12-28 21:45:00,-23.606
2016-12-28 21:30:00,-22.531
2016-12-28 21:15:00,-25.258
2016-12-28 21:00:00,-23.771
2016-12-28 20:45:00,-24.276
2016-12-28 20:30:00,-23.794
2016-12-28 20:15:00,-28.655
2016-12-28 20:00:00,-38.111
2016-12-28 19:45:00,-36.671
2016-12-28 19:30:00,-36.971
2016-12-28 19:15:00,-38.078
2016-12-28 19:00:00,-36.967
2016-12-28 18:45:00,-37.004
2016-12-28 18:30:00,-38.044
2016-12-28 18:15:00,-38.949
2016-12-28 18:00:00,-37.338
2016-12-28 17:45:00,-40.683
2016-12-28 17:30:00,-45.939
2016-12-28 17:15:00,-53.09
2016-12-28 17:00:00,-48.113
2016-12-28 16:45:00,-49.759
2016-12-28 16:30:00,-62.842
2016-12-28 16:15:00,-47.188
2016-12-28 16:00:00,-27.135
2016-12-28 15:45:00,-3.831
2016-12-28 15:30:00,2.177
2016-12-28 15:15:00,2.188
2016-12-28 15:00:00,2.191
2016-12-28 14:45:00,2.198
2016-12-28 14:30:00,2.215
2016-12-28 14:15:00,2.224
2016-12-28 14:00:00,2.229
2016-12-28 13:45:00,2.3
2016-12-28 13:30:00,2.355
2016-12-28 13:15:00,42.91
2016-12-28 13:00:00,100.744
2016-12-28 12:45:00,75.144
2016-12-28 12:30:00,104.053
2016-12-28 12:15:00,110.185
2016-12-28 12:00:00,103.293
2016-12-28 11:45:00,104.259
2016-12-28 11:30:00,102.343
2016-12-28 11:15:00,97.926
2016-12-28 11:00:00,93.024
2016-12-28 10:45:00,102.908
2016-12-28 10:30:00,120.312
2016-12-28 10:15:00,123.117
2016-12-28 10:00:00,111.551
2016-12-28 09:45:00,103.041
2016-12-28 09:30:00,94.423
2016-12-28 09:15:00,76.457
2016-12-28 09:00:00,51.099
2016-12-28 08:45:00,31.283
2016-12-28 08:30:00,11.628
2016-12-28 08:15:00,1.712
2016-12-28 08:00:00,1.719
2016-12-28 07:45:00,-5.676
2016-12-28 07:30:00,-19.615
2016-12-28 07:15:00,-28.625
2016-12-28 07:00:00,-29.147
2016-12-28 06:45:00,-28.132
2016-12-28 06:30:00,-29.049
2016-12-28 06:15:00,-27.889
2016-12-28 06:00:00,-13.086
2016-12-28 05:45:00,-13.914
2016-12-28 05:30:00,-15.1
2016-12-28 05:15:00,-13.245
2016-12-28 05:00:00,-12.873
2016-12-28 04:45:00,-14.333
2016-12-28 04:30:00,-14.61
2016-12-28 04:15:00,-14.049
2016-12-28 04:00:00,-14.501
2016-12-28 03:45:00,-16.679
2016-12-28 03:30:00,-15.274
2016-12-28 03:15:00,-15.537
2016-12-28 03:00:00,-15.984
2016-12-28 02:45:00,-18.108
2016-12-28 02:30:00,-16.933
2016-12-28 02:15:00,-16.382
2016-12-28 02:00:00,-17.343
2016-12-28 01:45:00,-17.879
2016-12-28 01:30:00,-18.939
2016-12-28 01:15:00,-18.335
2016-12-28 01:00:00,-20.203
2016-12-28 00:45:00,-19.63
2016-12-28 00:30:00,-20.667
2016-12-28 00:15:00,-19.614
2016-12-28 00:00:00,-19.742
2016-12-27 23:45:00,-20.597
2016-12-27 23:30:00,-21.223
2016-12-27 23:15:00,-21.47
2016-12-27 23:00:00,-20.024
2016-12-27 22:45:00,-22.511
2016-12-27 22:30:00,-22.841
2016-12-27 22:15:00,-22.49
2016-12-27 22:00:00,-21.009
2016-12-27 21:45:00,-22.87
2016-12-27 21:30:00,-23.844
2016-12-27 21:15:00,-23.139
2016-12-27 21:00:00,-22.733
2016-12-27 20:45:00,-24.321
2016-12-27 20:30:00,-25.057
2016-12-27 20:15:00,-25.893
2016-12-27 20:00:00,-34.855
2016-12-27 19:45:00,-35.238
2016-12-27 19:30:00,-35.321
2016-12-27 19:15:00,-35.684
2016-12-27 19:00:00,-36.67
2016-12-27 18:45:00,-37.114
2016-12-27 18:30:00,-35.807
2016-12-27 18:15:00,-35.466
2016-12-27 18:00:00,-36.743
2016-12-27 17:45:00,-37.913
2016-12-27 17:30:00,-34.826
2016-12-27 17:15:00,-36.451
2016-12-27 17:00:00,-26.29
2016-12-27 16:45:00,-24.858
2016-12-27 16:30:00,-24.662
2016-12-27 16:15:00,-22.991
2016-12-27 16:00:00,-15.405
2016-12-27 15:45:00,1.875
2016-12-27 15:30:00,2.159
2016-12-27 15:15:00,2.162
2016-12-27 15:00:00,2.172
2016-12-27 14:45:00,2.179
2016-12-27 14:30:00,2.183
2016-12-27 14:15:00,2.194
2016-12-27 14:00:00,2.198
2016-12-27 13:45:00,2.207
2016-12-27 13:30:00,2.204
2016-12-27 13:15:00,2.215
2016-12-27 13:00:00,2.275
2016-12-27 12:45:00,2.328
2016-12-27 12:30:00,2.336
2016-12-27 12:15:00,2.437
2016-12-27 12:00:00,52.347
2016-12-27 11:45:00,155.302
2016-12-27 11:30:00,153.773
2016-12-27 11:15:00,152.642
2016-12-27 11:00:00,151.177
2016-12-27 10:45:00,147.801
2016-12-27 10:30:00,144.433
2016-12-27 10:15:00,144.196
2016-12-27 10:00:00,102.7
2016-12-27 09:45:00,118.049
2016-12-27 09:30:00,110.24
2016-12-27 09:15:00,99.928
2016-12-27 09:00:00,83.345
2016-12-27 08:45:00,48.99
2016-12-27 08:30:00,26.581
2016-12-27 08:15:00,9.233
2016-12-27 08:00:00,-14.386
2016-12-27 07:45:00,-21.083
2016-12-27 07:30:00,-23.318
2016-12-27 07:15:00,-25.735
2016-12-27 07:00:00,-26.23
2016-12-27 06:45:00,-26.186
2016-12-27 06:30:00,-24.086
2016-12-27 06:15:00,-25.359
2016-12-27 06:00:00,-9.79
2016-12-27 05:45:00,-11.319
2016-12-27 05:30:00,-10.912
2016-12-27 05:15:00,-13.744
2016-12-27 05:00:00,-12.225
2016-12-27 04:45:00,-11.232
2016-12-27 04:30:00,-12.374
2016-12-27 04:15:00,-12.591
2016-12-27 04:00:00,-11.696
2016-12-27 03:45:00,-10.874
2016-12-27 03:30:00,-12.024
2016-12-27 03:15:00,-13.187
2016-12-27 03:00:00,-12.147
2016-12-27 02:45:00,-8.957
2016-12-27 02:30:00,-12.595
2016-12-27 02:15:00,-12.927
2016-12-27 02:00:00,-11.568
2016-12-27 01:45:00,-10.608
2016-12-27 01:30:00,-13.081
2016-12-27 01:15:00,-13.775
2016-12-27 01:00:00,-13.96
2016-12-27 00:45:00,-13.183
2016-12-27 00:30:00,-16.003
2016-12-27 00:15:00,-18.511
2016-12-27 00:00:00,-17.758
2016-12-26 23:45:00,-19.128
2016-12-26 23:30:00,-17.887
2016-12-26 23:15:00,-17.561
2016-12-26 23:00:00,-19.035
2016-12-26 22:45:00,-20.937
2016-12-26 22:30:00,-19.738
2016-12-26 22:15:00,-19.449
2016-12-26 22:00:00,-20.87
2016-12-26 21:45:00,-22.204
2016-12-26 21:30:00,-22.834
2016-12-26 21:15:00,-21.361
2016-12-26 21:00:00,-22.791
2016-12-26 20:45:00,-22.638
2016-12-26 20:30:00,-24.338
2016-12-26 20:15:00,-27.988
2016-12-26 20:00:00,-37.883
2016-12-26 19:45:00,-37.423
2016-12-26 19:30:00,-37.417
2016-12-26 19:15:00,-38.926
2016-12-26 19:00:00,-38.441
2016-12-26 18:45:00,-38.106
2016-12-26 18:30:00,-37.058
2016-12-26 18:15:00,-39.599
2016-12-26 18:00:00,-38.776
2016-12-26 17:45:00,-38.422
2016-12-26 17:30:00,-36.794
2016-12-26 17:15:00,-39.066
2016-12-26 17:00:00,-29.525
2016-12-26 16:45:00,-30.94
2016-12-26 16:30:00,-23.232
2016-12-26 16:15:00,-23.072
2016-12-26 16:00:00,-16.913
2016-12-26 15:45:00,1.789
2016-12-26 15:30:00,2.188
2016-12-26 15:15:00,2.175
2016-12-26 15:00:00,2.183
2016-12-26 14:45:00,2.189
2016-12-26 14:30:00,2.192
2016-12-26 14:15:00,2.19
2016-12-26 14:00:00,2.191
2016-12-26 13:45:00,2.191
2016-12-26 13:30:00,2.201
2016-12-26 13:15:00,2.213
2016-12-26 13:00:00,2.225
2016-12-26 12:45:00,2.242
2016-12-26 12:30:00,2.297
2016-12-26 12:15:00,2.349
2016-12-26 12:00:00,2.442
2016-12-26 11:45:00,45.386
2016-12-26 11:30:00,147.763
2016-12-26 11:15:00,132.307
2016-12-26 11:00:00,146.4
2016-12-26 10:45:00,134.652
2016-12-26 10:30:00,117.709
2016-12-26 10:15:00,105.199
2016-12-26 10:00:00,120.301
2016-12-26 09:45:00,102.133
2016-12-26 09:30:00,101.351
2016-12-26 09:15:00,111.523
2016-12-26 09:00:00,105.801
2016-12-26 08:45:00,78.772
2016-12-26 08:30:00,53.132
2016-12-26 08:15:00,18.308
2016-12-26 08:00:00,1.64
2016-12-26 07:45:00,1.6
2016-12-26 07:30:00,1.657
2016-12-26 07:15:00,-2.414
2016-12-26 07:00:00,-7.252
2016-12-26 06:45:00,-4.655
2016-12-26 06:30:00,-6.801
2016-12-26 06:15:00,-12.272
2016-12-26 06:00:00,-12.222
2016-12-26 05:45:00,-11.823
2016-12-26 05:30:00,-12.87
2016-12-26 05:15:00,-11.975
2016-12-26 05:00:00,-11.88
2016-12-26 04:45:00,-12.806
2016-12-26 04:30:00,-13.607
2016-12-26 04:15:00,-15.531
2016-12-26 04:00:00,-16.233
2016-12-26 03:45:00,-18.326
2016-12-26 03:30:00,-18.224
2016-12-26 03:15:00,-18.437
2016-12-26 03:00:00,-17.363
2016-12-26 02:45:00,-18.177
2016-12-26 02:30:00,-19.808
2016-12-26 02:15:00,-19.138
2016-12-26 02:00:00,-16.659
2016-12-26 01:45:00,-18.719
2016-12-26 01:30:00,-20.297
2016-12-26 01:15:00,-18.531
2016-12-26 01:00:00,-18.706
2016-12-26 00:45:00,-20.054
2016-12-26 00:30:00,-21.884
2016-12-26 00:15:00,-20.982
2016-12-26 00:00:00,-20.051
2016-12-25 23:45:00,-20.491
2016-12-25 23:30:00,-21.019
2016-12-25 23:15:00,-20.499
2016-12-25 23:00:00,-22.184
2016-12-25 22:45:00,-22.521
2016-12-25 22:30:00,-21.275
2016-12-25 22:15:00,-21.672
2016-12-25 22:00:00,-23.053
2016-12-25 21:45:00,-21.684
2016-12-25 21:30:00,-21.606
2016-12-25 21:15:00,-22.616
2016-12-25 21:00:00,-23.415
2016-12-25 20:45:00,-23.708
2016-12-25 20:30:00,-21.734
2016-12-25 20:15:00,-24.869
2016-12-25 20:00:00,-25.68
2016-12-25 19:45:00,-25.366
2016-12-25 19:30:00,-26.088
2016-12-25 19:15:00,-27.929
2016-12-25 19:00:00,-30.62
2016-12-25 18:45:00,-31.086
2016-12-25 18:30:00,-29.857
2016-12-25 18:15:00,-30.039
2016-12-25 18:00:00,-30.217
2016-12-25 17:45:00,-30.872
2016-12-25 17:30:00,-30.677
2016-12-25 17:15:00,-30.594
2016-12-25 17:00:00,-26.388
2016-12-25 16:45:00,-24.496
2016-12-25 16:30:00,-24.037
2016-12-25 16:15:00,-6.804
2016-12-25 16:00:00,-0.411
2016-12-25 15:45:00,-7.511
2016-12-25 15:30:00,-1.965
2016-12-25 15:15:00,2.184
2016-12-25 15:00:00,2.188
2016-12-25 14:45:00,2.184
2016-12-25 14:30:00,2.178
2016-12-25 14:15:00,2.18
2016-12-25 14:00:00,2.187
2016-12-25 13:45:00,2.18
2016-12-25 13:30:00,2.192
2016-12-25 13:15:00,2.196
2016-12-25 13:00:00,2.199
2016-12-25 12:45:00,2.21
2016-12-25 12:30:00,2.213
2016-12-25 12:15:00,2.292
2016-12-25 12:00:00,2.339
2016-12-25 11:45:00,2.366
2016-12-25 11:30:00,2.574
2016-12-25 11:15:00,110.595
2016-12-25 11:00:00,141.112
2016-12-25 10:45:00,178.802
2016-12-25 10:30:00,172.262
2016-12-25 10:15:00,170.334
2016-12-25 10:00:00,138.759
2016-12-25 09:45:00,136.857
2016-12-25 09:30:00,101.155
2016-12-25 09:15:00,116.222
2016-12-25 09:00:00,93.848
2016-12-25 08:45:00,81.892
2016-12-25 08:30:00,57.598
2016-12-25 08:15:00,29.947
2016-12-25 08:00:00,8.16
2016-12-25 07:45:00,1.619
2016-12-25 07:30:00,0.406
2016-12-25 07:15:00,0.901
2016-12-25 07:00:00,0.24
2016-12-25 06:45:00,-1.144
2016-12-25 06:30:00,0.197
2016-12-25 06:15:00,-5.121
2016-12-25 06:00:00,-4.9
2016-12-25 05:45:00,-6.552
2016-12-25 05:30:00,-7.36
2016-12-25 05:15:00,-7.03
2016-12-25 05:00:00,-6.05
2016-12-25 04:45:00,-6.651
2016-12-25 04:30:00,-10.012
2016-12-25 04:15:00,-13.004
2016-12-25 04:00:00,-11.132
2016-12-25 03:45:00,-12.37
2016-12-25 03:30:00,-16.043
2016-12-25 03:15:00,-15.701
2016-12-25 03:00:00,-4.636
2016-12-25 02:45:00,1.723
2016-12-25 02:30:00,-8.167
2016-12-25 02:15:00,-17.002
2016-12-25 02:00:00,-18.139
2016-12-25 01:45:00,-18.9
2016-12-25 01:30:00,-21.803
2016-12-25 01:15:00,-20.135
2016-12-25 01:00:00,-24.411
2016-12-25 00:45:00,-11.059
2016-12-25 00:30:00,-8.761
2016-12-25 00:15:00,-23.828
2016-12-25 00:00:00,-28.841
2016-12-24 23:45:00,-28.957
2016-12-24 23:30:00,-28.186
2016-12-24 23:15:00,-29.082
2016-12-24 23:00:00,-22.435
2016-12-24 22:45:00,-15.132
2016-12-24 22:30:00,-19.299
2016-12-24 22:15:00,-30.273
2016-12-24 22:00:00,-30.862
2016-12-24 21:45:00,-32.427
2016-12-24 21:30:00,-31.735
2016-12-24 21:15:00,-30.854
2016-12-24 21:00:00,-15.268
2016-12-24 20:45:00,-16.449
2016-12-24 20:30:00,-26.994
2016-12-24 20:15:00,-33.571
2016-12-24 20:00:00,-34.131
2016-12-24 19:45:00,-33.606
2016-12-24 19:30:00,-21.679
2016-12-24 19:15:00,-22.762
2016-12-24 19:00:00,-30.022
2016-12-24 18:45:00,-37.976
2016-12-24 18:30:00,-40.02
2016-12-24 18:15:00,-41.263
2016-12-24 18:00:00,-35.651
2016-12-24 17:45:00,-23.524
2016-12-24 17:30:00,-23.904
2016-12-24 17:15:00,-29.882
2016-12-24 17:00:00,-40.26
2016-12-24 16:45:00,-35.153
2016-12-24 16:30:00,-32.249
2016-12-24 16:15:00,-16.287
2016-12-24 16:00:00,-11.464
2016-12-24 15:45:00,-4.236
2016-12-24 15:30:00,-19.497
2016-12-24 15:15:00,-2.79
2016-12-24 15:00:00,2.791
2016-12-24 14:45:00,2.223
2016-12-24 14:30:00,2.705
2016-12-24 14:15:00,2.634
2016-12-24 14:00:00,2.234
2016-12-24 13:45:00,2.243
2016-12-24 13:30:00,3.417
2016-12-24 13:15:00,2.92
2016-12-24 13:00:00,2.232
2016-12-24 12:45:00,3.298
2016-12-24 12:30:00,2.204
2016-12-24 12:15:00,2.79
2016-12-24 12:00:00,2.203
2016-12-24 11:45:00,3.278
2016-12-24 11:30:00,3.144
2016-12-24 11:15:00,2.215
2016-12-24 11:00:00,4.09
2016-12-24 10:45:00,3.173
2016-12-24 10:30:00,3.521
2016-12-24 10:15:00,3.956
2016-12-24 10:00:00,5.646
2016-12-24 09:45:00,7.694
2016-12-24 09:30:00,17.819
2016-12-24 09:15:00,101.327
2016-12-24 09:00:00,66.465
2016-12-24 08:45:00,63.427
2016-12-24 08:30:00,92.183
2016-12-24 08:15:00,76.659
2016-12-24 08:00:00,55.959
2016-12-24 07:45:00,31.368
2016-12-24 07:30:00,34.025
2016-12-24 07:15:00,32.0
2016-12-24 07:00:00,29.239
2016-12-24 06:45:00,47.667
2016-12-24 06:30:00,46.822
2016-12-24 06:15:00,26.968
2016-12-24 06:00:00,22.929
2016-12-24 05:45:00,21.155
2016-12-24 05:30:00,20.037
2016-12-24 05:15:00,27.945
2016-12-24 05:00:00,37.808
2016-12-24 04:45:00,39.191
2016-12-24 04:30:00,25.319
2016-12-24 04:15:00,19.325
2016-12-24 04:00:00,19.797
2016-12-24 03:45:00,19.231
2016-12-24 03:30:00,31.83
2016-12-24 03:15:00,38.379
2016-12-24 03:00:00,38.581
2016-12-24 02:45:00,22.541
2016-12-24 02:30:00,13.681
2016-12-24 02:15:00,24.742
2016-12-24 02:00:00,34.785
2016-12-24 01:45:00,33.867
2016-12-24 01:30:00,33.813
2016-12-24 01:15:00,20.443
2016-12-24 01:00:00,14.737
2016-12-24 00:45:00,16.584
2016-12-24 00:30:00,27.171
2016-12-24 00:15:00,34.184
2016-12-24 00:00:00,34.188
2016-12-23 23:45:00,24.785
2016-12-23 23:30:00,13.883
2016-12-23 23:15:00,15.747
2016-12-23 23:00:00,32.082
2016-12-23 22:45:00,33.521
2016-12-23 22:30:00,33.898
2016-12-23 22:15:00,31.39
2016-12-23 22:00:00,12.916
2016-12-23 21:45:00,14.541
2016-12-23 21:30:00,25.275
2016-12-23 21:15:00,34.149
2016-12-23 21:00:00,33.935
2016-12-23 20:45:00,33.404
2016-12-23 20:30:00,25.614
2016-12-23 20:15:00,10.01
2016-12-23 20:00:00,1.753
2016-12-23 19:45:00,1.749
2016-12-23 19:30:00,1.747
2016-12-23 19:15:00,1.752
2016-12-23 19:00:00,-18.06
2016-12-23 18:45:00,-39.904
2016-12-23 18:30:00,-51.098
2016-12-23 18:15:00,-47.759
2016-12-23 18:00:00,-34.087
2016-12-23 17:45:00,-34.013
2016-12-23 17:30:00,-34.823
2016-12-23 17:15:00,-30.719
2016-12-23 17:00:00,34.755
2016-12-23 16:45:00,22.784
2016-12-23 16:30:00,5.531
2016-12-23 16:15:00,1.347
2016-12-23 16:00:00,-6.211
2016-12-23 15:45:00,-0.647
2016-12-23 15:30:00,13.851
2016-12-23 15:15:00,-3.125
2016-12-23 15:00:00,8.108
2016-12-23 14:45:00,4.216
2016-12-23 14:30:00,5.185
2016-12-23 14:15:00,11.37
2016-12-23 14:00:00,7.121
2016-12-23 13:45:00,3.797
2016-12-23 13:30:00,23.958
2016-12-23 13:15:00,41.51
2016-12-23 13:00:00,76.696
2016-12-23 12:45:00,35.787
2016-12-23 12:30:00,24.467
2016-12-23 12:15:00,22.512
2016-12-23 12:00:00,8.835
2016-12-23 11:45:00,10.235
2016-12-23 11:30:00,1.765
2016-12-23 11:15:00,1.764
2016-12-23 11:00:00,1.749
2016-12-23 10:45:00,1.757
2016-12-23 10:30:00,-11.087
2016-12-23 10:15:00,-3.109
2016-12-23 10:00:00,1.449
2016-12-23 09:45:00,12.413
2016-12-23 09:30:00,9.758
2016-12-23 09:15:00,6.007
2016-12-23 09:00:00,1.803
2016-12-23 08:45:00,1.725
2016-12-23 08:30:00,1.68
2016-12-23 08:15:00,1.679
2016-12-23 08:00:00,1.666
2016-12-23 07:45:00,1.654
2016-12-23 07:30:00,1.66
2016-12-23 07:15:00,1.662
2016-12-23 07:00:00,1.644
2016-12-23 06:45:00,-16.151
2016-12-23 06:30:00,-15.867
2016-12-23 06:15:00,-12.246
2016-12-23 06:00:00,-13.052
2016-12-23 05:45:00,-16.232
2016-12-23 05:30:00,-14.836
2016-12-23 05:15:00,-6.214
2016-12-23 05:00:00,-15.049
2016-12-23 04:45:00,-18.008
2016-12-23 04:30:00,0.494
2016-12-23 04:15:00,0.725
2016-12-23 04:00:00,1.003
2016-12-23 03:45:00,0.268
2016-12-23 03:30:00,0.271
2016-12-23 03:15:00,-0.013
2016-12-23 03:00:00,-1.267
2016-12-23 02:45:00,-17.463
2016-12-23 02:30:00,-22.447
2016-12-23 02:15:00,-13.433
2016-12-23 02:00:00,-6.891
2016-12-23 01:45:00,-6.096
2016-12-23 01:30:00,-7.227
2016-12-23 01:15:00,-7.436
2016-12-23 01:00:00,-4.943
2016-12-23 00:45:00,-17.355
2016-12-23 00:30:00,-27.161
2016-12-23 00:15:00,-18.205
2016-12-23 00:00:00,-12.138
2016-12-22 23:45:00,-10.541
2016-12-22 23:30:00,-12.215
2016-12-22 23:15:00,-12.508
2016-12-22 23:00:00,-10.945
2016-12-22 22:45:00,-10.432
2016-12-22 22:30:00,-28.616
2016-12-22 22:15:00,-31.853
2016-12-22 22:00:00,-15.646
2016-12-22 21:45:00,-16.624
2016-12-22 21:30:00,-18.018
2016-12-22 21:15:00,-16.255
2016-12-22 21:00:00,-16.157
2016-12-22 20:45:00,-17.624
2016-12-22 20:30:00,-18.012
2016-12-22 20:15:00,-23.756
2016-12-22 20:00:00,-37.333
2016-12-22 19:45:00,-52.063
2016-12-22 19:30:00,-53.879
2016-12-22 19:15:00,-38.692
2016-12-22 19:00:00,-38.952
2016-12-22 18:45:00,-39.367
2016-12-22 18:30:00,-39.731
2016-12-22 18:15:00,-39.068
2016-12-22 18:00:00,-40.154
2016-12-22 17:45:00,-40.473
2016-12-22 17:30:00,-38.499
2016-12-22 17:15:00,-49.891
2016-12-22 17:00:00,-46.44
2016-12-22 16:45:00,-36.94
2016-12-22 16:30:00,-40.46
2016-12-22 16:15:00,-45.524
2016-12-22 16:00:00,-58.132
2016-12-22 15:45:00,-51.579
2016-12-22 15:30:00,-48.808
2016-12-22 15:15:00,-45.623
2016-12-22 15:00:00,2.413
2016-12-22 14:45:00,2.836
2016-12-22 14:30:00,2.738
2016-12-22 14:15:00,3.341
2016-12-22 14:00:00,3.643
2016-12-22 13:45:00,2.273
2016-12-22 13:30:00,2.455
2016-12-22 13:15:00,3.104
2016-12-22 13:00:00,4.027
2016-12-22 12:45:00,1.702
2016-12-22 12:30:00,2.295
2016-12-22 12:15:00,1.997
2016-12-22 12:00:00,2.926
2016-12-22 11:45:00,3.424
2016-12-22 11:30:00,4.233
2016-12-22 11:15:00,4.149
2016-12-22 11:00:00,7.195
2016-12-22 10:45:00,17.315
2016-12-22 10:30:00,2.555
2016-12-22 10:15:00,4.546
2016-12-22 10:00:00,2.495
2016-12-22 09:45:00,10.596
2016-12-22 09:30:00,10.759
2016-12-22 09:15:00,10.875
2016-12-22 09:00:00,3.829
2016-12-22 08:45:00,2.969
2016-12-22 08:30:00,4.087
2016-12-22 08:15:00,3.402
2016-12-22 08:00:00,17.843
2016-12-22 07:45:00,19.674
2016-12-22 07:30:00,19.957
2016-12-22 07:15:00,19.619
2016-12-22 07:00:00,19.067
2016-12-22 06:45:00,21.391
2016-12-22 06:30:00,9.028
2016-12-22 06:15:00,2.693
2016-12-22 06:00:00,5.615
2016-12-22 05:45:00,22.654
2016-12-22 05:30:00,22.479
2016-12-22 05:15:00,32.579
2016-12-22 05:00:00,43.007
2016-12-22 04:45:00,44.512
2016-12-22 04:30:00,44.505
2016-12-22 04:15:00,43.3
2016-12-22 04:00:00,32.55
2016-12-22 03:45:00,24.751
2016-12-22 03:30:00,23.51
2016-12-22 03:15:00,40.213
2016-12-22 03:00:00,43.257
2016-12-22 02:45:00,44.474
2016-12-22 02:30:00,42.568
2016-12-22 02:15:00,42.909
2016-12-22 02:00:00,42.832
2016-12-22 01:45:00,44.052
2016-12-22 01:30:00,43.258
2016-12-22 01:15:00,41.396
2016-12-22 01:00:00,43.515
2016-12-22 00:45:00,43.57
2016-12-22 00:30:00,42.571
2016-12-22 00:15:00,43.333
2016-12-22 00:00:00,44.04
2016-12-21 23:45:00,43.206
2016-12-21 23:30:00,43.41
2016-12-21 23:15:00,41.968
2016-12-21 23:00:00,43.732
2016-12-21 22:45:00,43.077
2016-12-21 22:30:00,42.213
2016-12-21 22:15:00,43.689
2016-12-21 22:00:00,43.989
2016-12-21 21:45:00,42.862
2016-12-21 21:30:00,42.772
2016-12-21 21:15:00,42.517
2016-12-21 21:00:00,42.951
2016-12-21 20:45:00,42.839
2016-12-21 20:30:00,42.768
2016-12-21 20:15:00,29.685
2016-12-21 20:00:00,-8.191
2016-12-21 19:45:00,-25.462
2016-12-21 19:30:00,-24.869
2016-12-21 19:15:00,-24.792
2016-12-21 19:00:00,-25.712
2016-12-21 18:45:00,-30.47
2016-12-21 18:30:00,-31.809
2016-12-21 18:15:00,-38.296
2016-12-21 18:00:00,-39.344
2016-12-21 17:45:00,-38.801
2016-12-21 17:30:00,-39.171
2016-12-21 17:15:00,-39.239
2016-12-21 17:00:00,9.027
2016-12-21 16:45:00,-23.041
2016-12-21 16:30:00,-39.168
2016-12-21 16:15:00,-40.065
2016-12-21 16:00:00,-25.959
2016-12-21 15:45:00,-14.311
2016-12-21 15:30:00,14.211
2016-12-21 15:15:00,2.213
2016-12-21 15:00:00,81.773
2016-12-21 14:45:00,87.742
2016-12-21 14:30:00,18.218
2016-12-21 14:15:00,1.648
2016-12-21 14:00:00,4.554
2016-12-21 13:45:00,6.875
2016-12-21 13:30:00,10.051
2016-12-21 13:15:00,20.091
2016-12-21 13:00:00,35.962
2016-12-21 12:45:00,106.637
2016-12-21 12:30:00,84.174
2016-12-21 12:15:00,54.221
2016-12-21 12:00:00,30.636
2016-12-21 11:45:00,25.391
2016-12-21 11:30:00,20.773
2016-12-21 11:15:00,10.42
2016-12-21 11:00:00,1.676
2016-12-21 10:45:00,1.672
2016-12-21 10:30:00,1.658
2016-12-21 10:15:00,0.328
2016-12-21 10:00:00,2.761
2016-12-21 09:45:00,2.955
2016-12-21 09:30:00,1.646
2016-12-21 09:15:00,1.664
2016-12-21 09:00:00,1.671
2016-12-21 08:45:00,1.659
2016-12-21 08:30:00,1.66
2016-12-21 08:15:00,1.646
2016-12-21 08:00:00,1.655
2016-12-21 07:45:00,1.644
2016-12-21 07:30:00,1.636
2016-12-21 07:15:00,-14.367
2016-12-21 07:00:00,-19.457
2016-12-21 06:45:00,-35.066
2016-12-21 06:30:00,-25.319
2016-12-21 06:15:00,-22.465
2016-12-21 06:00:00,-22.034
2016-12-21 05:45:00,-23.351
2016-12-21 05:30:00,-23.908
2016-12-21 05:15:00,-10.186
2016-12-21 05:00:00,-2.235
2016-12-21 04:45:00,0.105
2016-12-21 04:30:00,-0.731
2016-12-21 04:15:00,-3.24
2016-12-21 04:00:00,-2.915
2016-12-21 03:45:00,-6.936
2016-12-21 03:30:00,-21.921
2016-12-21 03:15:00,-24.747
2016-12-21 03:00:00,-27.028
2016-12-21 02:45:00,-26.476
2016-12-21 02:30:00,-15.838
2016-12-21 02:15:00,-13.555
2016-12-21 02:00:00,-16.039
2016-12-21 01:45:00,-15.055
2016-12-21 01:30:00,-15.052
2016-12-21 01:15:00,-16.445
2016-12-21 01:00:00,-17.781
2016-12-21 00:45:00,-19.336
2016-12-21 00:30:00,-18.557
2016-12-21 00:15:00,-20.186
2016-12-21 00:00:00,-19.604
2016-12-20 23:45:00,-20.541
2016-12-20 23:30:00,-21.081
2016-12-20 23:15:00,-20.863
2016-12-20 23:00:00,-20.836
2016-12-20 22:45:00,-20.85
2016-12-20 22:30:00,-23.744
2016-12-20 22:15:00,-23.351
2016-12-20 22:00:00,-23.367
2016-12-20 21:45:00,-20.518
2016-12-20 21:30:00,-24.106
2016-12-20 21:15:00,-24.68
2016-12-20 21:00:00,-25.753
2016-12-20 20:45:00,-23.371
2016-12-20 20:30:00,-24.78
2016-12-20 20:15:00,-29.599
2016-12-20 20:00:00,-36.291
2016-12-20 19:45:00,-35.616
2016-12-20 19:30:00,-36.25
2016-12-20 19:15:00,-36.365
2016-12-20 19:00:00,-36.308
2016-12-20 18:45:00,-38.316
2016-12-20 18:30:00,-36.214
2016-12-20 18:15:00,-36.92
2016-12-20 18:00:00,-36.897
2016-12-20 17:45:00,-38.188
2016-12-20 17:30:00,-41.981
2016-12-20 17:15:00,-41.61
2016-12-20 17:00:00,-31.155
2016-12-20 16:45:00,-35.927
2016-12-20 16:30:00,-34.131
2016-12-20 16:15:00,-26.582
2016-12-20 16:00:00,-27.993
2016-12-20 15:45:00,-13.14
2016-12-20 15:30:00,-0.456
2016-12-20 15:15:00,-4.976
2016-12-20 15:00:00,2.218
2016-12-20 14:45:00,2.267
2016-12-20 14:30:00,2.341
2016-12-20 14:15:00,25.816
2016-12-20 14:00:00,106.034
2016-12-20 13:45:00,108.657
2016-12-20 13:30:00,108.668
2016-12-20 13:15:00,106.235
2016-12-20 13:00:00,120.707
2016-12-20 12:45:00,102.423
2016-12-20 12:30:00,105.041
2016-12-20 12:15:00,102.546
2016-12-20 12:00:00,104.563
2016-12-20 11:45:00,106.322
2016-12-20 11:30:00,99.525
2016-12-20 11:15:00,94.355
2016-12-20 11:00:00,91.073
2016-12-20 10:45:00,74.152
2016-12-20 10:30:00,72.157
2016-12-20 10:15:00,56.897
2016-12-20 10:00:00,68.791
2016-12-20 09:45:00,62.024
2016-12-20 09:30:00,36.351
2016-12-20 09:15:00,8.303
2016-12-20 09:00:00,2.346
2016-12-20 08:45:00,1.678
2016-12-20 08:30:00,1.667
2016-12-20 08:15:00,1.657
2016-12-20 08:00:00,1.667
2016-12-20 07:45:00,1.67
2016-12-20 07:30:00,1.65
2016-12-20 07:15:00,1.645
2016-12-20 07:00:00,1.665
2016-12-20 06:45:00,-14.034
2016-12-20 06:30:00,-20.052
2016-12-20 06:15:00,-22.863
2016-12-20 06:00:00,-22.236
2016-12-20 05:45:00,-21.268
2016-12-20 05:30:00,-19.634
2016-12-20 05:15:00,-4.915
2016-12-20 05:00:00,-4.458
2016-12-20 04:45:00,-5.477
2016-12-20 04:30:00,-4.476
2016-12-20 04:15:00,-6.625
2016-12-20 04:00:00,-6.956
2016-12-20 03:45:00,-7.265
2016-12-20 03:30:00,-7.492
2016-12-20 03:15:00,-8.616
2016-12-20 03:00:00,-9.74
2016-12-20 02:45:00,-9.296
2016-12-20 02:30:00,-9.194
2016-12-20 02:15:00,-10.658
2016-12-20 02:00:00,-14.387
2016-12-20 01:45:00,-15.517
2016-12-20 01:30:00,-13.386
2016-12-20 01:15:00,-12.885
2016-12-20 01:00:00,-16.692
2016-12-20 00:45:00,-15.916
2016-12-20 00:30:00,-15.341
2016-12-20 00:15:00,-16.153
2016-12-20 00:00:00,-18.092
2016-12-19 23:45:00,-18.303
2016-12-19 23:30:00,-17.211
2016-12-19 23:15:00,-18.301
2016-12-19 23:00:00,-18.316
2016-12-19 22:45:00,-18.244
2016-12-19 22:30:00,-20.545
2016-12-19 22:15:00,-20.374
2016-12-19 22:00:00,-20.373
2016-12-19 21:45:00,-20.308
2016-12-19 21:30:00,-22.109
2016-12-19 21:15:00,-22.7
2016-12-19 21:00:00,-21.064
2016-12-19 20:45:00,-21.616
2016-12-19 20:30:00,-21.817
2016-12-19 20:15:00,-29.559
2016-12-19 20:00:00,-38.559
2016-12-19 19:45:00,-39.813
2016-12-19 19:30:00,-39.821
2016-12-19 19:15:00,-39.37
2016-12-19 19:00:00,-40.399
2016-12-19 18:45:00,-45.58
2016-12-19 18:30:00,-47.52
2016-12-19 18:15:00,-48.294
2016-12-19 18:00:00,-44.214
2016-12-19 17:45:00,-49.729
2016-12-19 17:30:00,-50.798
2016-12-19 17:15:00,-51.194
2016-12-19 17:00:00,-45.049
2016-12-19 16:45:00,-35.793
2016-12-19 16:30:00,-41.383
2016-12-19 16:15:00,-53.31
2016-12-19 16:00:00,-53.512
2016-12-19 15:45:00,-35.272
2016-12-19 15:30:00,-7.734
2016-12-19 15:15:00,2.174
2016-12-19 15:00:00,2.192
2016-12-19 14:45:00,2.207
2016-12-19 14:30:00,2.222
2016-12-19 14:15:00,2.225
2016-12-19 14:00:00,2.233
2016-12-19 13:45:00,2.23
2016-12-19 13:30:00,2.23
2016-12-19 13:15:00,2.249
2016-12-19 13:00:00,2.311
2016-12-19 12:45:00,2.373
2016-12-19 12:30:00,2.427
2016-12-19 12:15:00,24.529
2016-12-19 12:00:00,143.42
2016-12-19 11:45:00,143.74
2016-12-19 11:30:00,139.934
2016-12-19 11:15:00,142.584
2016-12-19 11:00:00,138.667
2016-12-19 10:45:00,136.623
2016-12-19 10:30:00,131.181
2016-12-19 10:15:00,130.021
2016-12-19 10:00:00,124.957
2016-12-19 09:45:00,117.123
2016-12-19 09:30:00,109.431
2016-12-19 09:15:00,96.312
2016-12-19 09:00:00,85.584
2016-12-19 08:45:00,55.027
2016-12-19 08:30:00,23.781
2016-12-19 08:15:00,14.439
2016-12-19 08:00:00,2.062
2016-12-19 07:45:00,1.669
2016-12-19 07:30:00,-3.893
2016-12-19 07:15:00,-9.803
2016-12-19 07:00:00,-17.542
2016-12-19 06:45:00,-23.689
2016-12-19 06:30:00,-23.804
2016-12-19 06:15:00,-25.53
2016-12-19 06:00:00,-27.339
2016-12-19 05:45:00,-27.298
2016-12-19 05:30:00,-29.471
2016-12-19 05:15:00,-13.994
2016-12-19 05:00:00,-12.141
2016-12-19 04:45:00,-11.431
2016-12-19 04:30:00,-11.775
2016-12-19 04:15:00,-15.116
2016-12-19 04:00:00,-14.57
2016-12-19 03:45:00,-12.699
2016-12-19 03:30:00,-15.191
2016-12-19 03:15:00,-15.974
2016-12-19 03:00:00,-14.305
2016-12-19 02:45:00,-14.679
2016-12-19 02:30:00,-17.437
2016-12-19 02:15:00,-19.49
2016-12-19 02:00:00,-21.887
2016-12-19 01:45:00,-20.777
2016-12-19 01:30:00,-21.827
2016-12-19 01:15:00,-23.94
2016-12-19 01:00:00,-22.072
2016-12-19 00:45:00,-21.585
2016-12-19 00:30:00,-22.409
2016-12-19 00:15:00,-23.887
2016-12-19 00:00:00,-21.557
2016-12-18 23:45:00,-21.47
2016-12-18 23:30:00,-23.235
2016-12-18 23:15:00,-24.205
2016-12-18 23:00:00,-22.769
2016-12-18 22:45:00,-23.794
2016-12-18 22:30:00,-23.933
2016-12-18 22:15:00,-24.38
2016-12-18 22:00:00,-24.014
2016-12-18 21:45:00,-25.29
2016-12-18 21:30:00,-24.622
2016-12-18 21:15:00,-24.85
2016-12-18 21:00:00,-25.416
2016-12-18 20:45:00,-26.096
2016-12-18 20:30:00,-24.648
2016-12-18 20:15:00,-26.475
2016-12-18 20:00:00,-27.932
2016-12-18 19:45:00,-28.449
2016-12-18 19:30:00,-28.895
2016-12-18 19:15:00,-29.731
2016-12-18 19:00:00,-32.001
2016-12-18 18:45:00,-32.918
2016-12-18 18:30:00,-31.05
2016-12-18 18:15:00,-31.25
2016-12-18 18:00:00,-31.464
2016-12-18 17:45:00,-32.082
2016-12-18 17:30:00,-29.769
2016-12-18 17:15:00,-32.234
2016-12-18 17:00:00,-31.889
2016-12-18 16:45:00,-30.763
2016-12-18 16:30:00,-27.158
2016-12-18 16:15:00,-27.102
2016-12-18 16:00:00,-25.017
2016-12-18 15:45:00,-4.557
2016-12-18 15:30:00,2.164
2016-12-18 15:15:00,2.167
2016-12-18 15:00:00,2.163
2016-12-18 14:45:00,2.171
2016-12-18 14:30:00,2.17
2016-12-18 14:15:00,2.169
2016-12-18 14:00:00,2.189
2016-12-18 13:45:00,2.187
2016-12-18 13:30:00,2.195
2016-12-18 13:15:00,2.195
2016-12-18 13:00:00,2.215
2016-12-18 12:45:00,2.235
2016-12-18 12:30:00,2.234
2016-12-18 12:15:00,2.283
2016-12-18 12:00:00,2.336
2016-12-18 11:45:00,2.358
2016-12-18 11:30:00,2.45
2016-12-18 11:15:00,2.675
2016-12-18 11:00:00,177.392
2016-12-18 10:45:00,176.515
2016-12-18 10:30:00,172.552
2016-12-18 10:15:00,167.96
2016-12-18 10:00:00,159.39
2016-12-18 09:45:00,151.442
2016-12-18 09:30:00,142.606
2016-12-18 09:15:00,132.879
2016-12-18 09:00:00,119.743
2016-12-18 08:45:00,88.38
2016-12-18 08:30:00,59.347
2016-12-18 08:15:00,48.935
2016-12-18 08:00:00,13.87
2016-12-18 07:45:00,-1.14
2016-12-18 07:30:00,-2.41
2016-12-18 07:15:00,-2.788
2016-12-18 07:00:00,-7.497
2016-12-18 06:45:00,-9.297
2016-12-18 06:30:00,-6.221
2016-12-18 06:15:00,-11.135
2016-12-18 06:00:00,-15.801
2016-12-18 05:45:00,-13.939
2016-12-18 05:30:00,-12.793
2016-12-18 05:15:00,-13.391
2016-12-18 05:00:00,-13.055
2016-12-18 04:45:00,-13.527
2016-12-18 04:30:00,-13.603
2016-12-18 04:15:00,-15.997
2016-12-18 04:00:00,-16.018
2016-12-18 03:45:00,-16.944
2016-12-18 03:30:00,-19.148
2016-12-18 03:15:00,-19.079
2016-12-18 03:00:00,-19.557
2016-12-18 02:45:00,-21.755
2016-12-18 02:30:00,-20.968
2016-12-18 02:15:00,-22.241
2016-12-18 02:00:00,-21.58
2016-12-18 01:45:00,-23.125
2016-12-18 01:30:00,-25.134
2016-12-18 01:15:00,-24.898
2016-12-18 01:00:00,-23.252
2016-12-18 00:45:00,-25.561
2016-12-18 00:30:00,-27.193
2016-12-18 00:15:00,-27.408
2016-12-18 00:00:00,-26.007
2016-12-17 23:45:00,-29.077
2016-12-17 23:30:00,-29.355
2016-12-17 23:15:00,-27.93
2016-12-17 23:00:00,-27.762
2016-12-17 22:45:00,-25.582
2016-12-17 22:30:00,-15.823
2016-12-17 22:15:00,-20.275
2016-12-17 22:00:00,-29.978
2016-12-17 21:45:00,-34.696
2016-12-17 21:30:00,-32.553
2016-12-17 21:15:00,-31.937
2016-12-17 21:00:00,-32.405
2016-12-17 20:45:00,-28.732
2016-12-17 20:30:00,-19.285
2016-12-17 20:15:00,-18.824
2016-12-17 20:00:00,-30.73
2016-12-17 19:45:00,-38.523
2016-12-17 19:30:00,-37.616
2016-12-17 19:15:00,-26.707
2016-12-17 19:00:00,-21.045
2016-12-17 18:45:00,-22.542
2016-12-17 18:30:00,-21.407
2016-12-17 18:15:00,-21.426
2016-12-17 18:00:00,-21.329
2016-12-17 17:45:00,-20.237
2016-12-17 17:30:00,-21.938
2016-12-17 17:15:00,-21.987
2016-12-17 17:00:00,-16.628
2016-12-17 16:45:00,-13.584
2016-12-17 16:30:00,-16.274
2016-12-17 16:15:00,-17.275
2016-12-17 16:00:00,-10.732
2016-12-17 15:45:00,2.194
2016-12-17 15:30:00,2.595
2016-12-17 15:15:00,2.167
2016-12-17 15:00:00,2.162
2016-12-17 14:45:00,3.167
2016-12-17 14:30:00,2.173
2016-12-17 14:15:00,2.172
2016-12-17 14:00:00,3.455
2016-12-17 13:45:00,2.185
2016-12-17 13:30:00,3.215
2016-12-17 13:15:00,2.189
2016-12-17 13:00:00,2.764
2016-12-17 12:45:00,2.192
2016-12-17 12:30:00,3.241
2016-12-17 12:15:00,2.174
2016-12-17 12:00:00,3.771
2016-12-17 11:45:00,2.183
2016-12-17 11:30:00,2.182
2016-12-17 11:15:00,3.329
2016-12-17 11:00:00,3.229
2016-12-17 10:45:00,2.189
2016-12-17 10:30:00,4.523
2016-12-17 10:15:00,3.309
2016-12-17 10:00:00,3.378
2016-12-17 09:45:00,4.461
2016-12-17 09:30:00,5.767
2016-12-17 09:15:00,8.688
2016-12-17 09:00:00,64.971
2016-12-17 08:45:00,141.554
2016-12-17 08:30:00,110.783
2016-12-17 08:15:00,98.889
2016-12-17 08:00:00,62.592
2016-12-17 07:45:00,38.494
2016-12-17 07:30:00,37.316
2016-12-17 07:15:00,33.447
2016-12-17 07:00:00,31.619
2016-12-17 06:45:00,32.711
2016-12-17 06:30:00,31.55
2016-12-17 06:15:00,24.2
2016-12-17 06:00:00,25.699
2016-12-17 05:45:00,25.501
2016-12-17 05:30:00,23.154
2016-12-17 05:15:00,22.936
2016-12-17 05:00:00,25.783
2016-12-17 04:45:00,21.774
2016-12-17 04:30:00,23.226
2016-12-17 04:15:00,24.071
2016-12-17 04:00:00,24.846
2016-12-17 03:45:00,22.269
2016-12-17 03:30:00,23.453
2016-12-17 03:15:00,35.179
2016-12-17 03:00:00,41.625
2016-12-17 02:45:00,32.739
2016-12-17 02:30:00,22.697
2016-12-17 02:15:00,23.654
2016-12-17 02:00:00,25.03
2016-12-17 01:45:00,29.583
2016-12-17 01:30:00,36.616
2016-12-17 01:15:00,38.176
2016-12-17 01:00:00,27.899
2016-12-17 00:45:00,18.312
2016-12-17 00:30:00,19.108
2016-12-17 00:15:00,27.414
2016-12-17 00:00:00,37.988
2016-12-16 23:45:00,36.565
2016-12-16 23:30:00,22.396
2016-12-16 23:15:00,19.593
2016-12-16 23:00:00,19.181
2016-12-16 22:45:00,21.481
2016-12-16 22:30:00,37.904
2016-12-16 22:15:00,36.699
2016-12-16 22:00:00,21.46
2016-12-16 21:45:00,20.32
2016-12-16 21:30:00,20.737
2016-12-16 21:15:00,34.262
2016-12-16 21:00:00,37.209
2016-12-16 20:45:00,31.38
2016-12-16 20:30:00,19.292
2016-12-16 20:15:00,12.165
2016-12-16 20:00:00,1.837
2016-12-16 19:45:00,1.832
2016-12-16 19:30:00,1.82
2016-12-16 19:15:00,1.845
2016-12-16 19:00:00,1.843
2016-12-16 18:45:00,1.843
2016-12-16 18:30:00,1.841
2016-12-16 18:15:00,1.847
2016-12-16 18:00:00,1.841
2016-12-16 17:45:00,-25.885
2016-12-16 17:30:00,-38.507
2016-12-16 17:15:00,-35.862
2016-12-16 17:00:00,16.66
2016-12-16 16:45:00,10.66
2016-12-16 16:30:00,8.05
2016-12-16 16:15:00,13.125
2016-12-16 16:00:00,15.107
2016-12-16 15:45:00,21.118
2016-12-16 15:30:00,8.058
2016-12-16 15:15:00,-6.433
2016-12-16 15:00:00,21.18
2016-12-16 14:45:00,11.909
2016-12-16 14:30:00,18.042
2016-12-16 14:15:00,-0.066
2016-12-16 14:00:00,3.884
2016-12-16 13:45:00,1.754
2016-12-16 13:30:00,1.978
2016-12-16 13:15:00,1.743
2016-12-16 13:00:00,0.048
2016-12-16 12:45:00,-6.226
2016-12-16 12:30:00,-11.23
2016-12-16 12:15:00,1.592
2016-12-16 12:00:00,6.769
2016-12-16 11:45:00,2.051
2016-12-16 11:30:00,4.226
2016-12-16 11:15:00,17.306
2016-12-16 11:00:00,7.32
2016-12-16 10:45:00,1.692
2016-12-16 10:30:00,1.694
2016-12-16 10:15:00,1.701
2016-12-16 10:00:00,1.707
2016-12-16 09:45:00,1.715
2016-12-16 09:30:00,1.714
2016-12-16 09:15:00,1.689
2016-12-16 09:00:00,1.675
2016-12-16 08:45:00,1.678
2016-12-16 08:30:00,1.683
2016-12-16 08:15:00,1.666
2016-12-16 08:00:00,1.665
2016-12-16 07:45:00,1.69
2016-12-16 07:30:00,1.67
2016-12-16 07:15:00,1.682
2016-12-16 07:00:00,1.706
2016-12-16 06:45:00,1.685
2016-12-16 06:30:00,1.635
2016-12-16 06:15:00,1.63
2016-12-16 06:00:00,1.597
2016-12-16 05:45:00,1.614
2016-12-16 05:30:00,1.611
2016-12-16 05:15:00,1.643
2016-12-16 05:00:00,1.646
2016-12-16 04:45:00,1.623
2016-12-16 04:30:00,1.617
2016-12-16 04:15:00,1.615
2016-12-16 04:00:00,1.635
2016-12-16 03:45:00,1.638
2016-12-16 03:30:00,1.643
2016-12-16 03:15:00,1.654
2016-12-16 03:00:00,1.661
2016-12-16 02:45:00,1.657
2016-12-16 02:30:00,1.677
2016-12-16 02:15:00,1.68
2016-12-16 02:00:00,1.702
2016-12-16 01:45:00,1.712
2016-12-16 01:30:00,1.698
2016-12-16 01:15:00,1.691
2016-12-16 01:00:00,1.699
2016-12-16 00:45:00,1.697
2016-12-16 00:30:00,1.697
2016-12-16 00:15:00,1.696
2016-12-16 00:00:00,1.696
2016-12-15 23:45:00,1.721
2016-12-15 23:30:00,1.714
2016-12-15 23:15:00,1.701
2016-12-15 23:00:00,1.696
2016-12-15 22:45:00,1.721
2016-12-15 22:30:00,1.712
2016-12-15 22:15:00,1.7
2016-12-15 22:00:00,1.71
2016-12-15 21:45:00,1.835
2016-12-15 21:30:00,1.818
2016-12-15 21:15:00,1.797
2016-12-15 21:00:00,1.801
2016-12-15 20:45:00,1.813
2016-12-15 20:30:00,-3.762
2016-12-15 20:15:00,-13.242
2016-12-15 20:00:00,-33.409
2016-12-15 19:45:00,-33.224
2016-12-15 19:30:00,-37.098
2016-12-15 19:15:00,-39.156
2016-12-15 19:00:00,-38.531
2016-12-15 18:45:00,-37.444
2016-12-15 18:30:00,-40.071
2016-12-15 18:15:00,-39.949
2016-12-15 18:00:00,-38.298
2016-12-15 17:45:00,-37.874
2016-12-15 17:30:00,-39.01
2016-12-15 17:15:00,-39.165
2016-12-15 17:00:00,-20.269
2016-12-15 16:45:00,-21.802
2016-12-15 16:30:00,-21.254
2016-12-15 16:15:00,-36.86
2016-12-15 16:00:00,-34.644
2016-12-15 15:45:00,-40.157
2016-12-15 15:30:00,-31.601
2016-12-15 15:15:00,-28.963
2016-12-15 15:00:00,4.203
2016-12-15 14:45:00,6.231
2016-12-15 14:30:00,-0.32
2016-12-15 14:15:00,-1.815
2016-12-15 14:00:00,0.904
2016-12-15 13:45:00,2.727
2016-12-15 13:30:00,8.506
2016-12-15 13:15:00,9.293
2016-12-15 13:00:00,27.527
2016-12-15 12:45:00,41.225
2016-12-15 12:30:00,43.805
2016-12-15 12:15:00,40.417
2016-12-15 12:00:00,39.546
2016-12-15 11:45:00,42.053
2016-12-15 11:30:00,21.803
2016-12-15 11:15:00,46.747
2016-12-15 11:00:00,19.642
2016-12-15 10:45:00,80.401
2016-12-15 10:30:00,45.275
2016-12-15 10:15:00,58.21
2016-12-15 10:00:00,51.765
2016-12-15 09:45:00,76.453
2016-12-15 09:30:00,85.033
2016-12-15 09:15:00,60.754
2016-12-15 09:00:00,32.694
2016-12-15 08:45:00,14.516
2016-12-15 08:30:00,1.7
2016-12-15 08:15:00,1.706
2016-12-15 08:00:00,1.715
2016-12-15 07:45:00,-1.545
2016-12-15 07:30:00,-45.715
2016-12-15 07:15:00,-37.178
2016-12-15 07:00:00,-20.835
2016-12-15 06:45:00,-20.949
2016-12-15 06:30:00,-16.566
2016-12-15 06:15:00,-16.704
2016-12-15 06:00:00,-21.318
2016-12-15 05:45:00,-32.78
2016-12-15 05:30:00,-34.634
2016-12-15 05:15:00,-19.951
2016-12-15 05:00:00,-1.236
2016-12-15 04:45:00,1.348
2016-12-15 04:30:00,-0.409
2016-12-15 04:15:00,1.278
2016-12-15 04:00:00,-10.624
2016-12-15 03:45:00,-20.683
2016-12-15 03:30:00,-22.238
2016-12-15 03:15:00,-14.88
2016-12-15 03:00:00,-7.265
2016-12-15 02:45:00,-7.942
2016-12-15 02:30:00,-5.422
2016-12-15 02:15:00,-7.49
2016-12-15 02:00:00,-8.217
2016-12-15 01:45:00,-8.702
2016-12-15 01:30:00,-7.797
2016-12-15 01:15:00,-8.219
2016-12-15 01:00:00,-8.327
2016-12-15 00:45:00,-6.653
2016-12-15 00:30:00,-11.055
2016-12-15 00:15:00,-13.485
2016-12-15 00:00:00,-12.314
2016-12-14 23:45:00,-15.247
2016-12-14 23:30:00,-17.551
2016-12-14 23:15:00,-17.531
2016-12-14 23:00:00,-19.308
2016-12-14 22:45:00,-19.137
2016-12-14 22:30:00,-18.937
2016-12-14 22:15:00,-18.404
2016-12-14 22:00:00,-20.201
2016-12-14 21:45:00,-20.094
2016-12-14 21:30:00,-18.514
2016-12-14 21:15:00,-21.326
2016-12-14 21:00:00,-20.348
2016-12-14 20:45:00,-23.349
2016-12-14 20:30:00,-20.644
2016-12-14 20:15:00,-23.837
2016-12-14 20:00:00,-33.439
2016-12-14 19:45:00,-32.264
2016-12-14 19:30:00,-33.624
2016-12-14 19:15:00,-31.75
2016-12-14 19:00:00,-31.887
2016-12-14 18:45:00,-34.387
2016-12-14 18:30:00,-34.976
2016-12-14 18:15:00,-33.54
2016-12-14 18:00:00,-34.461
2016-12-14 17:45:00,-35.217
2016-12-14 17:30:00,-41.133
2016-12-14 17:15:00,-39.945
2016-12-14 17:00:00,-29.412
2016-12-14 16:45:00,-49.101
2016-12-14 16:30:00,-45.37
2016-12-14 16:15:00,-41.055
2016-12-14 16:00:00,-54.373
2016-12-14 15:45:00,-45.309
2016-12-14 15:30:00,-14.827
2016-12-14 15:15:00,14.915
2016-12-14 15:00:00,-8.427
2016-12-14 14:45:00,-10.85
2016-12-14 14:30:00,-0.423
2016-12-14 14:15:00,2.168
2016-12-14 14:00:00,2.179
2016-12-14 13:45:00,2.18
2016-12-14 13:30:00,2.181
2016-12-14 13:15:00,2.235
2016-12-14 13:00:00,2.257
2016-12-14 12:45:00,2.31
2016-12-14 12:30:00,2.457
2016-12-14 12:15:00,63.226
2016-12-14 12:00:00,140.634
2016-12-14 11:45:00,150.273
2016-12-14 11:30:00,150.153
2016-12-14 11:15:00,145.504
2016-12-14 11:00:00,144.74
2016-12-14 10:45:00,141.995
2016-12-14 10:30:00,120.442
2016-12-14 10:15:00,123.383
2016-12-14 10:00:00,131.531
2016-12-14 09:45:00,126.751
2016-12-14 09:30:00,114.695
2016-12-14 09:15:00,96.057
2016-12-14 09:00:00,71.488
2016-12-14 08:45:00,31.458
2016-12-14 08:30:00,3.361
2016-12-14 08:15:00,1.786
2016-12-14 08:00:00,1.754
2016-12-14 07:45:00,1.755
2016-12-14 07:30:00,1.729
2016-12-14 07:15:00,1.758
2016-12-14 07:00:00,1.759
2016-12-14 06:45:00,1.712
2016-12-14 06:30:00,-9.224
2016-12-14 06:15:00,-17.141
2016-12-14 06:00:00,1.105
2016-12-14 05:45:00,1.687
2016-12-14 05:30:00,1.623
2016-12-14 05:15:00,1.631
2016-12-14 05:00:00,1.601
2016-12-14 04:45:00,1.609
2016-12-14 04:30:00,1.631
2016-12-14 04:15:00,1.641
2016-12-14 04:00:00,1.668
2016-12-14 03:45:00,1.664
2016-12-14 03:30:00,1.676
2016-12-14 03:15:00,1.669
2016-12-14 03:00:00,1.671
2016-12-14 02:45:00,1.662
2016-12-14 02:30:00,1.659
2016-12-14 02:15:00,1.668
2016-12-14 02:00:00,1.693
2016-12-14 01:45:00,1.701
2016-12-14 01:30:00,1.686
2016-12-14 01:15:00,1.681
2016-12-14 01:00:00,1.687
2016-12-14 00:45:00,1.691
2016-12-14 00:30:00,1.708
2016-12-14 00:15:00,1.73
2016-12-14 00:00:00,1.721
2016-12-13 23:45:00,1.736
2016-12-13 23:30:00,1.737
2016-12-13 23:15:00,1.731
2016-12-13 23:00:00,1.731
2016-12-13 22:45:00,1.76
2016-12-13 22:30:00,1.811
2016-12-13 22:15:00,1.804
2016-12-13 22:00:00,19.613
2016-12-13 21:45:00,18.671
2016-12-13 21:30:00,1.841
2016-12-13 21:15:00,1.837
2016-12-13 21:00:00,1.851
2016-12-13 20:45:00,1.861
2016-12-13 20:30:00,1.865
2016-12-13 20:15:00,-6.434
2016-12-13 20:00:00,-36.429
2016-12-13 19:45:00,-35.491
2016-12-13 19:30:00,-37.486
2016-12-13 19:15:00,-35.463
2016-12-13 19:00:00,-35.626
2016-12-13 18:45:00,-35.236
2016-12-13 18:30:00,-41.31
2016-12-13 18:15:00,-42.771
2016-12-13 18:00:00,-41.369
2016-12-13 17:45:00,-40.326
2016-12-13 17:30:00,-41.078
2016-12-13 17:15:00,-40.035
2016-12-13 17:00:00,-18.514
2016-12-13 16:45:00,-19.533
2016-12-13 16:30:00,-23.628
2016-12-13 16:15:00,-30.065
2016-12-13 16:00:00,-26.554
2016-12-13 15:45:00,-20.537
2016-12-13 15:30:00,-11.657
2016-12-13 15:15:00,0.498
2016-12-13 15:00:00,13.434
2016-12-13 14:45:00,8.26
2016-12-13 14:30:00,-0.954
2016-12-13 14:15:00,-0.957
2016-12-13 14:00:00,-0.957
2016-12-13 13:45:00,-0.955
2016-12-13 13:30:00,-0.952
2016-12-13 13:15:00,-0.954
2016-12-13 13:00:00,-0.953
2016-12-13 12:45:00,-0.953
2016-12-13 12:30:00,-0.949
2016-12-13 12:15:00,-0.95
2016-12-13 12:00:00,-0.949
2016-12-13 11:45:00,-0.95
2016-12-13 11:30:00,-0.949
2016-12-13 11:15:00,-0.95
2016-12-13 11:00:00,46.495
2016-12-13 10:45:00,83.578
2016-12-13 10:30:00,68.655
2016-12-13 10:15:00,85.647
2016-12-13 10:00:00,88.227
2016-12-13 09:45:00,79.682
2016-12-13 09:30:00,76.851
2016-12-13 09:15:00,69.185
2016-12-13 09:00:00,49.945
2016-12-13 08:45:00,24.824
2016-12-13 08:30:00,30.581
2016-12-13 08:15:00,4.054
2016-12-13 08:00:00,-0.157
2016-12-13 07:45:00,0.177
2016-12-13 07:30:00,0.168
2016-12-13 07:15:00,0.158
2016-12-13 07:00:00,-28.388
2016-12-13 06:45:00,-22.755
2016-12-13 06:30:00,-20.115
2016-12-13 06:15:00,-22.728
2016-12-13 06:00:00,-24.925
2016-12-13 05:45:00,-23.519
2016-12-13 05:30:00,-24.954
2016-12-13 05:15:00,-8.539
2016-12-13 05:00:00,-7.855
2016-12-13 04:45:00,-8.025
2016-12-13 04:30:00,-8.396
2016-12-13 04:15:00,-6.011
2016-12-13 04:00:00,-8.254
2016-12-13 03:45:00,-7.528
2016-12-13 03:30:00,-8.682
2016-12-13 03:15:00,-6.335
2016-12-13 03:00:00,-8.141
2016-12-13 02:45:00,-7.236
2016-12-13 02:30:00,-7.033
2016-12-13 02:15:00,-7.917
2016-12-13 02:00:00,-9.322
2016-12-13 01:45:00,-7.191
2016-12-13 01:30:00,-7.709
2016-12-13 01:15:00,-8.622
2016-12-13 01:00:00,-10.257
2016-12-13 00:45:00,-8.27
2016-12-13 00:30:00,-9.327
2016-12-13 00:15:00,-9.758
2016-12-13 00:00:00,-8.653
2016-12-12 23:45:00,-9.066
2016-12-12 23:30:00,-10.689
2016-12-12 23:15:00,-9.939
2016-12-12 23:00:00,-9.384
2016-12-12 22:45:00,-10.448
2016-12-12 22:30:00,-11.488
2016-12-12 22:15:00,-10.633
2016-12-12 22:00:00,-10.308
2016-12-12 21:45:00,-11.558
2016-12-12 21:30:00,-11.823
2016-12-12 21:15:00,-11.145
2016-12-12 21:00:00,-11.449
2016-12-12 20:45:00,-12.615
2016-12-12 20:30:00,-12.428
2016-12-12 20:15:00,-18.335
2016-12-12 20:00:00,-30.436
2016-12-12 19:45:00,-31.503
2016-12-12 19:30:00,-30.278
2016-12-12 19:15:00,-30.498
2016-12-12 19:00:00,-30.63
2016-12-12 18:45:00,-29.739
2016-12-12 18:30:00,-29.47
2016-12-12 18:15:00,-30.848
2016-12-12 18:00:00,-31.395
2016-12-12 17:45:00,-33.255
2016-12-12 17:30:00,-33.432
2016-12-12 17:15:00,-43.321
2016-12-12 17:00:00,-39.824
2016-12-12 16:45:00,-42.061
2016-12-12 16:30:00,-39.027
2016-12-12 16:15:00,-51.292
2016-12-12 16:00:00,-47.064
2016-12-12 15:45:00,-38.482
2016-12-12 15:30:00,-9.764
2016-12-12 15:15:00,16.925
2016-12-12 15:00:00,52.021
2016-12-12 14:45:00,57.211
2016-12-12 14:30:00,67.602
2016-12-12 14:15:00,67.17
2016-12-12 14:00:00,65.59
2016-12-12 13:45:00,83.643
2016-12-12 13:30:00,82.137
2016-12-12 13:15:00,85.7
2016-12-12 13:00:00,74.423
2016-12-12 12:45:00,31.107
2016-12-12 12:30:00,36.641
2016-12-12 12:15:00,51.94
2016-12-12 12:00:00,27.579
2016-12-12 11:45:00,12.566
2016-12-12 11:30:00,84.619
2016-12-12 11:15:00,21.177
2016-12-12 11:00:00,121.987
2016-12-12 10:45:00,38.982
2016-12-12 10:30:00,100.265
2016-12-12 10:15:00,34.558
2016-12-12 10:00:00,13.288
2016-12-12 09:45:00,88.133
2016-12-12 09:30:00,2.26
2016-12-12 09:15:00,1.852
2016-12-12 09:00:00,1.65
2016-12-12 08:45:00,1.655
2016-12-12 08:30:00,1.642
2016-12-12 08:15:00,1.707
2016-12-12 08:00:00,1.648
2016-12-12 07:45:00,1.651
2016-12-12 07:30:00,1.64
2016-12-12 07:15:00,-4.545
2016-12-12 07:00:00,-40.845
2016-12-12 06:45:00,-25.361
2016-12-12 06:30:00,-24.542
2016-12-12 06:15:00,-27.56
2016-12-12 06:00:00,-27.798
2016-12-12 05:45:00,-28.652
2016-12-12 05:30:00,-32.432
2016-12-12 05:15:00,-17.993
2016-12-12 05:00:00,-14.941
2016-12-12 04:45:00,-17.744
2016-12-12 04:30:00,-16.526
2016-12-12 04:15:00,-16.346
2016-12-12 04:00:00,-18.487
2016-12-12 03:45:00,-18.919
2016-12-12 03:30:00,-19.217
2016-12-12 03:15:00,-19.294
2016-12-12 03:00:00,-21.455
2016-12-12 02:45:00,-21.39
2016-12-12 02:30:00,-20.557
2016-12-12 02:15:00,-21.489
2016-12-12 02:00:00,-22.741
2016-12-12 01:45:00,-22.154
2016-12-12 01:30:00,-23.023
2016-12-12 01:15:00,-23.436
2016-12-12 01:00:00,-23.384
2016-12-12 00:45:00,-23.578
2016-12-12 00:30:00,-24.551
2016-12-12 00:15:00,-24.403
2016-12-12 00:00:00,-23.815
2016-12-11 23:45:00,-23.686
2016-12-11 23:30:00,-25.476
2016-12-11 23:15:00,-24.036
2016-12-11 23:00:00,-23.929
2016-12-11 22:45:00,-24.801
2016-12-11 22:30:00,-26.349
2016-12-11 22:15:00,-23.83
2016-12-11 22:00:00,-23.861
2016-12-11 21:45:00,-25.256
2016-12-11 21:30:00,-24.844
2016-12-11 21:15:00,-23.242
2016-12-11 21:00:00,-25.483
2016-12-11 20:45:00,-26.292
2016-12-11 20:30:00,-25.358
2016-12-11 20:15:00,-24.049
2016-12-11 20:00:00,-26.367
2016-12-11 19:45:00,-26.029
2016-12-11 19:30:00,-25.303
2016-12-11 19:15:00,-25.508
2016-12-11 19:00:00,-26.276
2016-12-11 18:45:00,-25.485
2016-12-11 18:30:00,-25.424
2016-12-11 18:15:00,-26.701
2016-12-11 18:00:00,-25.397
2016-12-11 17:45:00,-24.051
2016-12-11 17:30:00,-25.147
2016-12-11 17:15:00,-25.883
2016-12-11 17:00:00,-20.743
2016-12-11 16:45:00,-20.091
2016-12-11 16:30:00,-19.429
2016-12-11 16:15:00,-17.05
2016-12-11 16:00:00,-12.247
2016-12-11 15:45:00,-0.152
2016-12-11 15:30:00,4.026
2016-12-11 15:15:00,4.569
2016-12-11 15:00:00,7.996
2016-12-11 14:45:00,44.061
2016-12-11 14:30:00,106.706
2016-12-11 14:15:00,90.276
2016-12-11 14:00:00,107.563
2016-12-11 13:45:00,125.101
2016-12-11 13:30:00,61.856
2016-12-11 13:15:00,65.184
2016-12-11 13:00:00,74.398
2016-12-11 12:45:00,54.7
2016-12-11 12:30:00,56.907
2016-12-11 12:15:00,26.514
2016-12-11 12:00:00,13.248
2016-12-11 11:45:00,8.127
2016-12-11 11:30:00,4.352
2016-12-11 11:15:00,4.819
2016-12-11 11:00:00,21.088
2016-12-11 10:45:00,25.814
2016-12-11 10:30:00,38.114
2016-12-11 10:15:00,7.158
2016-12-11 10:00:00,6.599
2016-12-11 09:45:00,22.965
2016-12-11 09:30:00,129.444
2016-12-11 09:15:00,118.576
2016-12-11 09:00:00,109.104
2016-12-11 08:45:00,92.401
2016-12-11 08:30:00,62.052
2016-12-11 08:15:00,30.556
2016-12-11 08:00:00,4.111
2016-12-11 07:45:00,1.601
2016-12-11 07:30:00,-4.372
2016-12-11 07:15:00,-22.337
2016-12-11 07:00:00,-24.964
2016-12-11 06:45:00,-26.408
2016-12-11 06:30:00,-8.305
2016-12-11 06:15:00,-11.462
2016-12-11 06:00:00,-12.129
2016-12-11 05:45:00,-12.438
2016-12-11 05:30:00,-10.417
2016-12-11 05:15:00,-12.3
2016-12-11 05:00:00,-12.294
2016-12-11 04:45:00,-12.315
2016-12-11 04:30:00,-11.367
2016-12-11 04:15:00,-14.27
2016-12-11 04:00:00,-15.608
2016-12-11 03:45:00,-15.123
2016-12-11 03:30:00,-15.162
2016-12-11 03:15:00,-18.944
2016-12-11 03:00:00,-18.589
2016-12-11 02:45:00,-17.389
2016-12-11 02:30:00,-18.459
2016-12-11 02:15:00,-20.536
2016-12-11 02:00:00,-17.614
2016-12-11 01:45:00,-19.216
2016-12-11 01:30:00,-19.908
2016-12-11 01:15:00,-20.23
2016-12-11 01:00:00,-20.237
2016-12-11 00:45:00,-21.896
2016-12-11 00:30:00,-20.55
2016-12-11 00:15:00,-21.428
2016-12-11 00:00:00,-21.085
2016-12-10 23:45:00,-22.068
2016-12-10 23:30:00,-21.826
2016-12-10 23:15:00,-21.627
2016-12-10 23:00:00,-22.995
2016-12-10 22:45:00,-23.798
2016-12-10 22:30:00,-22.003
2016-12-10 22:15:00,-23.161
2016-12-10 22:00:00,-23.461
2016-12-10 21:45:00,-22.956
2016-12-10 21:30:00,-23.348
2016-12-10 21:15:00,-24.234
2016-12-10 21:00:00,-25.215
2016-12-10 20:45:00,-26.067
2016-12-10 20:30:00,-23.611
2016-12-10 20:15:00,-26.524
2016-12-10 20:00:00,-25.864
2016-12-10 19:45:00,-24.848
2016-12-10 19:30:00,-25.949
2016-12-10 19:15:00,-27.215
2016-12-10 19:00:00,-25.899
2016-12-10 18:45:00,-25.614
2016-12-10 18:30:00,-27.017
2016-12-10 18:15:00,-26.385
2016-12-10 18:00:00,-25.125
2016-12-10 17:45:00,-25.124
2016-12-10 17:30:00,-25.231
2016-12-10 17:15:00,-24.5
2016-12-10 17:00:00,-20.784
2016-12-10 16:45:00,-21.364
2016-12-10 16:30:00,-19.523
2016-12-10 16:15:00,-9.633
2016-12-10 16:00:00,-2.068
2016-12-10 15:45:00,2.216
2016-12-10 15:30:00,2.23
2016-12-10 15:15:00,2.235
2016-12-10 15:00:00,2.24
2016-12-10 14:45:00,2.275
2016-12-10 14:30:00,2.35
2016-12-10 14:15:00,2.381
2016-12-10 14:00:00,2.479
2016-12-10 13:45:00,49.094
2016-12-10 13:30:00,133.233
2016-12-10 13:15:00,120.75
2016-12-10 13:00:00,146.428
2016-12-10 12:45:00,151.412
2016-12-10 12:30:00,173.158
2016-12-10 12:15:00,156.865
2016-12-10 12:00:00,148.834
2016-12-10 11:45:00,125.684
2016-12-10 11:30:00,64.421
2016-12-10 11:15:00,45.153
2016-12-10 11:00:00,44.807
2016-12-10 10:45:00,54.75
2016-12-10 10:30:00,52.965
2016-12-10 10:15:00,43.565
2016-12-10 10:00:00,37.336
2016-12-10 09:45:00,21.864
2016-12-10 09:30:00,7.593
2016-12-10 09:15:00,5.743
2016-12-10 09:00:00,1.618
2016-12-10 08:45:00,1.626
2016-12-10 08:30:00,1.623
2016-12-10 08:15:00,1.61
2016-12-10 08:00:00,1.627
2016-12-10 07:45:00,1.588
2016-12-10 07:30:00,1.515
2016-12-10 07:15:00,-8.565
2016-12-10 07:00:00,-20.479
2016-12-10 06:45:00,-18.484
2016-12-10 06:30:00,-5.118
2016-12-10 06:15:00,-2.788
2016-12-10 06:00:00,-4.611
2016-12-10 05:45:00,-2.745
2016-12-10 05:30:00,-5.397
2016-12-10 05:15:00,-3.639
2016-12-10 05:00:00,-4.491
2016-12-10 04:45:00,-1.969
2016-12-10 04:30:00,-3.212
2016-12-10 04:15:00,-3.874
2016-12-10 04:00:00,-5.169
2016-12-10 03:45:00,-2.538
2016-12-10 03:30:00,-4.18
2016-12-10 03:15:00,-3.515
2016-12-10 03:00:00,-3.086
2016-12-10 02:45:00,-2.665
2016-12-10 02:30:00,-6.286
2016-12-10 02:15:00,-6.45
2016-12-10 02:00:00,-3.238
2016-12-10 01:45:00,-3.985
2016-12-10 01:30:00,-4.357
2016-12-10 01:15:00,-3.628
2016-12-10 01:00:00,-4.881
2016-12-10 00:45:00,-5.538
2016-12-10 00:30:00,-4.599
2016-12-10 00:15:00,-3.431
2016-12-10 00:00:00,-4.302
2016-12-09 23:45:00,-5.852
2016-12-09 23:30:00,-10.832
2016-12-09 23:15:00,-10.039
2016-12-09 23:00:00,-10.775
2016-12-09 22:45:00,-10.955
2016-12-09 22:30:00,-10.356
2016-12-09 22:15:00,-10.21
2016-12-09 22:00:00,-11.809
2016-12-09 21:45:00,-12.691
2016-12-09 21:30:00,-12.997
2016-12-09 21:15:00,-11.504
2016-12-09 21:00:00,-13.275
2016-12-09 20:45:00,-11.764
2016-12-09 20:30:00,-13.01
2016-12-09 20:15:00,-19.166
2016-12-09 20:00:00,-31.534
2016-12-09 19:45:00,-31.999
2016-12-09 19:30:00,-31.672
2016-12-09 19:15:00,-30.517
2016-12-09 19:00:00,-31.109
2016-12-09 18:45:00,-30.4
2016-12-09 18:30:00,-31.952
2016-12-09 18:15:00,-32.001
2016-12-09 18:00:00,-32.519
2016-12-09 17:45:00,-35.364
2016-12-09 17:30:00,-36.444
2016-12-09 17:15:00,-41.123
2016-12-09 17:00:00,-28.698
2016-12-09 16:45:00,-43.403
2016-12-09 16:30:00,-44.647
2016-12-09 16:15:00,-38.127
2016-12-09 16:00:00,-34.146
2016-12-09 15:45:00,-25.79
2016-12-09 15:30:00,-4.175
2016-12-09 15:15:00,25.177
2016-12-09 15:00:00,47.172
2016-12-09 14:45:00,61.857
2016-12-09 14:30:00,55.139
2016-12-09 14:15:00,73.576
2016-12-09 14:00:00,61.918
2016-12-09 13:45:00,89.907
2016-12-09 13:30:00,92.016
2016-12-09 13:15:00,67.658
2016-12-09 13:00:00,54.076
2016-12-09 12:45:00,42.326
2016-12-09 12:30:00,50.166
2016-12-09 12:15:00,45.54
2016-12-09 12:00:00,51.221
2016-12-09 11:45:00,79.988
2016-12-09 11:30:00,69.208
2016-12-09 11:15:00,64.615
2016-12-09 11:00:00,67.348
2016-12-09 10:45:00,78.181
2016-12-09 10:30:00,47.469
2016-12-09 10:15:00,34.725
2016-12-09 10:00:00,44.026
2016-12-09 09:45:00,39.453
2016-12-09 09:30:00,-0.486
2016-12-09 09:15:00,-0.468
2016-12-09 09:00:00,-0.477
2016-12-09 08:45:00,-0.506
2016-12-09 08:30:00,-0.516
2016-12-09 08:15:00,-0.496
2016-12-09 08:00:00,-0.494
2016-12-09 07:45:00,-0.504
2016-12-09 07:30:00,-0.461
2016-12-09 07:15:00,-1.007
2016-12-09 07:00:00,7.254
2016-12-09 06:45:00,8.176
2016-12-09 06:30:00,9.958
2016-12-09 06:15:00,7.493
2016-12-09 06:00:00,-190.648
2016-12-09 05:45:00,-197.949
2016-12-09 05:30:00,-198.481
2016-12-09 05:15:00,-198.275
2016-12-09 05:00:00,-197.899
2016-12-09 04:45:00,-199.05
2016-12-09 04:30:00,-3.212
2016-12-09 04:15:00,-141.226
2016-12-09 04:00:00,2.132
2016-12-09 03:45:00,2.131
2016-12-09 03:30:00,2.125
2016-12-09 03:15:00,2.13
2016-12-09 03:00:00,2.122
2016-12-09 02:45:00,2.134
2016-12-09 02:30:00,2.128
2016-12-09 02:15:00,2.12
2016-12-09 02:00:00,2.128
2016-12-09 01:45:00,2.148
2016-12-09 01:30:00,2.151
2016-12-09 01:15:00,2.154
2016-12-09 01:00:00,2.15
2016-12-09 00:45:00,2.16
2016-12-09 00:30:00,2.272
2016-12-09 00:15:00,53.451
2016-12-09 00:00:00,50.656
2016-12-08 23:45:00,51.479
2016-12-08 23:30:00,53.225
2016-12-08 23:15:00,52.932
2016-12-08 23:00:00,51.078
2016-12-08 22:45:00,51.389
2016-12-08 22:30:00,52.072
2016-12-08 22:15:00,53.207
2016-12-08 22:00:00,51.048
2016-12-08 21:45:00,52.093
2016-12-08 21:30:00,51.991
2016-12-08 21:15:00,51.373
2016-12-08 21:00:00,51.312
2016-12-08 20:45:00,51.86
2016-12-08 20:30:00,50.818
2016-12-08 20:15:00,17.018
2016-12-08 20:00:00,-27.797
2016-12-08 19:45:00,-28.778
2016-12-08 19:30:00,-28.733
2016-12-08 19:15:00,-36.318
2016-12-08 19:00:00,-36.787
2016-12-08 18:45:00,-36.324
2016-12-08 18:30:00,-36.82
2016-12-08 18:15:00,-39.191
2016-12-08 18:00:00,-37.368
2016-12-08 17:45:00,-36.5
2016-12-08 17:30:00,-37.191
2016-12-08 17:15:00,-43.525
2016-12-08 17:00:00,-45.123
2016-12-08 16:45:00,-48.778
2016-12-08 16:30:00,-56.298
2016-12-08 16:15:00,-54.154
2016-12-08 16:00:00,-47.357
2016-12-08 15:45:00,-33.01
2016-12-08 15:30:00,-5.482
2016-12-08 15:15:00,2.222
2016-12-08 15:00:00,2.224
2016-12-08 14:45:00,2.231
2016-12-08 14:30:00,2.237
2016-12-08 14:15:00,2.249
2016-12-08 14:00:00,2.248
2016-12-08 13:45:00,2.261
2016-12-08 13:30:00,2.27
2016-12-08 13:15:00,2.265
2016-12-08 13:00:00,2.342
2016-12-08 12:45:00,2.386
2016-12-08 12:30:00,2.457
2016-12-08 12:15:00,6.223
2016-12-08 12:00:00,143.058
2016-12-08 11:45:00,140.076
2016-12-08 11:30:00,143.45
2016-12-08 11:15:00,138.615
2016-12-08 11:00:00,132.631
2016-12-08 10:45:00,127.83
2016-12-08 10:30:00,126.016
2016-12-08 10:15:00,119.111
2016-12-08 10:00:00,128.453
2016-12-08 09:45:00,121.681
2016-12-08 09:30:00,116.924
2016-12-08 09:15:00,98.909
2016-12-08 09:00:00,86.055
2016-12-08 08:45:00,68.834
2016-12-08 08:30:00,30.113
2016-12-08 08:15:00,26.857
2016-12-08 08:00:00,3.827
2016-12-08 07:45:00,1.654
2016-12-08 07:30:00,1.662
2016-12-08 07:15:00,1.679
2016-12-08 07:00:00,1.696
2016-12-08 06:45:00,-0.448
2016-12-08 06:30:00,-32.446
2016-12-08 06:15:00,-28.657
2016-12-08 06:00:00,-26.606
2016-12-08 05:45:00,-29.26
2016-12-08 05:30:00,-26.663
2016-12-08 05:15:00,-4.493
2016-12-08 05:00:00,7.652
2016-12-08 04:45:00,7.676
2016-12-08 04:30:00,7.64
2016-12-08 04:15:00,7.623
2016-12-08 04:00:00,7.631
2016-12-08 03:45:00,7.628
2016-12-08 03:30:00,7.643
2016-12-08 03:15:00,7.659
2016-12-08 03:00:00,7.663
2016-12-08 02:45:00,7.68
2016-12-08 02:30:00,7.66
2016-12-08 02:15:00,7.649
2016-12-08 02:00:00,7.68
2016-12-08 01:45:00,7.699
2016-12-08 01:30:00,7.684
2016-12-08 01:15:00,7.711
2016-12-08 01:00:00,7.717
2016-12-08 00:45:00,7.722
2016-12-08 00:30:00,7.721
2016-12-08 00:15:00,7.711
2016-12-08 00:00:00,7.716
2016-12-07 23:45:00,7.692
2016-12-07 23:30:00,7.687
2016-12-07 23:15:00,7.731
2016-12-07 23:00:00,7.779
2016-12-07 22:45:00,1.742
2016-12-07 22:30:00,1.934
2016-12-07 22:15:00,3.159
2016-12-07 22:00:00,-0.594
2016-12-07 21:45:00,1.87
2016-12-07 21:30:00,1.79
2016-12-07 21:15:00,1.783
2016-12-07 21:00:00,5.452
2016-12-07 20:45:00,7.791
2016-12-07 20:30:00,7.81
2016-12-07 20:15:00,3.404
2016-12-07 20:00:00,-8.826
2016-12-07 19:45:00,-27.989
2016-12-07 19:30:00,-27.73
2016-12-07 19:15:00,-26.757
2016-12-07 19:00:00,-26.988
2016-12-07 18:45:00,-28.109
2016-12-07 18:30:00,-26.031
2016-12-07 18:15:00,-26.806
2016-12-07 18:00:00,-30.338
2016-12-07 17:45:00,-35.4
2016-12-07 17:30:00,-33.288
2016-12-07 17:15:00,-45.748
2016-12-07 17:00:00,-32.918
2016-12-07 16:45:00,-33.317
2016-12-07 16:30:00,-30.865
2016-12-07 16:15:00,-28.409
2016-12-07 16:00:00,-29.234
2016-12-07 15:45:00,-14.307
2016-12-07 15:30:00,6.423
2016-12-07 15:15:00,24.556
2016-12-07 15:00:00,54.504
2016-12-07 14:45:00,74.626
2016-12-07 14:30:00,96.901
2016-12-07 14:15:00,74.781
2016-12-07 14:00:00,15.849
2016-12-07 13:45:00,-1.922
2016-12-07 13:30:00,13.811
2016-12-07 13:15:00,29.292
2016-12-07 13:00:00,-14.363
2016-12-07 12:45:00,-0.952
2016-12-07 12:30:00,-15.102
2016-12-07 12:15:00,-9.539
2016-12-07 12:00:00,-30.863
2016-12-07 11:45:00,-26.163
2016-12-07 11:30:00,-14.754
2016-12-07 11:15:00,-13.854
2016-12-07 11:00:00,26.373
2016-12-07 10:45:00,104.67
2016-12-07 10:30:00,94.335
2016-12-07 10:15:00,-13.757
2016-12-07 10:00:00,1.463
2016-12-07 09:45:00,61.193
2016-12-07 09:30:00,59.589
2016-12-07 09:15:00,-24.359
2016-12-07 09:00:00,-28.186
2016-12-07 08:45:00,-13.155
2016-12-07 08:30:00,-45.76
2016-12-07 08:15:00,-30.218
2016-12-07 08:00:00,-47.363
2016-12-07 07:45:00,-56.848
2016-12-07 07:30:00,-62.582
2016-12-07 07:15:00,-67.99
2016-12-07 07:00:00,-68.53
2016-12-07 06:45:00,-66.869
2016-12-07 06:30:00,-46.491
2016-12-07 06:15:00,-62.658
2016-12-07 06:00:00,-60.977
2016-12-07 05:45:00,-61.762
2016-12-07 05:30:00,-54.012
2016-12-07 05:15:00,-32.596
2016-12-07 05:00:00,-25.806
2016-12-07 04:45:00,1.723
2016-12-07 04:30:00,2.333
2016-12-07 04:15:00,2.265
2016-12-07 04:00:00,1.128
2016-12-07 03:45:00,-0.438
2016-12-07 03:30:00,0.942
2016-12-07 03:15:00,1.822
2016-12-07 03:00:00,2.299
2016-12-07 02:45:00,1.928
2016-12-07 02:30:00,2.844
2016-12-07 02:15:00,1.912
2016-12-07 02:00:00,1.921
2016-12-07 01:45:00,3.734
2016-12-07 01:30:00,1.787
2016-12-07 01:15:00,0.915
2016-12-07 01:00:00,-0.07
2016-12-07 00:45:00,0.514
2016-12-07 00:30:00,2.604
2016-12-07 00:15:00,1.929
2016-12-07 00:00:00,2.101
2016-12-06 23:45:00,2.245
2016-12-06 23:30:00,2.059
2016-12-06 23:15:00,1.917
2016-12-06 23:00:00,2.043
2016-12-06 22:45:00,2.397
2016-12-06 22:30:00,2.587
2016-12-06 22:15:00,3.206
2016-12-06 22:00:00,2.666
2016-12-06 21:45:00,2.023
2016-12-06 21:30:00,1.926
2016-12-06 21:15:00,2.016
2016-12-06 21:00:00,2.427
2016-12-06 20:45:00,1.962
2016-12-06 20:30:00,2.073
2016-12-06 20:15:00,-10.263
2016-12-06 20:00:00,-32.136
2016-12-06 19:45:00,-33.503
2016-12-06 19:30:00,-31.8
2016-12-06 19:15:00,-31.649
2016-12-06 19:00:00,-33.054
2016-12-06 18:45:00,-34.089
2016-12-06 18:30:00,-35.236
2016-12-06 18:15:00,-36.56
2016-12-06 18:00:00,-37.221
2016-12-06 17:45:00,-38.433
2016-12-06 17:30:00,-37.467
2016-12-06 17:15:00,-36.646
2016-12-06 17:00:00,2.051
2016-12-06 16:45:00,2.045
2016-12-06 16:30:00,2.146
2016-12-06 16:15:00,5.531
2016-12-06 16:00:00,2.734
2016-12-06 15:45:00,5.757
2016-12-06 15:30:00,16.312
2016-12-06 15:15:00,15.395
2016-12-06 15:00:00,41.274
2016-12-06 14:45:00,56.571
2016-12-06 14:30:00,20.563
2016-12-06 14:15:00,60.499
2016-12-06 14:00:00,75.046
2016-12-06 13:45:00,27.304
2016-12-06 13:30:00,115.944
2016-12-06 13:15:00,124.719
2016-12-06 13:00:00,116.641
2016-12-06 12:45:00,113.663
2016-12-06 12:30:00,13.366
2016-12-06 12:15:00,46.606
2016-12-06 12:00:00,96.946
2016-12-06 11:45:00,107.55
2016-12-06 11:30:00,30.067
2016-12-06 11:15:00,115.296
2016-12-06 11:00:00,102.605
2016-12-06 10:45:00,20.537
2016-12-06 10:30:00,7.301
2016-12-06 10:15:00,39.148
2016-12-06 10:00:00,38.064
2016-12-06 09:45:00,4.046
2016-12-06 09:30:00,24.727
2016-12-06 09:15:00,12.886
2016-12-06 09:00:00,1.894
2016-12-06 08:45:00,13.015
2016-12-06 08:30:00,10.992
2016-12-06 08:15:00,-0.747
2016-12-06 08:00:00,-17.547
2016-12-06 07:45:00,-7.772
2016-12-06 07:30:00,-2.767
2016-12-06 07:15:00,-3.137
2016-12-06 07:00:00,-4.79
2016-12-06 06:45:00,-12.872
2016-12-06 06:30:00,-28.39
2016-12-06 06:15:00,-30.601
2016-12-06 06:00:00,-27.171
2016-12-06 05:45:00,-19.134
2016-12-06 05:30:00,-16.548
2016-12-06 05:15:00,-4.058
2016-12-06 05:00:00,1.644
2016-12-06 04:45:00,-13.725
2016-12-06 04:30:00,-18.542
2016-12-06 04:15:00,-19.976
2016-12-06 04:00:00,-19.119
2016-12-06 03:45:00,-5.608
2016-12-06 03:30:00,-3.353
2016-12-06 03:15:00,-5.762
2016-12-06 03:00:00,-3.601
2016-12-06 02:45:00,-4.677
2016-12-06 02:30:00,-3.575
2016-12-06 02:15:00,-5.768
2016-12-06 02:00:00,-4.904
2016-12-06 01:45:00,-7.074
2016-12-06 01:30:00,-23.52
2016-12-06 01:15:00,-27.34
2016-12-06 01:00:00,-26.825
2016-12-06 00:45:00,-13.262
2016-12-06 00:30:00,-11.705
2016-12-06 00:15:00,-12.408
2016-12-06 00:00:00,-12.751
2016-12-05 23:45:00,-13.216
2016-12-05 23:30:00,-12.257
2016-12-05 23:15:00,-11.409
2016-12-05 23:00:00,-11.996
2016-12-05 22:45:00,-13.928
2016-12-05 22:30:00,-14.326
2016-12-05 22:15:00,-14.958
2016-12-05 22:00:00,-12.815
2016-12-05 21:45:00,-15.61
2016-12-05 21:30:00,-14.733
2016-12-05 21:15:00,-13.84
2016-12-05 21:00:00,-13.584
2016-12-05 20:45:00,-16.178
2016-12-05 20:30:00,-16.325
2016-12-05 20:15:00,-20.611
2016-12-05 20:00:00,-28.601
2016-12-05 19:45:00,-29.172
2016-12-05 19:30:00,-29.572
2016-12-05 19:15:00,-35.479
2016-12-05 19:00:00,-34.875
2016-12-05 18:45:00,-35.113
2016-12-05 18:30:00,-33.459
2016-12-05 18:15:00,-34.485
2016-12-05 18:00:00,-35.419
2016-12-05 17:45:00,-33.909
2016-12-05 17:30:00,-47.734
2016-12-05 17:15:00,-55.39
2016-12-05 17:00:00,-46.513
2016-12-05 16:45:00,-45.456
2016-12-05 16:30:00,-33.549
2016-12-05 16:15:00,-35.38
2016-12-05 16:00:00,-45.246
2016-12-05 15:45:00,-40.188
2016-12-05 15:30:00,-18.791
2016-12-05 15:15:00,6.973
2016-12-05 15:00:00,-4.711
2016-12-05 14:45:00,0.069
2016-12-05 14:30:00,3.643
2016-12-05 14:15:00,2.023
2016-12-05 14:00:00,2.2
2016-12-05 13:45:00,6.765
2016-12-05 13:30:00,1.089
2016-12-05 13:15:00,4.181
2016-12-05 13:00:00,18.576
2016-12-05 12:45:00,-13.587
2016-12-05 12:30:00,4.048
2016-12-05 12:15:00,4.743
2016-12-05 12:00:00,8.144
2016-12-05 11:45:00,32.096
2016-12-05 11:30:00,49.821
2016-12-05 11:15:00,33.501
2016-12-05 11:00:00,77.231
2016-12-05 10:45:00,85.088
2016-12-05 10:30:00,68.811
2016-12-05 10:15:00,79.58
2016-12-05 10:00:00,88.454
2016-12-05 09:45:00,81.251
2016-12-05 09:30:00,61.504
2016-12-05 09:15:00,38.52
2016-12-05 09:00:00,26.073
2016-12-05 08:45:00,11.983
2016-12-05 08:30:00,11.396
2016-12-05 08:15:00,-9.538
2016-12-05 08:00:00,-31.117
2016-12-05 07:45:00,-30.81
2016-12-05 07:30:00,-40.244
2016-12-05 07:15:00,-46.136
2016-12-05 07:00:00,-56.832
2016-12-05 06:45:00,-56.234
2016-12-05 06:30:00,-53.673
2016-12-05 06:15:00,-58.946
2016-12-05 06:00:00,-55.439
2016-12-05 05:45:00,-42.237
2016-12-05 05:30:00,-42.438
2016-12-05 05:15:00,-28.156
2016-12-05 05:00:00,-32.527
2016-12-05 04:45:00,-1.672
2016-12-05 04:30:00,2.03
2016-12-05 04:15:00,2.025
2016-12-05 04:00:00,2.021
2016-12-05 03:45:00,2.016
2016-12-05 03:30:00,2.017
2016-12-05 03:15:00,2.022
2016-12-05 03:00:00,2.021
2016-12-05 02:45:00,2.02
2016-12-05 02:30:00,2.012
2016-12-05 02:15:00,2.009
2016-12-05 02:00:00,2.019
2016-12-05 01:45:00,2.031
2016-12-05 01:30:00,2.028
2016-12-05 01:15:00,2.029
2016-12-05 01:00:00,2.029
2016-12-05 00:45:00,2.027
2016-12-05 00:30:00,2.026
2016-12-05 00:15:00,2.03
2016-12-05 00:00:00,2.041
2016-12-04 23:45:00,2.035
2016-12-04 23:30:00,2.034
2016-12-04 23:15:00,2.028
2016-12-04 23:00:00,2.034
2016-12-04 22:45:00,2.041
2016-12-04 22:30:00,2.041
2016-12-04 22:15:00,2.038
2016-12-04 22:00:00,2.045
2016-12-04 21:45:00,2.044
2016-12-04 21:30:00,2.053
2016-12-04 21:15:00,2.058
2016-12-04 21:00:00,2.054
2016-12-04 20:45:00,2.068
2016-12-04 20:30:00,2.063
2016-12-04 20:15:00,2.062
2016-12-04 20:00:00,2.059
2016-12-04 19:45:00,2.052
2016-12-04 19:30:00,2.058
2016-12-04 19:15:00,2.055
2016-12-04 19:00:00,2.064
2016-12-04 18:45:00,2.056
2016-12-04 18:30:00,2.042
2016-12-04 18:15:00,2.035
2016-12-04 18:00:00,2.058
2016-12-04 17:45:00,2.06
2016-12-04 17:30:00,2.072
2016-12-04 17:15:00,2.071
2016-12-04 17:00:00,2.088
2016-12-04 16:45:00,2.082
2016-12-04 16:30:00,2.087
2016-12-04 16:15:00,2.082
2016-12-04 16:00:00,2.076
2016-12-04 15:45:00,2.079
2016-12-04 15:30:00,2.084
2016-12-04 15:15:00,2.083
2016-12-04 15:00:00,2.081
2016-12-04 14:45:00,2.081
2016-12-04 14:30:00,2.081
2016-12-04 14:15:00,2.084
2016-12-04 14:00:00,2.069
2016-12-04 13:45:00,2.081
2016-12-04 13:30:00,2.082
2016-12-04 13:15:00,2.084
2016-12-04 13:00:00,2.08
2016-12-04 12:45:00,2.079
2016-12-04 12:30:00,2.074
2016-12-04 12:15:00,2.073
2016-12-04 12:00:00,2.079
2016-12-04 11:45:00,2.096
2016-12-04 11:30:00,2.097
2016-12-04 11:15:00,2.097
2016-12-04 11:00:00,2.09
2016-12-04 10:45:00,2.08
2016-12-04 10:30:00,2.075
2016-12-04 10:15:00,2.076
2016-12-04 10:00:00,2.077
2016-12-04 09:45:00,2.076
2016-12-04 09:30:00,2.079
2016-12-04 09:15:00,2.077
2016-12-04 09:00:00,2.069
2016-12-04 08:45:00,2.078
2016-12-04 08:30:00,2.095
2016-12-04 08:15:00,2.107
2016-12-04 08:00:00,2.107
2016-12-04 07:45:00,2.123
2016-12-04 07:30:00,2.124
2016-12-04 07:15:00,2.135
2016-12-04 07:00:00,2.135
2016-12-04 06:45:00,2.12
2016-12-04 06:30:00,2.113
2016-12-04 06:15:00,2.105
2016-12-04 06:00:00,2.085
2016-12-04 05:45:00,2.075
2016-12-04 05:30:00,2.079
2016-12-04 05:15:00,2.078
2016-12-04 05:00:00,2.088
2016-12-04 04:45:00,2.075
2016-12-04 04:30:00,2.074
2016-12-04 04:15:00,2.071
2016-12-04 04:00:00,2.07
2016-12-04 03:45:00,2.065
2016-12-04 03:30:00,2.065
2016-12-04 03:15:00,2.064
2016-12-04 03:00:00,2.067
2016-12-04 02:45:00,2.065
2016-12-04 02:30:00,2.067
2016-12-04 02:15:00,2.064
2016-12-04 02:00:00,2.072
2016-12-04 01:45:00,2.08
2016-12-04 01:30:00,2.077
2016-12-04 01:15:00,2.078
2016-12-04 01:00:00,2.083
2016-12-04 00:45:00,2.077
2016-12-04 00:30:00,2.08
2016-12-04 00:15:00,2.092
2016-12-04 00:00:00,2.089
2016-12-03 23:45:00,2.085
2016-12-03 23:30:00,2.087
2016-12-03 23:15:00,2.088
2016-12-03 23:00:00,2.091
2016-12-03 22:45:00,2.096
2016-12-03 22:30:00,2.104
2016-12-03 22:15:00,2.101
2016-12-03 22:00:00,2.11
2016-12-03 21:45:00,2.113
2016-12-03 21:30:00,2.123
2016-12-03 21:15:00,2.125
2016-12-03 21:00:00,2.126
2016-12-03 20:45:00,2.129
2016-12-03 20:30:00,2.134
2016-12-03 20:15:00,2.134
2016-12-03 20:00:00,2.133
2016-12-03 19:45:00,2.128
2016-12-03 19:30:00,2.127
2016-12-03 19:15:00,2.127
2016-12-03 19:00:00,2.123
2016-12-03 18:45:00,2.126
2016-12-03 18:30:00,2.129
2016-12-03 18:15:00,2.13
2016-12-03 18:00:00,2.139
2016-12-03 17:45:00,2.139
2016-12-03 17:30:00,2.143
2016-12-03 17:15:00,2.135
2016-12-03 17:00:00,2.151
2016-12-03 16:45:00,2.151
2016-12-03 16:30:00,2.156
2016-12-03 16:15:00,2.15
2016-12-03 16:00:00,2.122
2016-12-03 15:45:00,2.134
2016-12-03 15:30:00,2.135
2016-12-03 15:15:00,2.142
2016-12-03 15:00:00,2.153
2016-12-03 14:45:00,2.154
2016-12-03 14:30:00,2.137
2016-12-03 14:15:00,2.141
2016-12-03 14:00:00,2.134
2016-12-03 13:45:00,2.141
2016-12-03 13:30:00,2.147
2016-12-03 13:15:00,2.132
2016-12-03 13:00:00,2.135
2016-12-03 12:45:00,2.136
2016-12-03 12:30:00,2.127
2016-12-03 12:15:00,2.113
2016-12-03 12:00:00,2.117
2016-12-03 11:45:00,2.127
2016-12-03 11:30:00,2.124
2016-12-03 11:15:00,2.133
2016-12-03 11:00:00,2.126
2016-12-03 10:45:00,2.126
2016-12-03 10:30:00,2.126
2016-12-03 10:15:00,2.131
2016-12-03 10:00:00,2.132
2016-12-03 09:45:00,2.134
2016-12-03 09:30:00,2.134
2016-12-03 09:15:00,2.124
2016-12-03 09:00:00,2.139
2016-12-03 08:45:00,2.142
2016-12-03 08:30:00,2.138
2016-12-03 08:15:00,2.138
2016-12-03 08:00:00,2.127
2016-12-03 07:45:00,2.15
2016-12-03 07:30:00,2.143
2016-12-03 07:15:00,2.162
2016-12-03 07:00:00,2.18
2016-12-03 06:45:00,2.183
2016-12-03 06:30:00,2.172
2016-12-03 06:15:00,2.153
2016-12-03 06:00:00,2.131
2016-12-03 05:45:00,2.134
2016-12-03 05:30:00,2.126
2016-12-03 05:15:00,2.133
2016-12-03 05:00:00,2.12
2016-12-03 04:45:00,2.107
2016-12-03 04:30:00,2.108
2016-12-03 04:15:00,2.104
2016-12-03 04:00:00,2.092
2016-12-03 03:45:00,2.099
2016-12-03 03:30:00,2.093
2016-12-03 03:15:00,2.094
2016-12-03 03:00:00,2.099
2016-12-03 02:45:00,2.101
2016-12-03 02:30:00,2.102
2016-12-03 02:15:00,2.097
2016-12-03 02:00:00,2.099
2016-12-03 01:45:00,2.097
2016-12-03 01:30:00,2.097
2016-12-03 01:15:00,2.1
2016-12-03 01:00:00,2.11
2016-12-03 00:45:00,2.119
2016-12-03 00:30:00,2.114
2016-12-03 00:15:00,2.106
2016-12-03 00:00:00,2.121
2016-12-02 23:45:00,2.119
2016-12-02 23:30:00,2.132
2016-12-02 23:15:00,2.143
2016-12-02 23:00:00,2.136
2016-12-02 22:45:00,2.141
2016-12-02 22:30:00,2.145
2016-12-02 22:15:00,2.14
2016-12-02 22:00:00,2.161
2016-12-02 21:45:00,2.155
2016-12-02 21:30:00,2.158
2016-12-02 21:15:00,2.143
2016-12-02 21:00:00,2.137
2016-12-02 20:45:00,2.136
2016-12-02 20:30:00,2.143
2016-12-02 20:15:00,2.142
2016-12-02 20:00:00,2.138
2016-12-02 19:45:00,2.158
2016-12-02 19:30:00,2.15
2016-12-02 19:15:00,2.157
2016-12-02 19:00:00,2.153
2016-12-02 18:45:00,2.167
2016-12-02 18:30:00,2.177
2016-12-02 18:15:00,2.194
2016-12-02 18:00:00,2.185
2016-12-02 17:45:00,2.172
2016-12-02 17:30:00,2.167
2016-12-02 17:15:00,2.167
2016-12-02 17:00:00,2.159
2016-12-02 16:45:00,2.154
2016-12-02 16:30:00,2.162
2016-12-02 16:15:00,2.149
2016-12-02 16:00:00,2.154
2016-12-02 15:45:00,2.175
2016-12-02 15:30:00,2.166
2016-12-02 15:15:00,2.167
2016-12-02 15:00:00,2.168
2016-12-02 14:45:00,2.167
2016-12-02 14:30:00,2.188
2016-12-02 14:15:00,1.36
2016-12-02 14:00:00,3.728
2016-12-02 13:45:00,2.199
2016-12-02 13:30:00,2.211
2016-12-02 13:15:00,4.514
2016-12-02 13:00:00,2.213
2016-12-02 12:45:00,4.354
2016-12-02 12:30:00,2.202
2016-12-02 12:15:00,6.988
2016-12-02 12:00:00,63.074
2016-12-02 11:45:00,1.94
2016-12-02 11:30:00,2.137
2016-12-02 11:15:00,2.145
2016-12-02 11:00:00,4.795
2016-12-02 10:45:00,2.138
2016-12-02 10:30:00,2.133
2016-12-02 10:15:00,2.134
2016-12-02 10:00:00,2.133
2016-12-02 09:45:00,2.114
2016-12-02 09:30:00,2.134
2016-12-02 09:15:00,2.14
2016-12-02 09:00:00,2.139
2016-12-02 08:45:00,2.137
2016-12-02 08:30:00,2.137
2016-12-02 08:15:00,7.123
2016-12-02 08:00:00,30.193
2016-12-02 07:45:00,0.372
2016-12-02 07:30:00,0.262
2016-12-02 07:15:00,2.249
2016-12-02 07:00:00,-1.037
2016-12-02 06:45:00,-5.616
2016-12-02 06:30:00,-2.212
2016-12-02 06:15:00,-0.123
2016-12-02 06:00:00,0.126
2016-12-02 05:45:00,2.091
2016-12-02 05:30:00,2.074
2016-12-02 05:15:00,4.004
2016-12-02 05:00:00,4.214
2016-12-02 04:45:00,2.156
2016-12-02 04:30:00,2.345
2016-12-02 04:15:00,2.092
2016-12-02 04:00:00,5.043
2016-12-02 03:45:00,8.927
2016-12-02 03:30:00,19.26
2016-12-02 03:15:00,19.126
2016-12-02 03:00:00,10.649
2016-12-02 02:45:00,2.092
2016-12-02 02:30:00,2.072
2016-12-02 02:15:00,9.694
2016-12-02 02:00:00,19.11
2016-12-02 01:45:00,20.562
2016-12-02 01:30:00,20.107
2016-12-02 01:15:00,18.756
2016-12-02 01:00:00,19.815
2016-12-02 00:45:00,20.405
2016-12-02 00:30:00,19.949
2016-12-02 00:15:00,18.247
2016-12-02 00:00:00,19.504
2016-12-01 23:45:00,20.785
2016-12-01 23:30:00,19.685
2016-12-01 23:15:00,18.185
2016-12-01 23:00:00,20.453
2016-12-01 22:45:00,20.214
2016-12-01 22:30:00,19.194
2016-12-01 22:15:00,19.334
2016-12-01 22:00:00,19.443
2016-12-01 21:45:00,20.312
2016-12-01 21:30:00,18.415
2016-12-01 21:15:00,18.595
2016-12-01 21:00:00,19.01
2016-12-01 20:45:00,19.124
2016-12-01 20:30:00,19.414
2016-12-01 20:15:00,0.235
2016-12-01 20:00:00,-32.663
2016-12-01 19:45:00,-34.519
2016-12-01 19:30:00,-36.442
2016-12-01 19:15:00,-37.362
2016-12-01 19:00:00,-37.687
2016-12-01 18:45:00,-34.347
2016-12-01 18:30:00,-34.139
2016-12-01 18:15:00,-33.795
2016-12-01 18:00:00,-34.748
2016-12-01 17:45:00,-34.19
2016-12-01 17:30:00,-33.341
2016-12-01 17:15:00,-33.978
2016-12-01 17:00:00,2.164
2016-12-01 16:45:00,1.861
2016-12-01 16:30:00,0.794
2016-12-01 16:15:00,2.163
2016-12-01 16:00:00,2.159
2016-12-01 15:45:00,2.171
2016-12-01 15:30:00,2.175
2016-12-01 15:15:00,2.175
2016-12-01 15:00:00,2.178
2016-12-01 14:45:00,2.18
2016-12-01 14:30:00,2.186
2016-12-01 14:15:00,2.201
2016-12-01 14:00:00,2.207
2016-12-01 13:45:00,2.199
2016-12-01 13:30:00,2.186
2016-12-01 13:15:00,2.193
2016-12-01 13:00:00,2.193
2016-12-01 12:45:00,2.197
2016-12-01 12:30:00,2.222
2016-12-01 12:15:00,2.292
2016-12-01 12:00:00,2.342
2016-12-01 11:45:00,2.492
2016-12-01 11:30:00,107.529
2016-12-01 11:15:00,87.513
2016-12-01 11:00:00,170.789
2016-12-01 10:45:00,158.89
2016-12-01 10:30:00,150.489
2016-12-01 10:15:00,142.182
2016-12-01 10:00:00,140.828
2016-12-01 09:45:00,140.429
2016-12-01 09:30:00,115.655
2016-12-01 09:15:00,112.239
2016-12-01 09:00:00,112.621
2016-12-01 08:45:00,87.777
2016-12-01 08:30:00,66.895
2016-12-01 08:15:00,31.72
2016-12-01 08:00:00,25.149
2016-12-01 07:45:00,7.913
2016-12-01 07:30:00,1.687
2016-12-01 07:15:00,1.709
2016-12-01 07:00:00,1.718
2016-12-01 06:45:00,1.693
2016-12-01 06:30:00,1.674
2016-12-01 06:15:00,1.638
2016-12-01 06:00:00,1.656
2016-12-01 05:45:00,1.649
2016-12-01 05:30:00,1.646
2016-12-01 05:15:00,1.667
2016-12-01 05:00:00,1.662
2016-12-01 04:45:00,1.67
2016-12-01 04:30:00,1.666
2016-12-01 04:15:00,1.686
2016-12-01 04:00:00,1.707
2016-12-01 03:45:00,1.707
2016-12-01 03:30:00,1.688
2016-12-01 03:15:00,-0.012
2016-12-01 03:00:00,-10.715
2016-12-01 02:45:00,1.647
2016-12-01 02:30:00,0.362
2016-12-01 02:15:00,0.274
2016-12-01 02:00:00,1.574
2016-12-01 01:45:00,1.477
2016-12-01 01:30:00,-0.876
2016-12-01 01:15:00,-6.16
2016-12-01 01:00:00,-7.524
2016-12-01 00:45:00,-9.078
2016-12-01 00:30:00,-11.381
2016-12-01 00:15:00,-18.339
2016-12-01 00:00:00,-11.795
2016-11-30 23:45:00,-12.334
2016-11-30 23:30:00,-12.664
2016-11-30 23:15:00,-11.255
2016-11-30 23:00:00,-13.541
2016-11-30 22:45:00,-15.781
2016-11-30 22:30:00,-14.964
2016-11-30 22:15:00,-15.523
2016-11-30 22:00:00,-19.772
2016-11-30 21:45:00,-20.383
2016-11-30 21:30:00,-22.249
2016-11-30 21:15:00,-21.723
2016-11-30 21:00:00,-23.366
2016-11-30 20:45:00,-24.136
2016-11-30 20:30:00,-23.108
2016-11-30 20:15:00,-32.447
2016-11-30 20:00:00,-51.016
2016-11-30 19:45:00,-47.412
2016-11-30 19:30:00,-48.314
2016-11-30 19:15:00,-49.6
2016-11-30 19:00:00,-48.796
2016-11-30 18:45:00,-48.137
2016-11-30 18:30:00,-50.651
2016-11-30 18:15:00,-54.025
2016-11-30 18:00:00,-54.279
2016-11-30 17:45:00,-54.169
2016-11-30 17:30:00,-56.224
2016-11-30 17:15:00,-57.231
2016-11-30 17:00:00,-64.619
2016-11-30 16:45:00,-64.227
2016-11-30 16:30:00,-74.066
2016-11-30 16:15:00,-72.135
2016-11-30 16:00:00,-71.945
2016-11-30 15:45:00,-63.149
2016-11-30 15:30:00,-31.201
2016-11-30 15:15:00,-0.216
2016-11-30 15:00:00,2.171
2016-11-30 14:45:00,2.178
2016-11-30 14:30:00,2.177
2016-11-30 14:15:00,2.17
2016-11-30 14:00:00,2.17
2016-11-30 13:45:00,2.183
2016-11-30 13:30:00,2.176
2016-11-30 13:15:00,2.185
2016-11-30 13:00:00,2.192
2016-11-30 12:45:00,2.193
2016-11-30 12:30:00,2.187
2016-11-30 12:15:00,2.204
2016-11-30 12:00:00,2.265
2016-11-30 11:45:00,2.335
2016-11-30 11:30:00,2.381
2016-11-30 11:15:00,2.621
2016-11-30 11:00:00,154.743
2016-11-30 10:45:00,151.499
2016-11-30 10:30:00,143.77
2016-11-30 10:15:00,143.249
2016-11-30 10:00:00,147.606
2016-11-30 09:45:00,149.156
2016-11-30 09:30:00,144.393
2016-11-30 09:15:00,135.616
2016-11-30 09:00:00,128.971
2016-11-30 08:45:00,115.622
2016-11-30 08:30:00,100.004
2016-11-30 08:15:00,57.806
2016-11-30 08:00:00,41.477
2016-11-30 07:45:00,19.146
2016-11-30 07:30:00,-20.436
2016-11-30 07:15:00,-22.487
2016-11-30 07:00:00,-29.209
2016-11-30 06:45:00,-24.332
2016-11-30 06:30:00,-22.056
2016-11-30 06:15:00,-23.95
2016-11-30 06:00:00,-23.668
2016-11-30 05:45:00,-26.379
2016-11-30 05:30:00,-30.655
2016-11-30 05:15:00,-19.788
2016-11-30 05:00:00,-16.599
2016-11-30 04:45:00,-18.02
2016-11-30 04:30:00,-17.309
2016-11-30 04:15:00,-18.736
2016-11-30 04:00:00,-18.99
2016-11-30 03:45:00,-18.474
2016-11-30 03:30:00,-3.228
2016-11-30 03:15:00,-4.762
2016-11-30 03:00:00,-5.655
2016-11-30 02:45:00,-22.996
2016-11-30 02:30:00,-23.519
2016-11-30 02:15:00,-24.323
2016-11-30 02:00:00,-25.816
2016-11-30 01:45:00,-27.685
2016-11-30 01:30:00,-17.255
2016-11-30 01:15:00,-10.133
2016-11-30 01:00:00,-10.508
2016-11-30 00:45:00,-15.589
2016-11-30 00:30:00,-26.205
2016-11-30 00:15:00,-26.604
2016-11-30 00:00:00,-23.759
2016-11-29 23:45:00,-9.459
2016-11-29 23:30:00,-10.203
2016-11-29 23:15:00,-9.886
2016-11-29 23:00:00,-9.614
2016-11-29 22:45:00,-9.172
2016-11-29 22:30:00,-10.638
2016-11-29 22:15:00,-9.745
2016-11-29 22:00:00,-10.35
2016-11-29 21:45:00,-10.157
2016-11-29 21:30:00,-10.132
2016-11-29 21:15:00,-9.781
2016-11-29 21:00:00,-10.271
2016-11-29 20:45:00,-12.655
2016-11-29 20:30:00,-15.005
2016-11-29 20:15:00,-17.573
2016-11-29 20:00:00,-28.24
2016-11-29 19:45:00,-27.559
2016-11-29 19:30:00,-27.521
2016-11-29 19:15:00,-27.839
2016-11-29 19:00:00,-30.411
2016-11-29 18:45:00,-32.865
2016-11-29 18:30:00,-32.844
2016-11-29 18:15:00,-32.286
2016-11-29 18:00:00,-33.109
2016-11-29 17:45:00,-32.401
2016-11-29 17:30:00,-33.526
2016-11-29 17:15:00,-33.761
2016-11-29 17:00:00,-24.767
2016-11-29 16:45:00,-24.636
2016-11-29 16:30:00,-24.482
2016-11-29 16:15:00,-30.416
2016-11-29 16:00:00,-45.762
2016-11-29 15:45:00,-20.814
2016-11-29 15:30:00,1.506
2016-11-29 15:15:00,2.112
2016-11-29 15:00:00,2.119
2016-11-29 14:45:00,2.123
2016-11-29 14:30:00,2.128
2016-11-29 14:15:00,2.132
2016-11-29 14:00:00,2.139
2016-11-29 13:45:00,2.144
2016-11-29 13:30:00,2.155
2016-11-29 13:15:00,2.161
2016-11-29 13:00:00,2.175
2016-11-29 12:45:00,2.193
2016-11-29 12:30:00,2.282
2016-11-29 12:15:00,2.301
2016-11-29 12:00:00,2.471
2016-11-29 11:45:00,87.051
2016-11-29 11:30:00,148.524
2016-11-29 11:15:00,145.556
2016-11-29 11:00:00,142.355
2016-11-29 10:45:00,137.945
2016-11-29 10:30:00,138.664
2016-11-29 10:15:00,134.455
2016-11-29 10:00:00,135.018
2016-11-29 09:45:00,128.073
2016-11-29 09:30:00,117.552
2016-11-29 09:15:00,111.129
2016-11-29 09:00:00,88.868
2016-11-29 08:45:00,71.954
2016-11-29 08:30:00,62.53
2016-11-29 08:15:00,20.178
2016-11-29 08:00:00,9.992
2016-11-29 07:45:00,2.689
2016-11-29 07:30:00,1.663
2016-11-29 07:15:00,1.645
2016-11-29 07:00:00,1.656
2016-11-29 06:45:00,1.634
2016-11-29 06:30:00,1.646
2016-11-29 06:15:00,1.62
2016-11-29 06:00:00,1.59
2016-11-29 05:45:00,1.611
2016-11-29 05:30:00,1.625
2016-11-29 05:15:00,1.623
2016-11-29 05:00:00,1.654
2016-11-29 04:45:00,1.643
2016-11-29 04:30:00,1.629
2016-11-29 04:15:00,1.613
2016-11-29 04:00:00,1.629
2016-11-29 03:45:00,1.63
2016-11-29 03:30:00,1.654
2016-11-29 03:15:00,1.654
2016-11-29 03:00:00,1.657
2016-11-29 02:45:00,1.653
2016-11-29 02:30:00,1.651
2016-11-29 02:15:00,1.649
2016-11-29 02:00:00,1.688
2016-11-29 01:45:00,1.688
2016-11-29 01:30:00,1.666
2016-11-29 01:15:00,1.65
2016-11-29 01:00:00,1.63
2016-11-29 00:45:00,1.625
2016-11-29 00:30:00,1.638
2016-11-29 00:15:00,1.675
2016-11-29 00:00:00,1.671
2016-11-28 23:45:00,1.655
2016-11-28 23:30:00,1.654
2016-11-28 23:15:00,1.655
2016-11-28 23:00:00,1.678
2016-11-28 22:45:00,1.71
2016-11-28 22:30:00,1.696
2016-11-28 22:15:00,1.689
2016-11-28 22:00:00,1.68
2016-11-28 21:45:00,1.676
2016-11-28 21:30:00,1.673
2016-11-28 21:15:00,1.67
2016-11-28 21:00:00,1.688
2016-11-28 20:45:00,1.708
2016-11-28 20:30:00,1.741
2016-11-28 20:15:00,1.804
2016-11-28 20:00:00,1.8
2016-11-28 19:45:00,1.805
2016-11-28 19:30:00,1.783
2016-11-28 19:15:00,1.795
2016-11-28 19:00:00,1.805
2016-11-28 18:45:00,1.801
2016-11-28 18:30:00,1.786
2016-11-28 18:15:00,1.798
2016-11-28 18:00:00,1.781
2016-11-28 17:45:00,1.792
2016-11-28 17:30:00,-27.279
2016-11-28 17:15:00,-78.378
2016-11-28 17:00:00,-37.135
2016-11-28 16:45:00,-39.641
2016-11-28 16:30:00,-51.858
2016-11-28 16:15:00,-55.671
2016-11-28 16:00:00,-55.297
2016-11-28 15:45:00,-55.285
2016-11-28 15:30:00,-49.164
2016-11-28 15:15:00,-45.7
2016-11-28 15:00:00,-50.59
2016-11-28 14:45:00,-51.91
2016-11-28 14:30:00,-51.743
2016-11-28 14:15:00,-26.547
2016-11-28 14:00:00,-19.313
2016-11-28 13:45:00,-29.514
2016-11-28 13:30:00,46.822
2016-11-28 13:15:00,97.475
2016-11-28 13:00:00,98.926
2016-11-28 12:45:00,92.505
2016-11-28 12:30:00,62.112
2016-11-28 12:15:00,97.461
2016-11-28 12:00:00,-29.329
2016-11-28 11:45:00,-5.045
2016-11-28 11:30:00,0.617
2016-11-28 11:15:00,19.641
2016-11-28 11:00:00,17.71
2016-11-28 10:45:00,8.441
2016-11-28 10:30:00,64.996
2016-11-28 10:15:00,80.198
2016-11-28 10:00:00,35.334
2016-11-28 09:45:00,24.271
2016-11-28 09:30:00,-1.375
2016-11-28 09:15:00,20.406
2016-11-28 09:00:00,-0.835
2016-11-28 08:45:00,41.273
2016-11-28 08:30:00,24.943
2016-11-28 08:15:00,40.402
2016-11-28 08:00:00,-0.034
2016-11-28 07:45:00,-6.005
2016-11-28 07:30:00,-4.232
2016-11-28 07:15:00,-14.776
2016-11-28 07:00:00,-25.862
2016-11-28 06:45:00,-21.799
2016-11-28 06:30:00,-7.132
2016-11-28 06:15:00,-10.676
2016-11-28 06:00:00,-19.512
2016-11-28 05:45:00,-23.317
2016-11-28 05:30:00,-32.912
2016-11-28 05:15:00,-20.605
2016-11-28 05:00:00,0.826
2016-11-28 04:45:00,1.251
2016-11-28 04:30:00,-11.052
2016-11-28 04:15:00,-20.924
2016-11-28 04:00:00,-22.877
2016-11-28 03:45:00,-19.806
2016-11-28 03:30:00,-6.073
2016-11-28 03:15:00,-5.008
2016-11-28 03:00:00,-24.104
2016-11-28 02:45:00,-26.134
2016-11-28 02:30:00,-20.846
2016-11-28 02:15:00,-9.802
2016-11-28 02:00:00,-9.965
2016-11-28 01:45:00,-27.786
2016-11-28 01:30:00,-29.768
2016-11-28 01:15:00,-30.195
2016-11-28 01:00:00,-14.853
2016-11-28 00:45:00,-15.278
2016-11-28 00:30:00,-13.916
2016-11-28 00:15:00,-29.31
2016-11-28 00:00:00,-33.534
2016-11-27 23:45:00,-34.578
2016-11-27 23:30:00,-20.504
2016-11-27 23:15:00,-17.254
2016-11-27 23:00:00,-18.465
2016-11-27 22:45:00,-17.909
2016-11-27 22:30:00,-35.316
2016-11-27 22:15:00,-36.752
2016-11-27 22:00:00,-36.836
2016-11-27 21:45:00,-19.293
2016-11-27 21:30:00,-21.625
2016-11-27 21:15:00,-21.612
2016-11-27 21:00:00,-22.817
2016-11-27 20:45:00,-20.73
2016-11-27 20:30:00,-22.263
2016-11-27 20:15:00,-22.5
2016-11-27 20:00:00,-35.547
2016-11-27 19:45:00,-39.872
2016-11-27 19:30:00,-41.165
2016-11-27 19:15:00,-33.089
2016-11-27 19:00:00,-24.738
2016-11-27 18:45:00,-24.517
2016-11-27 18:30:00,-25.132
2016-11-27 18:15:00,-25.962
2016-11-27 18:00:00,-22.288
2016-11-27 17:45:00,-24.711
2016-11-27 17:30:00,-24.088
2016-11-27 17:15:00,-24.392
2016-11-27 17:00:00,-19.748
2016-11-27 16:45:00,-20.205
2016-11-27 16:30:00,-14.016
2016-11-27 16:15:00,-10.531
2016-11-27 16:00:00,-1.052
2016-11-27 15:45:00,-1.185
2016-11-27 15:30:00,1.333
2016-11-27 15:15:00,2.138
2016-11-27 15:00:00,2.146
2016-11-27 14:45:00,4.224
2016-11-27 14:30:00,2.166
2016-11-27 14:15:00,4.525
2016-11-27 14:00:00,4.277
2016-11-27 13:45:00,6.732
2016-11-27 13:30:00,20.902
2016-11-27 13:15:00,138.396
2016-11-27 13:00:00,54.046
2016-11-27 12:45:00,96.001
2016-11-27 12:30:00,127.43
2016-11-27 12:15:00,138.419
2016-11-27 12:00:00,99.601
2016-11-27 11:45:00,80.509
2016-11-27 11:30:00,36.973
2016-11-27 11:15:00,63.954
2016-11-27 11:00:00,198.414
2016-11-27 10:45:00,37.634
2016-11-27 10:30:00,56.747
2016-11-27 10:15:00,18.048
2016-11-27 10:00:00,34.782
2016-11-27 09:45:00,74.777
2016-11-27 09:30:00,18.797
2016-11-27 09:15:00,38.173
2016-11-27 09:00:00,17.392
2016-11-27 08:45:00,2.592
2016-11-27 08:30:00,9.674
2016-11-27 08:15:00,27.705
2016-11-27 08:00:00,64.218
2016-11-27 07:45:00,24.543
2016-11-27 07:30:00,4.61
2016-11-27 07:15:00,-0.969
2016-11-27 07:00:00,-1.65
2016-11-27 06:45:00,-5.163
2016-11-27 06:30:00,-4.304
2016-11-27 06:15:00,1.337
2016-11-27 06:00:00,1.607
2016-11-27 05:45:00,-1.002
2016-11-27 05:30:00,-13.437
2016-11-27 05:15:00,-16.631
2016-11-27 05:00:00,-11.158
2016-11-27 04:45:00,1.518
2016-11-27 04:30:00,1.536
2016-11-27 04:15:00,-0.376
2016-11-27 04:00:00,-17.102
2016-11-27 03:45:00,-18.008
2016-11-27 03:30:00,-19.76
2016-11-27 03:15:00,-5.321
2016-11-27 03:00:00,-1.47
2016-11-27 02:45:00,-0.657
2016-11-27 02:30:00,-11.839
2016-11-27 02:15:00,-22.78
2016-11-27 02:00:00,-23.199
2016-11-27 01:45:00,-25.113
2016-11-27 01:30:00,-17.82
2016-11-27 01:15:00,-10.124
2016-11-27 01:00:00,-7.75
2016-11-27 00:45:00,-10.204
2016-11-27 00:30:00,-28.49
2016-11-27 00:15:00,-28.297
2016-11-27 00:00:00,-29.768
2016-11-26 23:45:00,-20.108
2016-11-26 23:30:00,-16.46
2016-11-26 23:15:00,-12.752
2016-11-26 23:00:00,-13.264
2016-11-26 22:45:00,-23.047
2016-11-26 22:30:00,-32.035
2016-11-26 22:15:00,-31.184
2016-11-26 22:00:00,-19.12
2016-11-26 21:45:00,-18.355
2016-11-26 21:30:00,-17.198
2016-11-26 21:15:00,-26.932
2016-11-26 21:00:00,-35.152
2016-11-26 20:45:00,-34.074
2016-11-26 20:30:00,-19.253
2016-11-26 20:15:00,-20.093
2016-11-26 20:00:00,-22.423
2016-11-26 19:45:00,-18.539
2016-11-26 19:30:00,-35.211
2016-11-26 19:15:00,-38.452
2016-11-26 19:00:00,-40.07
2016-11-26 18:45:00,-39.965
2016-11-26 18:30:00,-27.308
2016-11-26 18:15:00,-26.823
2016-11-26 18:00:00,-25.432
2016-11-26 17:45:00,-25.086
2016-11-26 17:30:00,-24.828
2016-11-26 17:15:00,-24.297
2016-11-26 17:00:00,-21.138
2016-11-26 16:45:00,-20.945
2016-11-26 16:30:00,-18.073
2016-11-26 16:15:00,-31.06
2016-11-26 16:00:00,-34.539
2016-11-26 15:45:00,-27.639
2016-11-26 15:30:00,-21.613
2016-11-26 15:15:00,-11.543
2016-11-26 15:00:00,0.455
2016-11-26 14:45:00,2.6
2016-11-26 14:30:00,4.389
2016-11-26 14:15:00,10.497
2016-11-26 14:00:00,28.148
2016-11-26 13:45:00,42.644
2016-11-26 13:30:00,135.115
2016-11-26 13:15:00,143.713
2016-11-26 13:00:00,150.031
2016-11-26 12:45:00,61.312
2016-11-26 12:30:00,76.387
2016-11-26 12:15:00,58.247
2016-11-26 12:00:00,73.08
2016-11-26 11:45:00,115.397
2016-11-26 11:30:00,86.111
2016-11-26 11:15:00,67.496
2016-11-26 11:00:00,52.996
2016-11-26 10:45:00,25.924
2016-11-26 10:30:00,76.403
2016-11-26 10:15:00,60.878
2016-11-26 10:00:00,52.613
2016-11-26 09:45:00,33.664
2016-11-26 09:30:00,13.801
2016-11-26 09:15:00,23.24
2016-11-26 09:00:00,24.689
2016-11-26 08:45:00,33.713
2016-11-26 08:30:00,23.386
2016-11-26 08:15:00,27.598
2016-11-26 08:00:00,9.286
2016-11-26 07:45:00,1.612
2016-11-26 07:30:00,0.627
2016-11-26 07:15:00,-3.303
2016-11-26 07:00:00,-14.416
2016-11-26 06:45:00,-15.317
2016-11-26 06:30:00,-14.364
2016-11-26 06:15:00,-19.397
2016-11-26 06:00:00,-21.12
2016-11-26 05:45:00,-21.458
2016-11-26 05:30:00,-18.505
2016-11-26 05:15:00,-19.941
2016-11-26 05:00:00,-19.153
2016-11-26 04:45:00,-20.669
2016-11-26 04:30:00,-20.791
2016-11-26 04:15:00,-22.666
2016-11-26 04:00:00,-23.19
2016-11-26 03:45:00,-23.681
2016-11-26 03:30:00,-23.112
2016-11-26 03:15:00,-25.648
2016-11-26 03:00:00,-25.637
2016-11-26 02:45:00,-26.616
2016-11-26 02:30:00,-22.116
2016-11-26 02:15:00,-13.234
2016-11-26 02:00:00,-11.87
2016-11-26 01:45:00,-11.837
2016-11-26 01:30:00,-11.904
2016-11-26 01:15:00,-14.833
2016-11-26 01:00:00,-29.3
2016-11-26 00:45:00,-30.332
2016-11-26 00:30:00,-31.317
2016-11-26 00:15:00,-24.671
2016-11-26 00:00:00,-13.853
2016-11-25 23:45:00,-14.864
2016-11-25 23:30:00,-15.302
2016-11-25 23:15:00,-15.411
2016-11-25 23:00:00,-15.038
2016-11-25 22:45:00,-15.244
2016-11-25 22:30:00,-14.861
2016-11-25 22:15:00,-14.336
2016-11-25 22:00:00,-15.735
2016-11-25 21:45:00,-13.787
2016-11-25 21:30:00,-14.753
2016-11-25 21:15:00,-15.735
2016-11-25 21:00:00,-16.378
2016-11-25 20:45:00,-13.951
2016-11-25 20:30:00,-15.025
2016-11-25 20:15:00,-17.937
2016-11-25 20:00:00,-25.775
2016-11-25 19:45:00,-25.733
2016-11-25 19:30:00,-27.376
2016-11-25 19:15:00,-28.681
2016-11-25 19:00:00,-27.662
2016-11-25 18:45:00,-26.437
2016-11-25 18:30:00,-29.609
2016-11-25 18:15:00,-30.783
2016-11-25 18:00:00,-30.716
2016-11-25 17:45:00,-31.495
2016-11-25 17:30:00,-32.156
2016-11-25 17:15:00,-30.199
2016-11-25 17:00:00,-23.671
2016-11-25 16:45:00,-22.564
2016-11-25 16:30:00,-20.571
2016-11-25 16:15:00,-5.982
2016-11-25 16:00:00,-5.796
2016-11-25 15:45:00,2.124
2016-11-25 15:30:00,2.125
2016-11-25 15:15:00,2.122
2016-11-25 15:00:00,2.128
2016-11-25 14:45:00,2.123
2016-11-25 14:30:00,2.119
2016-11-25 14:15:00,2.121
2016-11-25 14:00:00,2.135
2016-11-25 13:45:00,2.143
2016-11-25 13:30:00,2.149
2016-11-25 13:15:00,2.149
2016-11-25 13:00:00,2.152
2016-11-25 12:45:00,2.157
2016-11-25 12:30:00,2.159
2016-11-25 12:15:00,2.172
2016-11-25 12:00:00,2.247
2016-11-25 11:45:00,2.313
2016-11-25 11:30:00,2.503
2016-11-25 11:15:00,114.303
2016-11-25 11:00:00,154.51
2016-11-25 10:45:00,150.644
2016-11-25 10:30:00,145.85
2016-11-25 10:15:00,142.582
2016-11-25 10:00:00,138.573
2016-11-25 09:45:00,129.668
2016-11-25 09:30:00,126.704
2016-11-25 09:15:00,117.616
2016-11-25 09:00:00,108.914
2016-11-25 08:45:00,100.54
2016-11-25 08:30:00,89.682
2016-11-25 08:15:00,55.477
2016-11-25 08:00:00,10.453
2016-11-25 07:45:00,-7.591
2016-11-25 07:30:00,-27.479
2016-11-25 07:15:00,-38.724
2016-11-25 07:00:00,-43.119
2016-11-25 06:45:00,-32.872
2016-11-25 06:30:00,-14.617
2016-11-25 06:15:00,-9.887
2016-11-25 06:00:00,-17.609
2016-11-25 05:45:00,-23.126
2016-11-25 05:30:00,-23.612
2016-11-25 05:15:00,-24.306
2016-11-25 05:00:00,-24.773
2016-11-25 04:45:00,-25.274
2016-11-25 04:30:00,-11.283
2016-11-25 04:15:00,-10.661
2016-11-25 04:00:00,-24.489
2016-11-25 03:45:00,-27.593
2016-11-25 03:30:00,-29.301
2016-11-25 03:15:00,-28.409
2016-11-25 03:00:00,-29.53
2016-11-25 02:45:00,-20.497
2016-11-25 02:30:00,-15.708
2016-11-25 02:15:00,-15.423
2016-11-25 02:00:00,-24.362
2016-11-25 01:45:00,-31.474
2016-11-25 01:30:00,-31.542
2016-11-25 01:15:00,-30.119
2016-11-25 01:00:00,-19.9
2016-11-25 00:45:00,-15.165
2016-11-25 00:30:00,-15.472
2016-11-25 00:15:00,-15.214
2016-11-25 00:00:00,-15.243
2016-11-24 23:45:00,-14.843
2016-11-24 23:30:00,-13.467
2016-11-24 23:15:00,-15.122
2016-11-24 23:00:00,-16.179
2016-11-24 22:45:00,-15.617
2016-11-24 22:30:00,-15.642
2016-11-24 22:15:00,-15.426
2016-11-24 22:00:00,-15.186
2016-11-24 21:45:00,-14.518
2016-11-24 21:30:00,-14.172
2016-11-24 21:15:00,-15.706
2016-11-24 21:00:00,-15.032
2016-11-24 20:45:00,-15.867
2016-11-24 20:30:00,-16.519
2016-11-24 20:15:00,-20.311
2016-11-24 20:00:00,-18.516
2016-11-24 19:45:00,-21.22
2016-11-24 19:30:00,-22.565
2016-11-24 19:15:00,-20.933
2016-11-24 19:00:00,-20.41
2016-11-24 18:45:00,-22.458
2016-11-24 18:30:00,-23.466
2016-11-24 18:15:00,-26.893
2016-11-24 18:00:00,-26.79
2016-11-24 17:45:00,-25.693
2016-11-24 17:30:00,-24.512
2016-11-24 17:15:00,-25.85
2016-11-24 17:00:00,-24.213
2016-11-24 16:45:00,-23.058
2016-11-24 16:30:00,-20.409
2016-11-24 16:15:00,-8.329
2016-11-24 16:00:00,-7.762
2016-11-24 15:45:00,1.965
2016-11-24 15:30:00,2.182
2016-11-24 15:15:00,2.179
2016-11-24 15:00:00,2.171
2016-11-24 14:45:00,2.169
2016-11-24 14:30:00,2.169
2016-11-24 14:15:00,2.17
2016-11-24 14:00:00,2.175
2016-11-24 13:45:00,2.188
2016-11-24 13:30:00,2.186
2016-11-24 13:15:00,2.198
2016-11-24 13:00:00,2.194
2016-11-24 12:45:00,2.201
2016-11-24 12:30:00,2.2
2016-11-24 12:15:00,2.196
2016-11-24 12:00:00,2.233
2016-11-24 11:45:00,2.27
2016-11-24 11:30:00,2.324
2016-11-24 11:15:00,2.412
2016-11-24 11:00:00,16.325
2016-11-24 10:45:00,160.12
2016-11-24 10:30:00,156.711
2016-11-24 10:15:00,151.688
2016-11-24 10:00:00,146.065
2016-11-24 09:45:00,140.992
2016-11-24 09:30:00,133.142
2016-11-24 09:15:00,129.472
2016-11-24 09:00:00,118.846
2016-11-24 08:45:00,108.535
2016-11-24 08:30:00,93.867
2016-11-24 08:15:00,71.76
2016-11-24 08:00:00,39.833
2016-11-24 07:45:00,13.343
2016-11-24 07:30:00,-14.573
2016-11-24 07:15:00,-11.387
2016-11-24 07:00:00,-7.805
2016-11-24 06:45:00,-10.548
2016-11-24 06:30:00,-11.85
2016-11-24 06:15:00,-0.296
2016-11-24 06:00:00,1.638
2016-11-24 05:45:00,-10.156
2016-11-24 05:30:00,-15.835
2016-11-24 05:15:00,-16.421
2016-11-24 05:00:00,-15.585
2016-11-24 04:45:00,-3.403
2016-11-24 04:30:00,0.539
2016-11-24 04:15:00,-0.215
2016-11-24 04:00:00,-10.864
2016-11-24 03:45:00,-21.542
2016-11-24 03:30:00,-22.425
2016-11-24 03:15:00,-23.825
2016-11-24 03:00:00,-10.493
2016-11-24 02:45:00,-11.25
2016-11-24 02:30:00,-10.56
2016-11-24 02:15:00,-12.259
2016-11-24 02:00:00,-12.343
2016-11-24 01:45:00,-13.105
2016-11-24 01:30:00,-11.693
2016-11-24 01:15:00,-13.763
2016-11-24 01:00:00,-13.437
2016-11-24 00:45:00,-12.712
2016-11-24 00:30:00,-14.137
2016-11-24 00:15:00,-15.063
2016-11-24 00:00:00,-14.938
2016-11-23 23:45:00,-13.926
2016-11-23 23:30:00,-14.519
2016-11-23 23:15:00,-15.349
2016-11-23 23:00:00,-14.126
2016-11-23 22:45:00,-15.325
2016-11-23 22:30:00,-17.3
2016-11-23 22:15:00,-15.074
2016-11-23 22:00:00,-14.923
2016-11-23 21:45:00,-15.071
2016-11-23 21:30:00,-16.516
2016-11-23 21:15:00,-14.285
2016-11-23 21:00:00,-15.257
2016-11-23 20:45:00,-16.865
2016-11-23 20:30:00,-19.62
2016-11-23 20:15:00,-23.116
2016-11-23 20:00:00,-31.718
2016-11-23 19:45:00,-31.425
2016-11-23 19:30:00,-31.494
2016-11-23 19:15:00,-30.695
2016-11-23 19:00:00,-31.559
2016-11-23 18:45:00,-30.997
2016-11-23 18:30:00,-31.467
2016-11-23 18:15:00,-32.545
2016-11-23 18:00:00,-32.444
2016-11-23 17:45:00,-30.969
2016-11-23 17:30:00,-32.353
2016-11-23 17:15:00,-32.391
2016-11-23 17:00:00,-25.627
2016-11-23 16:45:00,-42.912
2016-11-23 16:30:00,-48.326
2016-11-23 16:15:00,-37.254
2016-11-23 16:00:00,-30.822
2016-11-23 15:45:00,-32.235
2016-11-23 15:30:00,-13.473
2016-11-23 15:15:00,-0.755
2016-11-23 15:00:00,2.173
2016-11-23 14:45:00,2.177
2016-11-23 14:30:00,2.189
2016-11-23 14:15:00,2.207
2016-11-23 14:00:00,2.259
2016-11-23 13:45:00,2.331
2016-11-23 13:30:00,2.374
2016-11-23 13:15:00,41.664
2016-11-23 13:00:00,88.5
2016-11-23 12:45:00,99.033
2016-11-23 12:30:00,107.906
2016-11-23 12:15:00,98.785
2016-11-23 12:00:00,108.718
2016-11-23 11:45:00,112.83
2016-11-23 11:30:00,103.958
2016-11-23 11:15:00,100.595
2016-11-23 11:00:00,104.443
2016-11-23 10:45:00,98.612
2016-11-23 10:30:00,97.579
2016-11-23 10:15:00,89.639
2016-11-23 10:00:00,84.699
2016-11-23 09:45:00,75.747
2016-11-23 09:30:00,67.493
2016-11-23 09:15:00,58.073
2016-11-23 09:00:00,51.082
2016-11-23 08:45:00,37.132
2016-11-23 08:30:00,23.597
2016-11-23 08:15:00,5.889
2016-11-23 08:00:00,1.058
2016-11-23 07:45:00,-35.782
2016-11-23 07:30:00,-30.8
2016-11-23 07:15:00,-34.363
2016-11-23 07:00:00,-4.056
2016-11-23 06:45:00,-22.521
2016-11-23 06:30:00,-24.369
2016-11-23 06:15:00,-31.383
2016-11-23 06:00:00,-18.166
2016-11-23 05:45:00,-17.62
2016-11-23 05:30:00,-13.861
2016-11-23 05:15:00,1.585
2016-11-23 05:00:00,-17.083
2016-11-23 04:45:00,-19.718
2016-11-23 04:30:00,-21.479
2016-11-23 04:15:00,-7.012
2016-11-23 04:00:00,-8.0
2016-11-23 03:45:00,-7.33
2016-11-23 03:30:00,-7.09
2016-11-23 03:15:00,-7.551
2016-11-23 03:00:00,-9.467
2016-11-23 02:45:00,-7.576
2016-11-23 02:30:00,-8.671
2016-11-23 02:15:00,-11.099
2016-11-23 02:00:00,-15.451
2016-11-23 01:45:00,-13.57
2016-11-23 01:30:00,-15.261
2016-11-23 01:15:00,-15.28
2016-11-23 01:00:00,-16.461
2016-11-23 00:45:00,-15.144
2016-11-23 00:30:00,-18.344
2016-11-23 00:15:00,-16.57
2016-11-23 00:00:00,-16.373
2016-11-22 23:45:00,-16.196
2016-11-22 23:30:00,-18.395
2016-11-22 23:15:00,-17.158
2016-11-22 23:00:00,-16.704
2016-11-22 22:45:00,-17.093
2016-11-22 22:30:00,-18.357
2016-11-22 22:15:00,-16.942
2016-11-22 22:00:00,-17.607
2016-11-22 21:45:00,-21.453
2016-11-22 21:30:00,-22.191
2016-11-22 21:15:00,-21.37
2016-11-22 21:00:00,-21.728
2016-11-22 20:45:00,-22.138
2016-11-22 20:30:00,-21.226
2016-11-22 20:15:00,-24.697
2016-11-22 20:00:00,-32.395
2016-11-22 19:45:00,-32.675
2016-11-22 19:30:00,-31.541
2016-11-22 19:15:00,-31.852
2016-11-22 19:00:00,-31.724
2016-11-22 18:45:00,-33.437
2016-11-22 18:30:00,-31.816
2016-11-22 18:15:00,-32.347
2016-11-22 18:00:00,-33.21
2016-11-22 17:45:00,-33.708
2016-11-22 17:30:00,-31.161
2016-11-22 17:15:00,-33.666
2016-11-22 17:00:00,-25.365
2016-11-22 16:45:00,-38.428
2016-11-22 16:30:00,-43.328
2016-11-22 16:15:00,-33.483
2016-11-22 16:00:00,-32.803
2016-11-22 15:45:00,-13.343
2016-11-22 15:30:00,2.172
2016-11-22 15:15:00,2.185
2016-11-22 15:00:00,2.184
2016-11-22 14:45:00,2.195
2016-11-22 14:30:00,2.199
2016-11-22 14:15:00,2.194
2016-11-22 14:00:00,2.202
2016-11-22 13:45:00,2.203
2016-11-22 13:30:00,2.247
2016-11-22 13:15:00,2.326
2016-11-22 13:00:00,2.36
2016-11-22 12:45:00,30.207
2016-11-22 12:30:00,100.216
2016-11-22 12:15:00,106.472
2016-11-22 12:00:00,114.458
2016-11-22 11:45:00,114.441
2016-11-22 11:30:00,120.535
2016-11-22 11:15:00,121.862
2016-11-22 11:00:00,117.673
2016-11-22 10:45:00,114.322
2016-11-22 10:30:00,109.832
2016-11-22 10:15:00,108.426
2016-11-22 10:00:00,105.359
2016-11-22 09:45:00,96.512
2016-11-22 09:30:00,60.291
2016-11-22 09:15:00,72.851
2016-11-22 09:00:00,58.069
2016-11-22 08:45:00,44.73
2016-11-22 08:30:00,33.909
2016-11-22 08:15:00,18.953
2016-11-22 08:00:00,7.358
2016-11-22 07:45:00,11.657
2016-11-22 07:30:00,-12.954
2016-11-22 07:15:00,-32.267
2016-11-22 07:00:00,-28.405
2016-11-22 06:45:00,-28.103
2016-11-22 06:30:00,-16.394
2016-11-22 06:15:00,-20.852
2016-11-22 06:00:00,-19.169
2016-11-22 05:45:00,-32.886
2016-11-22 05:30:00,-35.909
2016-11-22 05:15:00,-25.527
2016-11-22 05:00:00,-2.601
2016-11-22 04:45:00,-2.64
2016-11-22 04:30:00,-2.574
2016-11-22 04:15:00,-3.232
2016-11-22 04:00:00,-1.446
2016-11-22 03:45:00,-19.864
2016-11-22 03:30:00,-23.388
2016-11-22 03:15:00,-22.54
2016-11-22 03:00:00,-12.462
2016-11-22 02:45:00,-11.989
2016-11-22 02:30:00,-12.503
2016-11-22 02:15:00,-12.143
2016-11-22 02:00:00,-11.168
2016-11-22 01:45:00,-14.321
2016-11-22 01:30:00,-14.341
2016-11-22 01:15:00,-14.047
2016-11-22 01:00:00,-13.226
2016-11-22 00:45:00,-16.064
2016-11-22 00:30:00,-14.944
2016-11-22 00:15:00,-13.803
2016-11-22 00:00:00,-15.451
2016-11-21 23:45:00,-15.16
2016-11-21 23:30:00,-14.483
2016-11-21 23:15:00,-14.903
2016-11-21 23:00:00,-16.421
2016-11-21 22:45:00,-15.29
2016-11-21 22:30:00,-16.734
2016-11-21 22:15:00,-15.363
2016-11-21 22:00:00,-17.331
2016-11-21 21:45:00,-15.736
2016-11-21 21:30:00,-16.096
2016-11-21 21:15:00,-16.019
2016-11-21 21:00:00,-17.643
2016-11-21 20:45:00,-15.488
2016-11-21 20:30:00,-16.641
2016-11-21 20:15:00,-20.248
2016-11-21 20:00:00,-26.983
2016-11-21 19:45:00,-25.865
2016-11-21 19:30:00,-26.284
2016-11-21 19:15:00,-26.823
2016-11-21 19:00:00,-25.528
2016-11-21 18:45:00,-25.386
2016-11-21 18:30:00,-27.879
2016-11-21 18:15:00,-26.036
2016-11-21 18:00:00,-24.486
2016-11-21 17:45:00,-0.958
2016-11-21 17:30:00,0.785
2016-11-21 17:15:00,-14.405
2016-11-21 17:00:00,-24.725
2016-11-21 16:45:00,-1.824
2016-11-21 16:30:00,-0.953
2016-11-21 16:15:00,-0.958
2016-11-21 16:00:00,-0.96
2016-11-21 15:45:00,-0.957
2016-11-21 15:30:00,-0.955
2016-11-21 15:15:00,-0.959
2016-11-21 15:00:00,-0.957
2016-11-21 14:45:00,-0.955
2016-11-21 14:30:00,-0.961
2016-11-21 14:15:00,-0.958
2016-11-21 14:00:00,-0.955
2016-11-21 13:45:00,-0.959
2016-11-21 13:30:00,-0.956
2016-11-21 13:15:00,-0.958
2016-11-21 13:00:00,-0.964
2016-11-21 12:45:00,-0.961
2016-11-21 12:30:00,-0.958
2016-11-21 12:15:00,-0.959
2016-11-21 12:00:00,-0.96
2016-11-21 11:45:00,-0.961
2016-11-21 11:30:00,-0.963
2016-11-21 11:15:00,-0.959
2016-11-21 11:00:00,-0.955
2016-11-21 10:45:00,-0.958
2016-11-21 10:30:00,-0.95
2016-11-21 10:15:00,-0.95
2016-11-21 10:00:00,-0.958
2016-11-21 09:45:00,-0.939
2016-11-21 09:30:00,-0.936
2016-11-21 09:15:00,-0.943
2016-11-21 09:00:00,-0.944
2016-11-21 08:45:00,-0.944
2016-11-21 08:30:00,-0.941
2016-11-21 08:15:00,-0.938
2016-11-21 08:00:00,-0.937
2016-11-21 07:45:00,-0.939
2016-11-21 07:30:00,-0.943
2016-11-21 07:15:00,-0.943
2016-11-21 07:00:00,-0.944
2016-11-21 06:45:00,-0.94
2016-11-21 06:30:00,-0.945
2016-11-21 06:15:00,-0.937
2016-11-21 06:00:00,-0.936
2016-11-21 05:45:00,-0.937
2016-11-21 05:30:00,-0.932
2016-11-21 05:15:00,-0.935
2016-11-21 05:00:00,-0.935
2016-11-21 04:45:00,-0.938
2016-11-21 04:30:00,-0.933
2016-11-21 04:15:00,-0.929
2016-11-21 04:00:00,-0.932
2016-11-21 03:45:00,-0.932
2016-11-21 03:30:00,-0.931
2016-11-21 03:15:00,-0.93
2016-11-21 03:00:00,-0.932
2016-11-21 02:45:00,-0.932
2016-11-21 02:30:00,-0.931
2016-11-21 02:15:00,-0.931
2016-11-21 02:00:00,-0.933
2016-11-21 01:45:00,-0.937
2016-11-21 01:30:00,-0.935
2016-11-21 01:15:00,-0.934
2016-11-21 01:00:00,-0.934
2016-11-21 00:45:00,-0.935
2016-11-21 00:30:00,-0.934
2016-11-21 00:15:00,-0.934
2016-11-21 00:00:00,-0.934
2016-11-20 23:45:00,-0.946
2016-11-20 23:30:00,-0.943
2016-11-20 23:15:00,-0.941
2016-11-20 23:00:00,-0.944
2016-11-20 22:45:00,-0.94
2016-11-20 22:30:00,-0.941
2016-11-20 22:15:00,-0.946
2016-11-20 22:00:00,-0.945
2016-11-20 21:45:00,-0.943
2016-11-20 21:30:00,-0.941
2016-11-20 21:15:00,-0.94
2016-11-20 21:00:00,-0.94
2016-11-20 20:45:00,-0.948
2016-11-20 20:30:00,-0.948
2016-11-20 20:15:00,-0.944
2016-11-20 20:00:00,-0.947
2016-11-20 19:45:00,-0.955
2016-11-20 19:30:00,-0.953
2016-11-20 19:15:00,-0.951
2016-11-20 19:00:00,-0.948
2016-11-20 18:45:00,-0.946
2016-11-20 18:30:00,-0.946
2016-11-20 18:15:00,-0.948
2016-11-20 18:00:00,-0.951
2016-11-20 17:45:00,-0.951
2016-11-20 17:30:00,-0.949
2016-11-20 17:15:00,-0.941
2016-11-20 17:00:00,-0.936
2016-11-20 16:45:00,-0.939
2016-11-20 16:30:00,-0.938
2016-11-20 16:15:00,-0.94
2016-11-20 16:00:00,-0.939
2016-11-20 15:45:00,-0.938
2016-11-20 15:30:00,-0.94
2016-11-20 15:15:00,-0.943
2016-11-20 15:00:00,-0.94
2016-11-20 14:45:00,-0.941
2016-11-20 14:30:00,-0.941
2016-11-20 14:15:00,-0.944
2016-11-20 14:00:00,-0.944
2016-11-20 13:45:00,-0.947
2016-11-20 13:30:00,-0.939
2016-11-20 13:15:00,-0.938
2016-11-20 13:00:00,-0.944
2016-11-20 12:45:00,-0.943
2016-11-20 12:30:00,-0.94
2016-11-20 12:15:00,-0.941
2016-11-20 12:00:00,-0.937
2016-11-20 11:45:00,-0.932
2016-11-20 11:30:00,-0.934
2016-11-20 11:15:00,-0.933
2016-11-20 11:00:00,-0.937
2016-11-20 10:45:00,-0.931
2016-11-20 10:30:00,-0.933
2016-11-20 10:15:00,-0.936
2016-11-20 10:00:00,-0.938
2016-11-20 09:45:00,-0.937
2016-11-20 09:30:00,-0.933
2016-11-20 09:15:00,-0.938
2016-11-20 09:00:00,-0.932
2016-11-20 08:45:00,-0.926
2016-11-20 08:30:00,-0.926
2016-11-20 08:15:00,-0.923
2016-11-20 08:00:00,-0.929
2016-11-20 07:45:00,-0.92
2016-11-20 07:30:00,-0.92
2016-11-20 07:15:00,-0.924
2016-11-20 07:00:00,-0.931
2016-11-20 06:45:00,-0.938
2016-11-20 06:30:00,-0.938
2016-11-20 06:15:00,-0.939
2016-11-20 06:00:00,-0.941
2016-11-20 05:45:00,-0.938
2016-11-20 05:30:00,-0.938
2016-11-20 05:15:00,-0.938
2016-11-20 05:00:00,-0.939
2016-11-20 04:45:00,-0.939
2016-11-20 04:30:00,-0.938
2016-11-20 04:15:00,-0.935
2016-11-20 04:00:00,-0.938
2016-11-20 03:45:00,-0.938
2016-11-20 03:30:00,-0.938
2016-11-20 03:15:00,-0.938
2016-11-20 03:00:00,-0.925
2016-11-20 02:45:00,-0.924
2016-11-20 02:30:00,-0.923
2016-11-20 02:15:00,-0.923
2016-11-20 02:00:00,-0.929
2016-11-20 01:45:00,-0.934
2016-11-20 01:30:00,-0.933
2016-11-20 01:15:00,-0.935
2016-11-20 01:00:00,-0.932
2016-11-20 00:45:00,-0.933
2016-11-20 00:30:00,-0.931
2016-11-20 00:15:00,-0.929
2016-11-20 00:00:00,-0.93
2016-11-19 23:45:00,-0.93
2016-11-19 23:30:00,-0.932
2016-11-19 23:15:00,-0.931
2016-11-19 23:00:00,-0.941
2016-11-19 22:45:00,-0.943
2016-11-19 22:30:00,-0.939
2016-11-19 22:15:00,-0.937
2016-11-19 22:00:00,-0.936
2016-11-19 21:45:00,-0.935
2016-11-19 21:30:00,-0.933
2016-11-19 21:15:00,-0.933
2016-11-19 21:00:00,-0.938
2016-11-19 20:45:00,-0.942
2016-11-19 20:30:00,-0.943
2016-11-19 20:15:00,-0.942
2016-11-19 20:00:00,-0.941
2016-11-19 19:45:00,-0.939
2016-11-19 19:30:00,-0.942
2016-11-19 19:15:00,-0.941
2016-11-19 19:00:00,-0.941
2016-11-19 18:45:00,-0.941
2016-11-19 18:30:00,-0.947
2016-11-19 18:15:00,-0.946
2016-11-19 18:00:00,-0.942
2016-11-19 17:45:00,-0.942
2016-11-19 17:30:00,-0.941
2016-11-19 17:15:00,-0.94
2016-11-19 17:00:00,-0.936
2016-11-19 16:45:00,-0.935
2016-11-19 16:30:00,-0.938
2016-11-19 16:15:00,-0.928
2016-11-19 16:00:00,-0.927
2016-11-19 15:45:00,-0.931
2016-11-19 15:30:00,-0.93
2016-11-19 15:15:00,-0.932
2016-11-19 15:00:00,-0.94
2016-11-19 14:45:00,-0.94
2016-11-19 14:30:00,-0.94
2016-11-19 14:15:00,-0.939
2016-11-19 14:00:00,-0.937
2016-11-19 13:45:00,-0.933
2016-11-19 13:30:00,-0.935
2016-11-19 13:15:00,-0.939
2016-11-19 13:00:00,-0.935
2016-11-19 12:45:00,-0.94
2016-11-19 12:30:00,-0.933
2016-11-19 12:15:00,-0.931
2016-11-19 12:00:00,-0.929
2016-11-19 11:45:00,-0.932
2016-11-19 11:30:00,-0.93
2016-11-19 11:15:00,-0.931
2016-11-19 11:00:00,-0.933
2016-11-19 10:45:00,-0.923
2016-11-19 10:30:00,-0.93
2016-11-19 10:15:00,-0.932
2016-11-19 10:00:00,-0.932
2016-11-19 09:45:00,-0.923
2016-11-19 09:30:00,-0.925
2016-11-19 09:15:00,-0.924
2016-11-19 09:00:00,-0.922
2016-11-19 08:45:00,-0.927
2016-11-19 08:30:00,-0.922
2016-11-19 08:15:00,-0.922
2016-11-19 08:00:00,-0.924
2016-11-19 07:45:00,-0.927
2016-11-19 07:30:00,-0.921
2016-11-19 07:15:00,-0.927
2016-11-19 07:00:00,-0.927
2016-11-19 06:45:00,-0.922
2016-11-19 06:30:00,-0.924
2016-11-19 06:15:00,-0.928
2016-11-19 06:00:00,-0.931
2016-11-19 05:45:00,-0.923
2016-11-19 05:30:00,-0.923
2016-11-19 05:15:00,-0.93
2016-11-19 05:00:00,-0.929
2016-11-19 04:45:00,-0.93
2016-11-19 04:30:00,-0.93
2016-11-19 04:15:00,-0.931
2016-11-19 04:00:00,-0.933
2016-11-19 03:45:00,-0.932
2016-11-19 03:30:00,-0.931
2016-11-19 03:15:00,-0.932
2016-11-19 03:00:00,-0.934
2016-11-19 02:45:00,-0.93
2016-11-19 02:30:00,-0.922
2016-11-19 02:15:00,-0.927
2016-11-19 02:00:00,-0.932
2016-11-19 01:45:00,-0.931
2016-11-19 01:30:00,-0.93
2016-11-19 01:15:00,-0.931
2016-11-19 01:00:00,-0.93
2016-11-19 00:45:00,-0.939
2016-11-19 00:30:00,-0.936
2016-11-19 00:15:00,-0.941
2016-11-19 00:00:00,-0.941
2016-11-18 23:45:00,-0.937
2016-11-18 23:30:00,-0.932
2016-11-18 23:15:00,-0.932
2016-11-18 23:00:00,-0.941
2016-11-18 22:45:00,-0.939
2016-11-18 22:30:00,-0.935
2016-11-18 22:15:00,-0.942
2016-11-18 22:00:00,-0.938
2016-11-18 21:45:00,-0.936
2016-11-18 21:30:00,-0.936
2016-11-18 21:15:00,-0.935
2016-11-18 21:00:00,-0.934
2016-11-18 20:45:00,-0.934
2016-11-18 20:30:00,-0.936
2016-11-18 20:15:00,-0.943
2016-11-18 20:00:00,-0.94
2016-11-18 19:45:00,-0.935
2016-11-18 19:30:00,-0.938
2016-11-18 19:15:00,-0.939
2016-11-18 19:00:00,-0.948
2016-11-18 18:45:00,-0.945
2016-11-18 18:30:00,-0.943
2016-11-18 18:15:00,-17.62
2016-11-18 18:00:00,-27.849
2016-11-18 17:45:00,-28.994
2016-11-18 17:30:00,-30.024
2016-11-18 17:15:00,-31.667
2016-11-18 17:00:00,-21.63
2016-11-18 16:45:00,-44.323
2016-11-18 16:30:00,-45.183
2016-11-18 16:15:00,-43.049
2016-11-18 16:00:00,-36.648
2016-11-18 15:45:00,-4.37
2016-11-18 15:30:00,2.155
2016-11-18 15:15:00,2.149
2016-11-18 15:00:00,2.161
2016-11-18 14:45:00,2.168
2016-11-18 14:30:00,2.16
2016-11-18 14:15:00,2.178
2016-11-18 14:00:00,2.193
2016-11-18 13:45:00,2.198
2016-11-18 13:30:00,2.195
2016-11-18 13:15:00,2.188
2016-11-18 13:00:00,1.582
2016-11-18 12:45:00,0.398
2016-11-18 12:30:00,2.206
2016-11-18 12:15:00,2.217
2016-11-18 12:00:00,2.298
2016-11-18 11:45:00,2.344
2016-11-18 11:30:00,2.423
2016-11-18 11:15:00,6.034
2016-11-18 11:00:00,160.011
2016-11-18 10:45:00,159.536
2016-11-18 10:30:00,161.711
2016-11-18 10:15:00,158.638
2016-11-18 10:00:00,154.122
2016-11-18 09:45:00,142.601
2016-11-18 09:30:00,133.727
2016-11-18 09:15:00,128.648
2016-11-18 09:00:00,119.693
2016-11-18 08:45:00,106.658
2016-11-18 08:30:00,92.218
2016-11-18 08:15:00,81.817
2016-11-18 08:00:00,43.498
2016-11-18 07:45:00,9.627
2016-11-18 07:30:00,6.703
2016-11-18 07:15:00,1.947
2016-11-18 07:00:00,1.657
2016-11-18 06:45:00,1.666
2016-11-18 06:30:00,-7.396
2016-11-18 06:15:00,-32.949
2016-11-18 06:00:00,-35.402
2016-11-18 05:45:00,-32.811
2016-11-18 05:30:00,-23.3
2016-11-18 05:15:00,-3.381
2016-11-18 05:00:00,1.329
2016-11-18 04:45:00,1.283
2016-11-18 04:30:00,-17.822
2016-11-18 04:15:00,-20.806
2016-11-18 04:00:00,-24.992
2016-11-18 03:45:00,-16.082
2016-11-18 03:30:00,-15.658
2016-11-18 03:15:00,-15.708
2016-11-18 03:00:00,-15.496
2016-11-18 02:45:00,-18.024
2016-11-18 02:30:00,-16.523
2016-11-18 02:15:00,-17.143
2016-11-18 02:00:00,-17.521
2016-11-18 01:45:00,-18.805
2016-11-18 01:30:00,-16.84
2016-11-18 01:15:00,-17.858
2016-11-18 01:00:00,-18.035
2016-11-18 00:45:00,-18.93
2016-11-18 00:30:00,-17.872
2016-11-18 00:15:00,-18.201
2016-11-18 00:00:00,-18.845
2016-11-17 23:45:00,-18.38
2016-11-17 23:30:00,-17.67
2016-11-17 23:15:00,-19.056
2016-11-17 23:00:00,-18.625
2016-11-17 22:45:00,-17.715
2016-11-17 22:30:00,-17.986
2016-11-17 22:15:00,-19.166
2016-11-17 22:00:00,-18.527
2016-11-17 21:45:00,-18.643
2016-11-17 21:30:00,-19.238
2016-11-17 21:15:00,-19.283
2016-11-17 21:00:00,-18.35
2016-11-17 20:45:00,-18.028
2016-11-17 20:30:00,-18.71
2016-11-17 20:15:00,-21.437
2016-11-17 20:00:00,-24.999
2016-11-17 19:45:00,-25.759
2016-11-17 19:30:00,-25.239
2016-11-17 19:15:00,-25.025
2016-11-17 19:00:00,-25.15
2016-11-17 18:45:00,-27.219
2016-11-17 18:30:00,-27.111
2016-11-17 18:15:00,-26.511
2016-11-17 18:00:00,-28.674
2016-11-17 17:45:00,-28.387
2016-11-17 17:30:00,-30.743
2016-11-17 17:15:00,-31.936
2016-11-17 17:00:00,-34.18
2016-11-17 16:45:00,-37.76
2016-11-17 16:30:00,-48.358
2016-11-17 16:15:00,-68.538
2016-11-17 16:00:00,-58.36
2016-11-17 15:45:00,-24.469
2016-11-17 15:30:00,-3.493
2016-11-17 15:15:00,1.269
2016-11-17 15:00:00,2.096
2016-11-17 14:45:00,4.081
2016-11-17 14:30:00,2.083
2016-11-17 14:15:00,2.083
2016-11-17 14:00:00,4.317
2016-11-17 13:45:00,2.118
2016-11-17 13:30:00,4.296
2016-11-17 13:15:00,2.145
2016-11-17 13:00:00,4.541
2016-11-17 12:45:00,6.798
2016-11-17 12:30:00,14.634
2016-11-17 12:15:00,93.642
2016-11-17 12:00:00,121.416
2016-11-17 11:45:00,109.915
2016-11-17 11:30:00,107.049
2016-11-17 11:15:00,110.58
2016-11-17 11:00:00,117.206
2016-11-17 10:45:00,111.56
2016-11-17 10:30:00,109.346
2016-11-17 10:15:00,106.22
2016-11-17 10:00:00,103.965
2016-11-17 09:45:00,95.123
2016-11-17 09:30:00,44.917
2016-11-17 09:15:00,31.323
2016-11-17 09:00:00,55.694
2016-11-17 08:45:00,54.116
2016-11-17 08:30:00,50.451
2016-11-17 08:15:00,39.868
2016-11-17 08:00:00,17.656
2016-11-17 07:45:00,-17.138
2016-11-17 07:30:00,-38.951
2016-11-17 07:15:00,-38.733
2016-11-17 07:00:00,-46.612
2016-11-17 06:45:00,-3.947
2016-11-17 06:30:00,1.623
2016-11-17 06:15:00,-2.283
2016-11-17 06:00:00,-7.569
2016-11-17 05:45:00,-14.021
2016-11-17 05:30:00,-22.455
2016-11-17 05:15:00,-10.495
2016-11-17 05:00:00,-4.796
2016-11-17 04:45:00,-4.142
2016-11-17 04:30:00,-3.846
2016-11-17 04:15:00,-3.81
2016-11-17 04:00:00,-5.263
2016-11-17 03:45:00,-3.318
2016-11-17 03:30:00,-3.719
2016-11-17 03:15:00,-3.77
2016-11-17 03:00:00,-5.29
2016-11-17 02:45:00,-3.312
2016-11-17 02:30:00,-2.707
2016-11-17 02:15:00,-4.836
2016-11-17 02:00:00,-3.909
2016-11-17 01:45:00,-3.733
2016-11-17 01:30:00,-5.718
2016-11-17 01:15:00,-6.002
2016-11-17 01:00:00,1.809
2016-11-17 00:45:00,1.81
2016-11-17 00:30:00,1.836
2016-11-17 00:15:00,1.841
2016-11-17 00:00:00,1.832
2016-11-16 23:45:00,1.837
2016-11-16 23:30:00,1.841
2016-11-16 23:15:00,1.834
2016-11-16 23:00:00,1.836
2016-11-16 22:45:00,1.857
2016-11-16 22:30:00,1.872
2016-11-16 22:15:00,1.869
2016-11-16 22:00:00,1.869
2016-11-16 21:45:00,1.861
2016-11-16 21:30:00,1.865
2016-11-16 21:15:00,1.848
2016-11-16 21:00:00,1.841
2016-11-16 20:45:00,1.849
2016-11-16 20:30:00,1.877
2016-11-16 20:15:00,-8.111
2016-11-16 20:00:00,-28.009
2016-11-16 19:45:00,-28.215
2016-11-16 19:30:00,-26.132
2016-11-16 19:15:00,-28.104
2016-11-16 19:00:00,-28.126
2016-11-16 18:45:00,-27.229
2016-11-16 18:30:00,-27.051
2016-11-16 18:15:00,-28.613
2016-11-16 18:00:00,-42.064
2016-11-16 17:45:00,-32.842
2016-11-16 17:30:00,-31.631
2016-11-16 17:15:00,-36.672
2016-11-16 17:00:00,113.451
2016-11-16 16:45:00,79.611
2016-11-16 16:30:00,33.158
2016-11-16 16:15:00,2.111
2016-11-16 16:00:00,-3.723
2016-11-16 15:45:00,-24.431
2016-11-16 15:30:00,-32.87
2016-11-16 15:15:00,-25.785
2016-11-16 15:00:00,-1.817
2016-11-16 14:45:00,-1.352
2016-11-16 14:30:00,-17.109
2016-11-16 14:15:00,-22.951
2016-11-16 14:00:00,-11.599
2016-11-16 13:45:00,-0.452
2016-11-16 13:30:00,-1.056
2016-11-16 13:15:00,0.871
2016-11-16 13:00:00,9.889
2016-11-16 12:45:00,34.61
2016-11-16 12:30:00,62.958
2016-11-16 12:15:00,20.481
2016-11-16 12:00:00,76.875
2016-11-16 11:45:00,78.828
2016-11-16 11:30:00,85.647
2016-11-16 11:15:00,89.412
2016-11-16 11:00:00,73.852
2016-11-16 10:45:00,42.218
2016-11-16 10:30:00,59.024
2016-11-16 10:15:00,63.354
2016-11-16 10:00:00,82.329
2016-11-16 09:45:00,58.271
2016-11-16 09:30:00,46.492
2016-11-16 09:15:00,15.359
2016-11-16 09:00:00,3.251
2016-11-16 08:45:00,1.965
2016-11-16 08:30:00,1.687
2016-11-16 08:15:00,1.677
2016-11-16 08:00:00,1.656
2016-11-16 07:45:00,1.632
2016-11-16 07:30:00,1.624
2016-11-16 07:15:00,-6.715
2016-11-16 07:00:00,-11.899
2016-11-16 06:45:00,-18.182
2016-11-16 06:30:00,-14.623
2016-11-16 06:15:00,-18.04
2016-11-16 06:00:00,-17.479
2016-11-16 05:45:00,-21.087
2016-11-16 05:30:00,-19.762
2016-11-16 05:15:00,-7.315
2016-11-16 05:00:00,-2.125
2016-11-16 04:45:00,-5.169
2016-11-16 04:30:00,-2.766
2016-11-16 04:15:00,-5.123
2016-11-16 04:00:00,-5.624
2016-11-16 03:45:00,-4.584
2016-11-16 03:30:00,-3.896
2016-11-16 03:15:00,-6.989
2016-11-16 03:00:00,-4.961
2016-11-16 02:45:00,-4.581
2016-11-16 02:30:00,-4.079
2016-11-16 02:15:00,-6.88
2016-11-16 02:00:00,-3.955
2016-11-16 01:45:00,-5.517
2016-11-16 01:30:00,-7.075
2016-11-16 01:15:00,-4.687
2016-11-16 01:00:00,-5.27
2016-11-16 00:45:00,-5.625
2016-11-16 00:30:00,-4.916
2016-11-16 00:15:00,-6.701
2016-11-16 00:00:00,-3.176
2016-11-15 23:45:00,-6.015
2016-11-15 23:30:00,-5.079
2016-11-15 23:15:00,-5.069
2016-11-15 23:00:00,-5.634
2016-11-15 22:45:00,-7.513
2016-11-15 22:30:00,-6.519
2016-11-15 22:15:00,-5.779
2016-11-15 22:00:00,-5.983
2016-11-15 21:45:00,-6.716
2016-11-15 21:30:00,-5.599
2016-11-15 21:15:00,-6.375
2016-11-15 21:00:00,-8.258
2016-11-15 20:45:00,-8.885
2016-11-15 20:30:00,-7.395
2016-11-15 20:15:00,-14.364
2016-11-15 20:00:00,-26.211
2016-11-15 19:45:00,-32.029
2016-11-15 19:30:00,-29.701
2016-11-15 19:15:00,-27.19
2016-11-15 19:00:00,-28.394
2016-11-15 18:45:00,-26.835
2016-11-15 18:30:00,-29.184
2016-11-15 18:15:00,-28.881
2016-11-15 18:00:00,-28.542
2016-11-15 17:45:00,-28.066
2016-11-15 17:30:00,-32.394
2016-11-15 17:15:00,-49.515
2016-11-15 17:00:00,-36.26
2016-11-15 16:45:00,-32.938
2016-11-15 16:30:00,-28.796
2016-11-15 16:15:00,-44.972
2016-11-15 16:00:00,-37.844
2016-11-15 15:45:00,-27.135
2016-11-15 15:30:00,-32.069
2016-11-15 15:15:00,-26.186
2016-11-15 15:00:00,-41.298
2016-11-15 14:45:00,-15.418
2016-11-15 14:30:00,-19.398
2016-11-15 14:15:00,-30.081
2016-11-15 14:00:00,-15.38
2016-11-15 13:45:00,-22.072
2016-11-15 13:30:00,16.864
2016-11-15 13:15:00,39.578
2016-11-15 13:00:00,83.371
2016-11-15 12:45:00,-11.287
2016-11-15 12:30:00,-16.938
2016-11-15 12:15:00,15.672
2016-11-15 12:00:00,8.582
2016-11-15 11:45:00,52.629
2016-11-15 11:30:00,47.523
2016-11-15 11:15:00,79.439
2016-11-15 11:00:00,88.6
2016-11-15 10:45:00,93.11
2016-11-15 10:30:00,84.022
2016-11-15 10:15:00,84.805
2016-11-15 10:00:00,120.877
2016-11-15 09:45:00,115.172
2016-11-15 09:30:00,106.439
2016-11-15 09:15:00,82.596
2016-11-15 09:00:00,76.225
2016-11-15 08:45:00,69.83
2016-11-15 08:30:00,55.803
2016-11-15 08:15:00,41.767
2016-11-15 08:00:00,37.154
2016-11-15 07:45:00,3.988
2016-11-15 07:30:00,-20.368
2016-11-15 07:15:00,-20.064
2016-11-15 07:00:00,2.203
2016-11-15 06:45:00,-7.747
2016-11-15 06:30:00,-7.682
2016-11-15 06:15:00,-15.184
2016-11-15 06:00:00,-15.721
2016-11-15 05:45:00,-16.849
2016-11-15 05:30:00,-21.153
2016-11-15 05:15:00,-8.048
2016-11-15 05:00:00,-5.993
2016-11-15 04:45:00,-6.908
2016-11-15 04:30:00,-7.812
2016-11-15 04:15:00,-9.953
2016-11-15 04:00:00,-12.023
2016-11-15 03:45:00,-12.386
2016-11-15 03:30:00,-13.934
2016-11-15 03:15:00,-14.227
2016-11-15 03:00:00,-11.773
2016-11-15 02:45:00,-12.698
2016-11-15 02:30:00,-13.877
2016-11-15 02:15:00,-13.55
2016-11-15 02:00:00,-12.713
2016-11-15 01:45:00,-14.256
2016-11-15 01:30:00,-13.049
2016-11-15 01:15:00,-13.418
2016-11-15 01:00:00,-13.633
2016-11-15 00:45:00,-15.138
2016-11-15 00:30:00,-13.346
2016-11-15 00:15:00,-14.409
2016-11-15 00:00:00,-14.549
2016-11-14 23:45:00,-14.832
2016-11-14 23:30:00,-14.873
2016-11-14 23:15:00,-21.521
2016-11-14 23:00:00,-18.377
2016-11-14 22:45:00,-17.525
2016-11-14 22:30:00,-15.653
2016-11-14 22:15:00,-17.625
2016-11-14 22:00:00,-15.015
2016-11-14 21:45:00,-17.42
2016-11-14 21:30:00,-18.365
2016-11-14 21:15:00,-16.343
2016-11-14 21:00:00,-17.93
2016-11-14 20:45:00,-18.082
2016-11-14 20:30:00,-17.49
2016-11-14 20:15:00,-25.333
2016-11-14 20:00:00,-26.007
2016-11-14 19:45:00,-32.757
2016-11-14 19:30:00,-18.228
2016-11-14 19:15:00,-20.829
2016-11-14 19:00:00,-23.935
2016-11-14 18:45:00,-21.669
2016-11-14 18:30:00,-24.497
2016-11-14 18:15:00,-32.384
2016-11-14 18:00:00,-0.978
2016-11-14 17:45:00,-0.981
2016-11-14 17:30:00,-0.981
2016-11-14 17:15:00,-0.977
2016-11-14 17:00:00,-0.976
2016-11-14 16:45:00,-0.975
2016-11-14 16:30:00,-0.977
2016-11-14 16:15:00,-0.976
2016-11-14 16:00:00,-0.981
2016-11-14 15:45:00,-0.976
2016-11-14 15:30:00,-0.979
2016-11-14 15:15:00,-0.979
2016-11-14 15:00:00,-0.977
2016-11-14 14:45:00,-0.977
2016-11-14 14:30:00,-0.978
2016-11-14 14:15:00,-0.98
2016-11-14 14:00:00,-0.98
2016-11-14 13:45:00,-0.98
2016-11-14 13:30:00,-0.975
2016-11-14 13:15:00,-0.976
2016-11-14 13:00:00,-0.972
2016-11-14 12:45:00,-0.965
2016-11-14 12:30:00,-0.966
2016-11-14 12:15:00,-0.97
2016-11-14 12:00:00,-0.971
2016-11-14 11:45:00,-0.965
2016-11-14 11:30:00,-0.964
2016-11-14 11:15:00,-0.958
2016-11-14 11:00:00,-0.954
2016-11-14 10:45:00,-0.957
2016-11-14 10:30:00,-0.953
2016-11-14 10:15:00,-0.934
2016-11-14 10:00:00,79.547
2016-11-14 09:45:00,125.765
2016-11-14 09:30:00,117.658
2016-11-14 09:15:00,110.235
2016-11-14 09:00:00,111.279
2016-11-14 08:45:00,103.53
2016-11-14 08:30:00,87.01
2016-11-14 08:15:00,78.682
2016-11-14 08:00:00,63.927
2016-11-14 07:45:00,27.324
2016-11-14 07:30:00,5.947
2016-11-14 07:15:00,-14.867
2016-11-14 07:00:00,-12.716
2016-11-14 06:45:00,-11.438
2016-11-14 06:30:00,-11.965
2016-11-14 06:15:00,-20.048
2016-11-14 06:00:00,-25.415
2016-11-14 05:45:00,-29.979
2016-11-14 05:30:00,-35.572
2016-11-14 05:15:00,-18.214
2016-11-14 05:00:00,-13.564
2016-11-14 04:45:00,-13.536
2016-11-14 04:30:00,-15.273
2016-11-14 04:15:00,-12.605
2016-11-14 04:00:00,-14.234
2016-11-14 03:45:00,-14.57
2016-11-14 03:30:00,-13.53
2016-11-14 03:15:00,-12.623
2016-11-14 03:00:00,-14.467
2016-11-14 02:45:00,-13.46
2016-11-14 02:30:00,-14.016
2016-11-14 02:15:00,-13.693
2016-11-14 02:00:00,-14.44
2016-11-14 01:45:00,-14.494
2016-11-14 01:30:00,-13.309
2016-11-14 01:15:00,-13.572
2016-11-14 01:00:00,-16.265
2016-11-14 00:45:00,-14.803
2016-11-14 00:30:00,-15.727
2016-11-14 00:15:00,-16.417
2016-11-14 00:00:00,-16.843
2016-11-13 23:45:00,-14.539
2016-11-13 23:30:00,-16.155
2016-11-13 23:15:00,-16.545
2016-11-13 23:00:00,-17.222
2016-11-13 22:45:00,-15.544
2016-11-13 22:30:00,-16.603
2016-11-13 22:15:00,-17.612
2016-11-13 22:00:00,-17.455
2016-11-13 21:45:00,-16.571
2016-11-13 21:30:00,-19.177
2016-11-13 21:15:00,-17.943
2016-11-13 21:00:00,-18.057
2016-11-13 20:45:00,-17.783
2016-11-13 20:30:00,-19.888
2016-11-13 20:15:00,-19.952
2016-11-13 20:00:00,-19.199
2016-11-13 19:45:00,-21.758
2016-11-13 19:30:00,-23.033
2016-11-13 19:15:00,-32.802
2016-11-13 19:00:00,-30.31
2016-11-13 18:45:00,-24.479
2016-11-13 18:30:00,-25.327
2016-11-13 18:15:00,-24.578
2016-11-13 18:00:00,-26.442
2016-11-13 17:45:00,-40.22
2016-11-13 17:30:00,-40.941
2016-11-13 17:15:00,-39.491
2016-11-13 17:00:00,-23.841
2016-11-13 16:45:00,-22.109
2016-11-13 16:30:00,-23.499
2016-11-13 16:15:00,-29.119
2016-11-13 16:00:00,-14.131
2016-11-13 15:45:00,1.887
2016-11-13 15:30:00,2.112
2016-11-13 15:15:00,2.122
2016-11-13 15:00:00,2.137
2016-11-13 14:45:00,2.136
2016-11-13 14:30:00,2.136
2016-11-13 14:15:00,2.139
2016-11-13 14:00:00,2.145
2016-11-13 13:45:00,2.156
2016-11-13 13:30:00,2.158
2016-11-13 13:15:00,2.167
2016-11-13 13:00:00,2.216
2016-11-13 12:45:00,2.234
2016-11-13 12:30:00,2.224
2016-11-13 12:15:00,2.209
2016-11-13 12:00:00,2.213
2016-11-13 11:45:00,2.217
2016-11-13 11:30:00,2.222
2016-11-13 11:15:00,2.234
2016-11-13 11:00:00,2.299
2016-11-13 10:45:00,2.338
2016-11-13 10:30:00,2.398
2016-11-13 10:15:00,2.608
2016-11-13 10:00:00,129.295
2016-11-13 09:45:00,160.868
2016-11-13 09:30:00,157.733
2016-11-13 09:15:00,148.721
2016-11-13 09:00:00,139.885
2016-11-13 08:45:00,121.459
2016-11-13 08:30:00,122.693
2016-11-13 08:15:00,105.649
2016-11-13 08:00:00,52.359
2016-11-13 07:45:00,45.195
2016-11-13 07:30:00,22.924
2016-11-13 07:15:00,10.233
2016-11-13 07:00:00,0.131
2016-11-13 06:45:00,-6.78
2016-11-13 06:30:00,-9.994
2016-11-13 06:15:00,-12.899
2016-11-13 06:00:00,-13.142
2016-11-13 05:45:00,-14.788
2016-11-13 05:30:00,-13.02
2016-11-13 05:15:00,-12.864
2016-11-13 05:00:00,-14.227
2016-11-13 04:45:00,-14.114
2016-11-13 04:30:00,-14.258
2016-11-13 04:15:00,-12.903
2016-11-13 04:00:00,-14.236
2016-11-13 03:45:00,-13.962
2016-11-13 03:30:00,-13.153
2016-11-13 03:15:00,-13.159
2016-11-13 03:00:00,-14.588
2016-11-13 02:45:00,-13.745
2016-11-13 02:30:00,-14.414
2016-11-13 02:15:00,-14.242
2016-11-13 02:00:00,-15.823
2016-11-13 01:45:00,-13.762
2016-11-13 01:30:00,-13.18
2016-11-13 01:15:00,-15.089
2016-11-13 01:00:00,-15.702
2016-11-13 00:45:00,-13.258
2016-11-13 00:30:00,-14.557
2016-11-13 00:15:00,-15.897
2016-11-13 00:00:00,-14.729
2016-11-12 23:45:00,-15.273
2016-11-12 23:30:00,-14.481
2016-11-12 23:15:00,-16.692
2016-11-12 23:00:00,-15.009
2016-11-12 22:45:00,-15.759
2016-11-12 22:30:00,-15.601
2016-11-12 22:15:00,-17.918
2016-11-12 22:00:00,-15.13
2016-11-12 21:45:00,-16.137
2016-11-12 21:30:00,-15.488
2016-11-12 21:15:00,-17.266
2016-11-12 21:00:00,-14.474
2016-11-12 20:45:00,-17.385
2016-11-12 20:30:00,-17.301
2016-11-12 20:15:00,-17.132
2016-11-12 20:00:00,-15.475
2016-11-12 19:45:00,-19.967
2016-11-12 19:30:00,-18.279
2016-11-12 19:15:00,-28.159
2016-11-12 19:00:00,-17.618
2016-11-12 18:45:00,-20.535
2016-11-12 18:30:00,-19.513
2016-11-12 18:15:00,-19.775
2016-11-12 18:00:00,-19.518
2016-11-12 17:45:00,-21.144
2016-11-12 17:30:00,-25.623
2016-11-12 17:15:00,-37.642
2016-11-12 17:00:00,-18.195
2016-11-12 16:45:00,-18.529
2016-11-12 16:30:00,-13.893
2016-11-12 16:15:00,-3.724
2016-11-12 16:00:00,-19.861
2016-11-12 15:45:00,-20.68
2016-11-12 15:30:00,-5.48
2016-11-12 15:15:00,2.191
2016-11-12 15:00:00,2.131
2016-11-12 14:45:00,1.233
2016-11-12 14:30:00,1.889
2016-11-12 14:15:00,2.226
2016-11-12 14:00:00,2.214
2016-11-12 13:45:00,2.215
2016-11-12 13:30:00,2.219
2016-11-12 13:15:00,2.211
2016-11-12 13:00:00,2.196
2016-11-12 12:45:00,2.196
2016-11-12 12:30:00,2.207
2016-11-12 12:15:00,2.22
2016-11-12 12:00:00,2.23
2016-11-12 11:45:00,2.305
2016-11-12 11:30:00,2.333
2016-11-12 11:15:00,2.382
2016-11-12 11:00:00,2.56
2016-11-12 10:45:00,92.263
2016-11-12 10:30:00,162.193
2016-11-12 10:15:00,123.417
2016-11-12 10:00:00,171.654
2016-11-12 09:45:00,164.791
2016-11-12 09:30:00,162.093
2016-11-12 09:15:00,113.838
2016-11-12 09:00:00,47.66
2016-11-12 08:45:00,56.281
2016-11-12 08:30:00,47.69
2016-11-12 08:15:00,49.482
2016-11-12 08:00:00,81.669
2016-11-12 07:45:00,73.798
2016-11-12 07:30:00,44.817
2016-11-12 07:15:00,20.061
2016-11-12 07:00:00,5.14
2016-11-12 06:45:00,-3.906
2016-11-12 06:30:00,-7.891
2016-11-12 06:15:00,-13.34
2016-11-12 06:00:00,-14.464
2016-11-12 05:45:00,-13.924
2016-11-12 05:30:00,-13.419
2016-11-12 05:15:00,-13.573
2016-11-12 05:00:00,-14.867
2016-11-12 04:45:00,-13.508
2016-11-12 04:30:00,-13.214
2016-11-12 04:15:00,-14.692
2016-11-12 04:00:00,-14.855
2016-11-12 03:45:00,-13.27
2016-11-12 03:30:00,-13.868
2016-11-12 03:15:00,-14.22
2016-11-12 03:00:00,-15.165
2016-11-12 02:45:00,-13.881
2016-11-12 02:30:00,-13.89
2016-11-12 02:15:00,-15.037
2016-11-12 02:00:00,-14.514
2016-11-12 01:45:00,-13.921
2016-11-12 01:30:00,-15.115
2016-11-12 01:15:00,-15.113
2016-11-12 01:00:00,-15.517
2016-11-12 00:45:00,-13.128
2016-11-12 00:30:00,-15.611
2016-11-12 00:15:00,-14.918
2016-11-12 00:00:00,-14.921
2016-11-11 23:45:00,-14.888
2016-11-11 23:30:00,-16.562
2016-11-11 23:15:00,-16.718
2016-11-11 23:00:00,-16.129
2016-11-11 22:45:00,-16.106
2016-11-11 22:30:00,-18.132
2016-11-11 22:15:00,-14.631
2016-11-11 22:00:00,-16.307
2016-11-11 21:45:00,-17.616
2016-11-11 21:30:00,-18.119
2016-11-11 21:15:00,-18.861
2016-11-11 21:00:00,-18.853
2016-11-11 20:45:00,-20.329
2016-11-11 20:30:00,-20.558
2016-11-11 20:15:00,-19.231
2016-11-11 20:00:00,-21.02
2016-11-11 19:45:00,-21.577
2016-11-11 19:30:00,-21.777
2016-11-11 19:15:00,-31.959
2016-11-11 19:00:00,-32.653
2016-11-11 18:45:00,-21.616
2016-11-11 18:30:00,-25.372
2016-11-11 18:15:00,-24.699
2016-11-11 18:00:00,-27.947
2016-11-11 17:45:00,-41.097
2016-11-11 17:30:00,-43.458
2016-11-11 17:15:00,-38.253
2016-11-11 17:00:00,-23.719
2016-11-11 16:45:00,-27.603
2016-11-11 16:30:00,-40.116
2016-11-11 16:15:00,-32.57
2016-11-11 16:00:00,-12.151
2016-11-11 15:45:00,2.022
2016-11-11 15:30:00,2.198
2016-11-11 15:15:00,2.186
2016-11-11 15:00:00,2.197
2016-11-11 14:45:00,2.193
2016-11-11 14:30:00,2.208
2016-11-11 14:15:00,2.22
2016-11-11 14:00:00,2.218
2016-11-11 13:45:00,2.229
2016-11-11 13:30:00,2.23
2016-11-11 13:15:00,2.227
2016-11-11 13:00:00,2.219
2016-11-11 12:45:00,2.208
2016-11-11 12:30:00,2.201
2016-11-11 12:15:00,2.219
2016-11-11 12:00:00,2.216
2016-11-11 11:45:00,2.262
2016-11-11 11:30:00,2.306
2016-11-11 11:15:00,2.327
2016-11-11 11:00:00,2.45
2016-11-11 10:45:00,57.247
2016-11-11 10:30:00,153.11
2016-11-11 10:15:00,151.84
2016-11-11 10:00:00,147.477
2016-11-11 09:45:00,146.445
2016-11-11 09:30:00,137.099
2016-11-11 09:15:00,128.951
2016-11-11 09:00:00,120.29
2016-11-11 08:45:00,113.019
2016-11-11 08:30:00,99.027
2016-11-11 08:15:00,82.671
2016-11-11 08:00:00,72.161
2016-11-11 07:45:00,60.3
2016-11-11 07:30:00,43.913
2016-11-11 07:15:00,12.069
2016-11-11 07:00:00,-10.781
2016-11-11 06:45:00,-20.248
2016-11-11 06:30:00,-4.357
2016-11-11 06:15:00,0.477
2016-11-11 06:00:00,-8.928
2016-11-11 05:45:00,-13.028
2016-11-11 05:30:00,2.061
2016-11-11 05:15:00,2.79
2016-11-11 05:00:00,-0.028
2016-11-11 04:45:00,2.4
2016-11-11 04:30:00,0.993
2016-11-11 04:15:00,1.038
2016-11-11 04:00:00,0.537
2016-11-11 03:45:00,1.856
2016-11-11 03:30:00,0.839
2016-11-11 03:15:00,0.678
2016-11-11 03:00:00,2.056
2016-11-11 02:45:00,1.147
2016-11-11 02:30:00,0.086
2016-11-11 02:15:00,0.944
2016-11-11 02:00:00,-1.141
2016-11-11 01:45:00,0.041
2016-11-11 01:30:00,-1.165
2016-11-11 01:15:00,0.807
2016-11-11 01:00:00,-3.135
2016-11-11 00:45:00,-2.502
2016-11-11 00:30:00,-2.322
2016-11-11 00:15:00,-1.302
2016-11-11 00:00:00,-6.013
2016-11-10 23:45:00,-1.777
2016-11-10 23:30:00,-5.48
2016-11-10 23:15:00,-5.767
2016-11-10 23:00:00,-7.002
2016-11-10 22:45:00,-8.107
2016-11-10 22:30:00,-10.447
2016-11-10 22:15:00,-13.292
2016-11-10 22:00:00,-18.412
2016-11-10 21:45:00,-17.75
2016-11-10 21:30:00,-18.929
2016-11-10 21:15:00,-18.317
2016-11-10 21:00:00,-19.673
2016-11-10 20:45:00,-20.846
2016-11-10 20:30:00,-21.898
2016-11-10 20:15:00,-24.021
2016-11-10 20:00:00,-41.065
2016-11-10 19:45:00,-40.943
2016-11-10 19:30:00,-40.097
2016-11-10 19:15:00,-41.49
2016-11-10 19:00:00,-43.772
2016-11-10 18:45:00,-44.714
2016-11-10 18:30:00,-43.96
2016-11-10 18:15:00,-45.66
2016-11-10 18:00:00,-43.711
2016-11-10 17:45:00,-46.665
2016-11-10 17:30:00,-46.997
2016-11-10 17:15:00,-56.01
2016-11-10 17:00:00,-43.758
2016-11-10 16:45:00,-48.339
2016-11-10 16:30:00,-66.937
2016-11-10 16:15:00,-59.206
2016-11-10 16:00:00,-42.892
2016-11-10 15:45:00,-17.856
2016-11-10 15:30:00,1.252
2016-11-10 15:15:00,2.121
2016-11-10 15:00:00,2.152
2016-11-10 14:45:00,-1.65
2016-11-10 14:30:00,-106.375
2016-11-10 14:15:00,-21.364
2016-11-10 14:00:00,-89.712
2016-11-10 13:45:00,-83.81
2016-11-10 13:30:00,-82.452
2016-11-10 13:15:00,-5.75
2016-11-10 13:00:00,-0.965
2016-11-10 12:45:00,-0.943
2016-11-10 12:30:00,72.102
2016-11-10 12:15:00,101.333
2016-11-10 12:00:00,101.162
2016-11-10 11:45:00,101.052
2016-11-10 11:30:00,100.992
2016-11-10 11:15:00,100.912
2016-11-10 11:00:00,100.745
2016-11-10 10:45:00,100.671
2016-11-10 10:30:00,101.044
2016-11-10 10:15:00,129.901
2016-11-10 10:00:00,131.636
2016-11-10 09:45:00,125.245
2016-11-10 09:30:00,121.001
2016-11-10 09:15:00,111.234
2016-11-10 09:00:00,91.909
2016-11-10 08:45:00,79.825
2016-11-10 08:30:00,80.986
2016-11-10 08:15:00,78.629
2016-11-10 08:00:00,52.36
2016-11-10 07:45:00,29.573
2016-11-10 07:30:00,2.616
2016-11-10 07:15:00,1.697
2016-11-10 07:00:00,1.685
2016-11-10 06:45:00,1.665
2016-11-10 06:30:00,1.67
2016-11-10 06:15:00,1.647
2016-11-10 06:00:00,-3.732
2016-11-10 05:45:00,-28.648
2016-11-10 05:30:00,-31.265
2016-11-10 05:15:00,-4.899
2016-11-10 05:00:00,2.693
2016-11-10 04:45:00,0.459
2016-11-10 04:30:00,1.759
2016-11-10 04:15:00,3.317
2016-11-10 04:00:00,2.094
2016-11-10 03:45:00,0.97
2016-11-10 03:30:00,1.603
2016-11-10 03:15:00,2.164
2016-11-10 03:00:00,-0.112
2016-11-10 02:45:00,-1.119
2016-11-10 02:30:00,-1.616
2016-11-10 02:15:00,-1.568
2016-11-10 02:00:00,-4.972
2016-11-10 01:45:00,-5.021
2016-11-10 01:30:00,-6.382
2016-11-10 01:15:00,-8.248
2016-11-10 01:00:00,-10.339
2016-11-10 00:45:00,-11.488
2016-11-10 00:30:00,-13.066
2016-11-10 00:15:00,-13.394
2016-11-10 00:00:00,-15.514
2016-11-09 23:45:00,-15.354
2016-11-09 23:30:00,-18.877
2016-11-09 23:15:00,-18.861
2016-11-09 23:00:00,-23.168
2016-11-09 22:45:00,-32.121
2016-11-09 22:30:00,-23.826
2016-11-09 22:15:00,-22.036
2016-11-09 22:00:00,-26.748
2016-11-09 21:45:00,-26.382
2016-11-09 21:30:00,-26.842
2016-11-09 21:15:00,-23.654
2016-11-09 21:00:00,-23.795
2016-11-09 20:45:00,-24.902
2016-11-09 20:30:00,-24.38
2016-11-09 20:15:00,-31.576
2016-11-09 20:00:00,-42.144
2016-11-09 19:45:00,-44.653
2016-11-09 19:30:00,-44.67
2016-11-09 19:15:00,-46.71
2016-11-09 19:00:00,-46.373
2016-11-09 18:45:00,-48.653
2016-11-09 18:30:00,-48.792
2016-11-09 18:15:00,-51.809
2016-11-09 18:00:00,-49.456
2016-11-09 17:45:00,-52.243
2016-11-09 17:30:00,-51.107
2016-11-09 17:15:00,-65.3
2016-11-09 17:00:00,-51.967
2016-11-09 16:45:00,-65.63
2016-11-09 16:30:00,-55.493
2016-11-09 16:15:00,-57.18
2016-11-09 16:00:00,-39.503
2016-11-09 15:45:00,-16.83
2016-11-09 15:30:00,-0.093
2016-11-09 15:15:00,2.211
2016-11-09 15:00:00,2.215
2016-11-09 14:45:00,2.208
2016-11-09 14:30:00,2.197
2016-11-09 14:15:00,2.201
2016-11-09 14:00:00,2.23
2016-11-09 13:45:00,2.246
2016-11-09 13:30:00,2.235
2016-11-09 13:15:00,2.242
2016-11-09 13:00:00,2.227
2016-11-09 12:45:00,2.25
2016-11-09 12:30:00,2.242
2016-11-09 12:15:00,2.239
2016-11-09 12:00:00,2.237
2016-11-09 11:45:00,2.273
2016-11-09 11:30:00,2.278
2016-11-09 11:15:00,2.33
2016-11-09 11:00:00,2.362
2016-11-09 10:45:00,2.481
2016-11-09 10:30:00,97.854
2016-11-09 10:15:00,110.266
2016-11-09 10:00:00,111.531
2016-11-09 09:45:00,104.226
2016-11-09 09:30:00,98.417
2016-11-09 09:15:00,98.487
2016-11-09 09:00:00,92.011
2016-11-09 08:45:00,81.64
2016-11-09 08:30:00,68.816
2016-11-09 08:15:00,57.477
2016-11-09 08:00:00,41.211
2016-11-09 07:45:00,26.945
2016-11-09 07:30:00,-0.088
2016-11-09 07:15:00,-16.195
2016-11-09 07:00:00,-19.915
2016-11-09 06:45:00,-21.615
2016-11-09 06:30:00,-19.156
2016-11-09 06:15:00,-20.934
2016-11-09 06:00:00,-19.377
2016-11-09 05:45:00,-17.185
2016-11-09 05:30:00,-20.218
2016-11-09 05:15:00,-3.707
2016-11-09 05:00:00,4.464
2016-11-09 04:45:00,3.418
2016-11-09 04:30:00,3.142
2016-11-09 04:15:00,2.911
2016-11-09 04:00:00,4.872
2016-11-09 03:45:00,3.637
2016-11-09 03:30:00,1.721
2016-11-09 03:15:00,3.336
2016-11-09 03:00:00,4.185
2016-11-09 02:45:00,1.14
2016-11-09 02:30:00,3.661
2016-11-09 02:15:00,2.565
2016-11-09 02:00:00,2.469
2016-11-09 01:45:00,0.454
2016-11-09 01:30:00,3.717
2016-11-09 01:15:00,3.376
2016-11-09 01:00:00,1.19
2016-11-09 00:45:00,1.89
2016-11-09 00:30:00,3.127
2016-11-09 00:15:00,2.287
2016-11-09 00:00:00,1.735
2016-11-08 23:45:00,1.775
2016-11-08 23:30:00,1.657
2016-11-08 23:15:00,0.943
2016-11-08 23:00:00,0.844
2016-11-08 22:45:00,2.59
2016-11-08 22:30:00,0.38
2016-11-08 22:15:00,0.916
2016-11-08 22:00:00,2.204
2016-11-08 21:45:00,0.355
2016-11-08 21:30:00,0.876
2016-11-08 21:15:00,0.02
2016-11-08 21:00:00,-1.029
2016-11-08 20:45:00,-1.805
2016-11-08 20:30:00,-4.142
2016-11-08 20:15:00,-11.783
2016-11-08 20:00:00,-27.567
2016-11-08 19:45:00,-39.362
2016-11-08 19:30:00,-33.21
2016-11-08 19:15:00,-24.223
2016-11-08 19:00:00,-30.475
2016-11-08 18:45:00,-29.154
2016-11-08 18:30:00,-38.415
2016-11-08 18:15:00,-46.36
2016-11-08 18:00:00,-44.038
2016-11-08 17:45:00,-42.472
2016-11-08 17:30:00,-46.735
2016-11-08 17:15:00,-56.011
2016-11-08 17:00:00,-25.128
2016-11-08 16:45:00,-29.08
2016-11-08 16:30:00,-51.628
2016-11-08 16:15:00,-46.539
2016-11-08 16:00:00,-32.878
2016-11-08 15:45:00,-7.9
2016-11-08 15:30:00,2.202
2016-11-08 15:15:00,2.206
2016-11-08 15:00:00,2.203
2016-11-08 14:45:00,2.201
2016-11-08 14:30:00,2.232
2016-11-08 14:15:00,24.517
2016-11-08 14:00:00,60.293
2016-11-08 13:45:00,12.829
2016-11-08 13:30:00,2.143
2016-11-08 13:15:00,2.14
2016-11-08 13:00:00,2.135
2016-11-08 12:45:00,2.143
2016-11-08 12:30:00,2.153
2016-11-08 12:15:00,2.18
2016-11-08 12:00:00,2.223
2016-11-08 11:45:00,2.264
2016-11-08 11:30:00,2.384
2016-11-08 11:15:00,85.14
2016-11-08 11:00:00,117.999
2016-11-08 10:45:00,134.462
2016-11-08 10:30:00,131.224
2016-11-08 10:15:00,123.176
2016-11-08 10:00:00,125.564
2016-11-08 09:45:00,114.716
2016-11-08 09:30:00,106.862
2016-11-08 09:15:00,97.921
2016-11-08 09:00:00,88.037
2016-11-08 08:45:00,83.372
2016-11-08 08:30:00,69.361
2016-11-08 08:15:00,73.385
2016-11-08 08:00:00,60.721
2016-11-08 07:45:00,51.88
2016-11-08 07:30:00,16.571
2016-11-08 07:15:00,3.948
2016-11-08 07:00:00,1.639
2016-11-08 06:45:00,1.495
2016-11-08 06:30:00,0.154
2016-11-08 06:15:00,-5.818
2016-11-08 06:00:00,-18.375
2016-11-08 05:45:00,-16.953
2016-11-08 05:30:00,-18.79
2016-11-08 05:15:00,-1.986
2016-11-08 05:00:00,2.401
2016-11-08 04:45:00,1.851
2016-11-08 04:30:00,2.59
2016-11-08 04:15:00,0.025
2016-11-08 04:00:00,2.029
2016-11-08 03:45:00,-0.857
2016-11-08 03:30:00,-1.451
2016-11-08 03:15:00,-4.49
2016-11-08 03:00:00,-4.304
2016-11-08 02:45:00,-10.324
2016-11-08 02:30:00,-5.189
2016-11-08 02:15:00,-13.815
2016-11-08 02:00:00,-15.355
2016-11-08 01:45:00,-17.482
2016-11-08 01:30:00,-15.188
2016-11-08 01:15:00,2.569
2016-11-08 01:00:00,13.387
2016-11-08 00:45:00,13.423
2016-11-08 00:30:00,13.427
2016-11-08 00:15:00,13.415
2016-11-08 00:00:00,13.426
2016-11-07 23:45:00,13.479
2016-11-07 23:30:00,13.477
2016-11-07 23:15:00,13.489
2016-11-07 23:00:00,13.502
2016-11-07 22:45:00,13.504
2016-11-07 22:30:00,13.505
2016-11-07 22:15:00,13.509
2016-11-07 22:00:00,13.566
2016-11-07 21:45:00,13.573
2016-11-07 21:30:00,13.56
2016-11-07 21:15:00,13.529
2016-11-07 21:00:00,13.52
2016-11-07 20:45:00,13.504
2016-11-07 20:30:00,8.702
2016-11-07 20:15:00,1.771
2016-11-07 20:00:00,5.006
2016-11-07 19:45:00,-7.883
2016-11-07 19:30:00,-22.598
2016-11-07 19:15:00,-20.748
2016-11-07 19:00:00,-22.937
2016-11-07 18:45:00,-22.463
2016-11-07 18:30:00,-25.875
2016-11-07 18:15:00,-31.974
2016-11-07 18:00:00,-29.178
2016-11-07 17:45:00,-20.162
2016-11-07 17:30:00,-20.132
2016-11-07 17:15:00,-43.638
2016-11-07 17:00:00,-37.172
2016-11-07 16:45:00,-45.378
2016-11-07 16:30:00,-55.255
2016-11-07 16:15:00,-43.41
2016-11-07 16:00:00,-51.21
2016-11-07 15:45:00,-19.347
2016-11-07 15:30:00,1.688
2016-11-07 15:15:00,21.0
2016-11-07 15:00:00,33.216
2016-11-07 14:45:00,45.223
2016-11-07 14:30:00,69.054
2016-11-07 14:15:00,62.214
2016-11-07 14:00:00,67.02
2016-11-07 13:45:00,1.904
2016-11-07 13:30:00,25.823
2016-11-07 13:15:00,49.91
2016-11-07 13:00:00,3.34
2016-11-07 12:45:00,1.619
2016-11-07 12:30:00,-0.976
2016-11-07 12:15:00,-0.972
2016-11-07 12:00:00,-0.929
2016-11-07 11:45:00,22.765
2016-11-07 11:30:00,-129.586
2016-11-07 11:15:00,-155.332
2016-11-07 11:00:00,-154.98
2016-11-07 10:45:00,-155.342
2016-11-07 10:30:00,-156.224
2016-11-07 10:15:00,-127.19
2016-11-07 10:00:00,2.113
2016-11-07 09:45:00,2.097
2016-11-07 09:30:00,2.114
2016-11-07 09:15:00,2.137
2016-11-07 09:00:00,2.189
2016-11-07 08:45:00,29.567
2016-11-07 08:30:00,84.36
2016-11-07 08:15:00,74.763
2016-11-07 08:00:00,62.199
2016-11-07 07:45:00,51.22
2016-11-07 07:30:00,-3.3
2016-11-07 07:15:00,-54.398
2016-11-07 07:00:00,-54.561
2016-11-07 06:45:00,-51.322
2016-11-07 06:30:00,-5.58
2016-11-07 06:15:00,1.975
2016-11-07 06:00:00,1.913
2016-11-07 05:45:00,1.919
2016-11-07 05:30:00,1.925
2016-11-07 05:15:00,1.929
2016-11-07 05:00:00,1.913
2016-11-07 04:45:00,1.894
2016-11-07 04:30:00,1.894
2016-11-07 04:15:00,1.893
2016-11-07 04:00:00,1.896
2016-11-07 03:45:00,1.895
2016-11-07 03:30:00,1.894
2016-11-07 03:15:00,1.906
2016-11-07 03:00:00,1.903
2016-11-07 02:45:00,1.905
2016-11-07 02:30:00,1.904
2016-11-07 02:15:00,1.903
2016-11-07 02:00:00,1.924
2016-11-07 01:45:00,1.927
2016-11-07 01:30:00,1.93
2016-11-07 01:15:00,1.927
2016-11-07 01:00:00,1.922
2016-11-07 00:45:00,1.935
2016-11-07 00:30:00,1.937
2016-11-07 00:15:00,1.949
2016-11-07 00:00:00,1.946
2016-11-06 23:45:00,1.945
2016-11-06 23:30:00,1.931
2016-11-06 23:15:00,1.933
2016-11-06 23:00:00,1.907
2016-11-06 22:45:00,-0.265
2016-11-06 22:30:00,-1.262
2016-11-06 22:15:00,-1.12
2016-11-06 22:00:00,-0.379
2016-11-06 21:45:00,-0.213
2016-11-06 21:30:00,-1.469
2016-11-06 21:15:00,-0.366
2016-11-06 21:00:00,-0.287
2016-11-06 20:45:00,-1.973
2016-11-06 20:30:00,-2.254
2016-11-06 20:15:00,0.847
2016-11-06 20:00:00,-1.78
2016-11-06 19:45:00,-4.137
2016-11-06 19:30:00,-3.642
2016-11-06 19:15:00,-2.504
2016-11-06 19:00:00,-17.509
2016-11-06 18:45:00,1.065
2016-11-06 18:30:00,-0.984
2016-11-06 18:15:00,-0.985
2016-11-06 18:00:00,-0.99
2016-11-06 17:45:00,-0.989
2016-11-06 17:30:00,-0.987
2016-11-06 17:15:00,-0.983
2016-11-06 17:00:00,-0.984
2016-11-06 16:45:00,-0.978
2016-11-06 16:30:00,-0.983
2016-11-06 16:15:00,-0.982
2016-11-06 16:00:00,-0.979
2016-11-06 15:45:00,-0.976
2016-11-06 15:30:00,-0.982
2016-11-06 15:15:00,-0.978
2016-11-06 15:00:00,-0.976
2016-11-06 14:45:00,-0.969
2016-11-06 14:30:00,-0.975
2016-11-06 14:15:00,-0.984
2016-11-06 14:00:00,-0.981
2016-11-06 13:45:00,-0.977
2016-11-06 13:30:00,-0.977
2016-11-06 13:15:00,-0.973
2016-11-06 13:00:00,-0.971
2016-11-06 12:45:00,-0.971
2016-11-06 12:30:00,-0.983
2016-11-06 12:15:00,-0.969
2016-11-06 12:00:00,-0.971
2016-11-06 11:45:00,-0.974
2016-11-06 11:30:00,-0.974
2016-11-06 11:15:00,-0.973
2016-11-06 11:00:00,-0.966
2016-11-06 10:45:00,-0.969
2016-11-06 10:30:00,-0.972
2016-11-06 10:15:00,-0.972
2016-11-06 10:00:00,-0.973
2016-11-06 09:45:00,-0.971
2016-11-06 09:30:00,-0.971
2016-11-06 09:15:00,-0.967
2016-11-06 09:00:00,-0.969
2016-11-06 08:45:00,-0.971
2016-11-06 08:30:00,-0.969
2016-11-06 08:15:00,-0.966
2016-11-06 08:00:00,-0.963
2016-11-06 07:45:00,-0.964
2016-11-06 07:30:00,-0.963
2016-11-06 07:15:00,-0.966
2016-11-06 07:00:00,-0.964
2016-11-06 06:45:00,-0.974
2016-11-06 06:30:00,-0.977
2016-11-06 06:15:00,-0.976
2016-11-06 06:00:00,-0.975
2016-11-06 05:45:00,-0.971
2016-11-06 05:30:00,-0.963
2016-11-06 05:15:00,-0.963
2016-11-06 05:00:00,-0.965
2016-11-06 04:45:00,-0.966
2016-11-06 04:30:00,-0.968
2016-11-06 04:15:00,-0.969
2016-11-06 04:00:00,-0.969
2016-11-06 03:45:00,-0.973
2016-11-06 03:30:00,-0.976
2016-11-06 03:15:00,-0.976
2016-11-06 03:00:00,-0.973
2016-11-06 02:45:00,-0.971
2016-11-06 02:30:00,-0.97
2016-11-06 02:15:00,-0.971
2016-11-06 02:00:00,-0.975
2016-11-06 01:45:00,-0.974
2016-11-06 01:45:00,-0.975
2016-11-06 01:30:00,-0.982
2016-11-06 01:30:00,-0.974
2016-11-06 01:15:00,-0.974
2016-11-06 01:15:00,-0.982
2016-11-06 01:00:00,-0.976
2016-11-06 01:00:00,-0.977
2016-11-06 00:45:00,-0.976
2016-11-06 00:30:00,-0.978
2016-11-06 00:15:00,-0.976
2016-11-06 00:00:00,-0.982
2016-11-05 23:45:00,-0.981
2016-11-05 23:30:00,-0.977
2016-11-05 23:15:00,-0.973
2016-11-05 23:00:00,-0.97
2016-11-05 22:45:00,-0.972
2016-11-05 22:30:00,-0.97
2016-11-05 22:15:00,-0.971
2016-11-05 22:00:00,-0.975
2016-11-05 21:45:00,-0.974
2016-11-05 21:30:00,-0.984
2016-11-05 21:15:00,-0.98
2016-11-05 21:00:00,-0.982
2016-11-05 20:45:00,-0.981
2016-11-05 20:30:00,-0.98
2016-11-05 20:15:00,-0.979
2016-11-05 20:00:00,-0.978
2016-11-05 19:45:00,-0.981
2016-11-05 19:30:00,-0.984
2016-11-05 19:15:00,-0.982
2016-11-05 19:00:00,-0.984
2016-11-05 18:45:00,-0.982
2016-11-05 18:30:00,-0.983
2016-11-05 18:15:00,-0.984
2016-11-05 18:00:00,-0.987
2016-11-05 17:45:00,-0.986
2016-11-05 17:30:00,-0.983
2016-11-05 17:15:00,-0.983
2016-11-05 17:00:00,-0.981
2016-11-05 16:45:00,-0.981
2016-11-05 16:30:00,-0.98
2016-11-05 16:15:00,-0.982
2016-11-05 16:00:00,-0.97
2016-11-05 15:45:00,-0.968
2016-11-05 15:30:00,-0.973
2016-11-05 15:15:00,-0.972
2016-11-05 15:00:00,-0.967
2016-11-05 14:45:00,-0.971
2016-11-05 14:30:00,-0.975
2016-11-05 14:15:00,-0.975
2016-11-05 14:00:00,-0.972
2016-11-05 13:45:00,-0.972
2016-11-05 13:30:00,-0.971
2016-11-05 13:15:00,-0.97
2016-11-05 13:00:00,-0.968
2016-11-05 12:45:00,-0.97
2016-11-05 12:30:00,-0.971
2016-11-05 12:15:00,-0.967
2016-11-05 12:00:00,-0.967
2016-11-05 11:45:00,-0.968
2016-11-05 11:30:00,-0.968
2016-11-05 11:15:00,-0.962
2016-11-05 11:00:00,-0.962
2016-11-05 10:45:00,-0.967
2016-11-05 10:30:00,-0.968
2016-11-05 10:15:00,-0.958
2016-11-05 10:00:00,-0.961
2016-11-05 09:45:00,-0.963
2016-11-05 09:30:00,-0.964
2016-11-05 09:15:00,-0.96
2016-11-05 09:00:00,-0.957
2016-11-05 08:45:00,-0.961
2016-11-05 08:30:00,-0.962
2016-11-05 08:15:00,-0.957
2016-11-05 08:00:00,-0.951
2016-11-05 07:45:00,-0.955
2016-11-05 07:30:00,-0.957
2016-11-05 07:15:00,-0.97
2016-11-05 07:00:00,-0.968
2016-11-05 06:45:00,-0.962
2016-11-05 06:30:00,-0.961
2016-11-05 06:15:00,-0.965
2016-11-05 06:00:00,-0.965
2016-11-05 05:45:00,-0.963
2016-11-05 05:30:00,-0.954
2016-11-05 05:15:00,-0.957
2016-11-05 05:00:00,-0.959
2016-11-05 04:45:00,-0.961
2016-11-05 04:30:00,-0.957
2016-11-05 04:15:00,-0.961
2016-11-05 04:00:00,-0.963
2016-11-05 03:45:00,-0.963
2016-11-05 03:30:00,-0.963
2016-11-05 03:15:00,-0.962
2016-11-05 03:00:00,-0.963
2016-11-05 02:45:00,-0.963
2016-11-05 02:30:00,-0.963
2016-11-05 02:15:00,-0.961
2016-11-05 02:00:00,-0.962
2016-11-05 01:45:00,-0.971
2016-11-05 01:30:00,-0.968
2016-11-05 01:15:00,-0.971
2016-11-05 01:00:00,-0.971
2016-11-05 00:45:00,-0.978
2016-11-05 00:30:00,-0.975
2016-11-05 00:15:00,-0.972
2016-11-05 00:00:00,-0.971
2016-11-04 23:45:00,-0.976
2016-11-04 23:30:00,-0.976
2016-11-04 23:15:00,-0.975
2016-11-04 23:00:00,-0.978
2016-11-04 22:45:00,-0.972
2016-11-04 22:30:00,-0.985
2016-11-04 22:15:00,-0.984
2016-11-04 22:00:00,-0.981
2016-11-04 21:45:00,-0.982
2016-11-04 21:30:00,-0.983
2016-11-04 21:15:00,-0.979
2016-11-04 21:00:00,-0.989
2016-11-04 20:45:00,-0.987
2016-11-04 20:30:00,-0.983
2016-11-04 20:15:00,-0.982
2016-11-04 20:00:00,-0.977
2016-11-04 19:45:00,-0.979
2016-11-04 19:30:00,-0.975
2016-11-04 19:15:00,-0.979
2016-11-04 19:00:00,-0.979
2016-11-04 18:45:00,-0.977
2016-11-04 18:30:00,-0.972
2016-11-04 18:15:00,-0.974
2016-11-04 18:00:00,-0.978
2016-11-04 17:45:00,-0.975
2016-11-04 17:30:00,-0.974
2016-11-04 17:15:00,-0.973
2016-11-04 17:00:00,-0.973
2016-11-04 16:45:00,-0.978
2016-11-04 16:30:00,-0.981
2016-11-04 16:15:00,-0.98
2016-11-04 16:00:00,-0.978
2016-11-04 15:45:00,-0.976
2016-11-04 15:30:00,-0.978
2016-11-04 15:15:00,-0.973
2016-11-04 15:00:00,-0.976
2016-11-04 14:45:00,-0.984
2016-11-04 14:30:00,-0.981
2016-11-04 14:15:00,0.21
2016-11-04 14:00:00,2.168
2016-11-04 13:45:00,2.165
2016-11-04 13:30:00,2.176
2016-11-04 13:15:00,2.157
2016-11-04 13:00:00,2.171
2016-11-04 12:45:00,2.172
2016-11-04 12:30:00,2.196
2016-11-04 12:15:00,2.254
2016-11-04 12:00:00,2.313
2016-11-04 11:45:00,2.538
2016-11-04 11:30:00,136.543
2016-11-04 11:15:00,126.479
2016-11-04 11:00:00,129.137
2016-11-04 10:45:00,125.372
2016-11-04 10:30:00,118.136
2016-11-04 10:15:00,106.8
2016-11-04 10:00:00,99.511
2016-11-04 09:45:00,89.476
2016-11-04 09:30:00,77.101
2016-11-04 09:15:00,64.167
2016-11-04 09:00:00,47.81
2016-11-04 08:45:00,30.831
2016-11-04 08:30:00,7.243
2016-11-04 08:15:00,1.676
2016-11-04 08:00:00,1.674
2016-11-04 07:45:00,1.661
2016-11-04 07:30:00,1.312
2016-11-04 07:15:00,1.258
2016-11-04 07:00:00,1.248
2016-11-04 06:45:00,-21.416
2016-11-04 06:30:00,-22.383
2016-11-04 06:15:00,-26.127
2016-11-04 06:00:00,-22.86
2016-11-04 05:45:00,-21.805
2016-11-04 05:30:00,-19.566
2016-11-04 05:15:00,-0.945
2016-11-04 05:00:00,-1.034
2016-11-04 04:45:00,-1.169
2016-11-04 04:30:00,-0.892
2016-11-04 04:15:00,-0.802
2016-11-04 04:00:00,-1.119
2016-11-04 03:45:00,-0.717
2016-11-04 03:30:00,-1.214
2016-11-04 03:15:00,-2.515
2016-11-04 03:00:00,-3.137
2016-11-04 02:45:00,-7.254
2016-11-04 02:30:00,-10.814
2016-11-04 02:15:00,-13.77
2016-11-04 02:00:00,-14.305
2016-11-04 01:45:00,-18.037
2016-11-04 01:30:00,-17.394
2016-11-04 01:15:00,-16.852
2016-11-04 01:00:00,-18.455
2016-11-04 00:45:00,-18.686
2016-11-04 00:30:00,-16.958
2016-11-04 00:15:00,-17.479
2016-11-04 00:00:00,-18.092
2016-11-03 23:45:00,-16.935
2016-11-03 23:30:00,-16.395
2016-11-03 23:15:00,-17.849
2016-11-03 23:00:00,-17.401
2016-11-03 22:45:00,-17.02
2016-11-03 22:30:00,-17.556
2016-11-03 22:15:00,-17.302
2016-11-03 22:00:00,-17.875
2016-11-03 21:45:00,-17.283
2016-11-03 21:30:00,-18.131
2016-11-03 21:15:00,-17.524
2016-11-03 21:00:00,-17.77
2016-11-03 20:45:00,-18.61
2016-11-03 20:30:00,-18.118
2016-11-03 20:15:00,-18.822
2016-11-03 20:00:00,-21.125
2016-11-03 19:45:00,-20.161
2016-11-03 19:30:00,-15.485
2016-11-03 19:15:00,-32.568
2016-11-03 19:00:00,-26.63
2016-11-03 18:45:00,-18.388
2016-11-03 18:30:00,-20.571
2016-11-03 18:15:00,-43.034
2016-11-03 18:00:00,-32.187
2016-11-03 17:45:00,-25.005
2016-11-03 17:30:00,-27.833
2016-11-03 17:15:00,-33.504
2016-11-03 17:00:00,-9.271
2016-11-03 16:45:00,2.152
2016-11-03 16:30:00,2.147
2016-11-03 16:15:00,2.152
2016-11-03 16:00:00,2.15
2016-11-03 15:45:00,2.147
2016-11-03 15:30:00,2.141
2016-11-03 15:15:00,2.138
2016-11-03 15:00:00,2.148
2016-11-03 14:45:00,2.151
2016-11-03 14:30:00,2.161
2016-11-03 14:15:00,2.154
2016-11-03 14:00:00,2.167
2016-11-03 13:45:00,2.166
2016-11-03 13:30:00,2.158
2016-11-03 13:15:00,2.164
2016-11-03 13:00:00,2.162
2016-11-03 12:45:00,2.205
2016-11-03 12:30:00,2.258
2016-11-03 12:15:00,2.338
2016-11-03 12:00:00,62.351
2016-11-03 11:45:00,109.428
2016-11-03 11:30:00,125.981
2016-11-03 11:15:00,121.695
2016-11-03 11:00:00,94.251
2016-11-03 10:45:00,104.277
2016-11-03 10:30:00,105.336
2016-11-03 10:15:00,100.808
2016-11-03 10:00:00,90.447
2016-11-03 09:45:00,78.569
2016-11-03 09:30:00,67.117
2016-11-03 09:15:00,49.16
2016-11-03 09:00:00,41.874
2016-11-03 08:45:00,25.929
2016-11-03 08:30:00,6.318
2016-11-03 08:15:00,1.719
2016-11-03 08:00:00,1.686
2016-11-03 07:45:00,1.685
2016-11-03 07:30:00,1.716
2016-11-03 07:15:00,1.709
2016-11-03 07:00:00,1.71
2016-11-03 06:45:00,1.686
2016-11-03 06:30:00,1.718
2016-11-03 06:15:00,1.671
2016-11-03 06:00:00,1.677
2016-11-03 05:45:00,1.661
2016-11-03 05:30:00,1.645
2016-11-03 05:15:00,1.651
2016-11-03 05:00:00,1.64
2016-11-03 04:45:00,1.653
2016-11-03 04:30:00,1.663
2016-11-03 04:15:00,1.672
2016-11-03 04:00:00,1.677
2016-11-03 03:45:00,1.64
2016-11-03 03:30:00,1.642
2016-11-03 03:15:00,1.642
2016-11-03 03:00:00,1.678
2016-11-03 02:45:00,1.686
2016-11-03 02:30:00,1.684
2016-11-03 02:15:00,1.688
2016-11-03 02:00:00,1.68
2016-11-03 01:45:00,1.7
2016-11-03 01:30:00,1.719
2016-11-03 01:15:00,1.73
2016-11-03 01:00:00,1.716
2016-11-03 00:45:00,1.743
2016-11-03 00:30:00,1.724
2016-11-03 00:15:00,1.72
2016-11-03 00:00:00,1.696
2016-11-02 23:45:00,1.707
2016-11-02 23:30:00,1.73
2016-11-02 23:15:00,1.734
2016-11-02 23:00:00,1.712
2016-11-02 22:45:00,1.751
2016-11-02 22:30:00,1.71
2016-11-02 22:15:00,1.718
2016-11-02 22:00:00,1.714
2016-11-02 21:45:00,1.718
2016-11-02 21:30:00,1.798
2016-11-02 21:15:00,1.791
2016-11-02 21:00:00,1.832
2016-11-02 20:45:00,-32.484
2016-11-02 20:30:00,-40.192
2016-11-02 20:15:00,-57.486
2016-11-02 20:00:00,-41.727
2016-11-02 19:45:00,-39.412
2016-11-02 19:30:00,-36.466
2016-11-02 19:15:00,-51.89
2016-11-02 19:00:00,-49.408
2016-11-02 18:45:00,-36.582
2016-11-02 18:30:00,-52.596
2016-11-02 18:15:00,-78.064
2016-11-02 18:00:00,-75.841
2016-11-02 17:45:00,-62.562
2016-11-02 17:30:00,-50.361
2016-11-02 17:15:00,-56.045
2016-11-02 17:00:00,-37.211
2016-11-02 16:45:00,-16.061
2016-11-02 16:30:00,-0.486
2016-11-02 16:15:00,29.643
2016-11-02 16:00:00,49.813
2016-11-02 15:45:00,49.1
2016-11-02 15:30:00,63.48
2016-11-02 15:15:00,75.261
2016-11-02 15:00:00,90.073
2016-11-02 14:45:00,100.334
2016-11-02 14:30:00,106.473
2016-11-02 14:15:00,112.51
2016-11-02 14:00:00,44.289
2016-11-02 13:45:00,-0.981
2016-11-02 13:30:00,-0.976
2016-11-02 13:15:00,-0.975
2016-11-02 13:00:00,-0.981
2016-11-02 12:45:00,-0.977
2016-11-02 12:30:00,-0.969
2016-11-02 12:15:00,-0.971
2016-11-02 12:00:00,-0.976
2016-11-02 11:45:00,-0.977
2016-11-02 11:30:00,-0.975
2016-11-02 11:15:00,-0.974
2016-11-02 11:00:00,-0.972
2016-11-02 10:45:00,-0.967
2016-11-02 10:30:00,-0.97
2016-11-02 10:15:00,-0.974
2016-11-02 10:00:00,-0.957
2016-11-02 09:45:00,-0.964
2016-11-02 09:30:00,-0.959
2016-11-02 09:15:00,17.373
2016-11-02 09:00:00,21.449
2016-11-02 08:45:00,-0.506
2016-11-02 08:30:00,-0.957
2016-11-02 08:15:00,-0.955
2016-11-02 08:00:00,-0.955
2016-11-02 07:45:00,-0.954
2016-11-02 07:30:00,-0.957
2016-11-02 07:15:00,0.643
2016-11-02 07:00:00,1.706
2016-11-02 06:45:00,1.709
2016-11-02 06:30:00,1.706
2016-11-02 06:15:00,1.7
2016-11-02 06:00:00,1.69
2016-11-02 05:45:00,1.67
2016-11-02 05:30:00,1.673
2016-11-02 05:15:00,1.683
2016-11-02 05:00:00,1.658
2016-11-02 04:45:00,1.671
2016-11-02 04:30:00,1.677
2016-11-02 04:15:00,1.674
2016-11-02 04:00:00,1.685
2016-11-02 03:45:00,1.68
2016-11-02 03:30:00,1.676
2016-11-02 03:15:00,1.685
2016-11-02 03:00:00,1.699
2016-11-02 02:45:00,1.705
2016-11-02 02:30:00,1.71
2016-11-02 02:15:00,1.702
2016-11-02 02:00:00,1.707
2016-11-02 01:45:00,1.714
2016-11-02 01:30:00,1.724
2016-11-02 01:15:00,1.721
2016-11-02 01:00:00,1.713
2016-11-02 00:45:00,1.726
2016-11-02 00:30:00,-1.625
2016-11-02 00:15:00,-26.392
2016-11-02 00:00:00,-27.863
2016-11-01 23:45:00,-26.955
2016-11-01 23:30:00,-28.193
2016-11-01 23:15:00,-27.312
2016-11-01 23:00:00,-28.418
2016-11-01 22:45:00,-27.812
2016-11-01 22:30:00,-28.398
2016-11-01 22:15:00,-27.749
2016-11-01 22:00:00,-28.727
2016-11-01 21:45:00,-27.548
2016-11-01 21:30:00,-28.236
2016-11-01 21:15:00,-27.173
2016-11-01 21:00:00,-14.487
2016-11-01 20:45:00,-14.593
2016-11-01 20:30:00,-14.449
2016-11-01 20:15:00,-19.091
2016-11-01 20:00:00,-18.682
2016-11-01 19:45:00,-19.088
2016-11-01 19:30:00,-17.56
2016-11-01 19:15:00,-16.308
2016-11-01 19:00:00,-15.093
2016-11-01 18:45:00,-19.6
2016-11-01 18:30:00,-29.029
2016-11-01 18:15:00,-49.468
2016-11-01 18:00:00,-43.457
2016-11-01 17:45:00,-38.746
2016-11-01 17:30:00,-31.472
2016-11-01 17:15:00,-20.226
2016-11-01 17:00:00,-15.893
2016-11-01 16:45:00,32.613
2016-11-01 16:30:00,53.434
2016-11-01 16:15:00,62.094
2016-11-01 16:00:00,30.627
2016-11-01 15:45:00,79.138
2016-11-01 15:30:00,99.197
2016-11-01 15:15:00,112.459
2016-11-01 15:00:00,105.733
2016-11-01 14:45:00,112.356
2016-11-01 14:30:00,129.68
2016-11-01 14:15:00,100.171
2016-11-01 14:00:00,7.653
2016-11-01 13:45:00,-0.979
2016-11-01 13:30:00,-0.974
2016-11-01 13:15:00,-0.977
2016-11-01 13:00:00,-0.977
2016-11-01 12:45:00,-0.979
2016-11-01 12:30:00,-0.98
2016-11-01 12:15:00,-0.982
2016-11-01 12:00:00,-0.981
2016-11-01 11:45:00,-0.979
2016-11-01 11:30:00,-0.975
2016-11-01 11:15:00,-0.975
2016-11-01 11:00:00,-0.977
2016-11-01 10:45:00,-0.98
2016-11-01 10:30:00,-0.975
2016-11-01 10:15:00,-0.974
2016-11-01 10:00:00,-0.97
2016-11-01 09:45:00,-0.969
2016-11-01 09:30:00,-0.968
2016-11-01 09:15:00,-0.969
2016-11-01 09:00:00,-0.971
2016-11-01 08:45:00,-0.972
2016-11-01 08:30:00,-0.971
2016-11-01 08:15:00,-0.973
2016-11-01 08:00:00,-0.971
2016-11-01 07:45:00,-0.973
2016-11-01 07:30:00,-0.976
2016-11-01 07:15:00,-0.978
2016-11-01 07:00:00,-0.975
2016-11-01 06:45:00,-0.97
2016-11-01 06:30:00,-0.975
2016-11-01 06:15:00,-0.969
2016-11-01 06:00:00,-0.964
2016-11-01 05:45:00,-0.969
2016-11-01 05:30:00,-0.968
2016-11-01 05:15:00,-0.969
2016-11-01 05:00:00,-0.971
2016-11-01 04:45:00,-0.968
2016-11-01 04:30:00,-0.972
2016-11-01 04:15:00,-0.968
2016-11-01 04:00:00,-0.962
2016-11-01 03:45:00,-0.963
2016-11-01 03:30:00,-0.965
2016-11-01 03:15:00,-0.966
2016-11-01 03:00:00,-0.968
2016-11-01 02:45:00,-0.977
2016-11-01 02:30:00,-0.975
2016-11-01 02:15:00,-0.978
2016-11-01 02:00:00,-0.977
2016-11-01 01:45:00,-0.978
2016-11-01 01:30:00,-0.978
2016-11-01 01:15:00,-0.977
2016-11-01 01:00:00,-0.976
2016-11-01 00:45:00,-0.976
2016-11-01 00:30:00,-0.976
2016-11-01 00:15:00,-0.975
2016-11-01 00:00:00,-0.974
2016-10-31 23:45:00,-0.983
2016-10-31 23:30:00,-0.978
2016-10-31 23:15:00,-0.975
2016-10-31 23:00:00,-0.983
2016-10-31 22:45:00,-0.978
2016-10-31 22:30:00,-0.98
2016-10-31 22:15:00,-0.976
2016-10-31 22:00:00,-0.978
2016-10-31 21:45:00,-0.985
2016-10-31 21:30:00,-0.983
2016-10-31 21:15:00,-0.982
2016-10-31 21:00:00,-0.978
2016-10-31 20:45:00,-0.976
2016-10-31 20:30:00,-0.978
2016-10-31 20:15:00,-0.977
2016-10-31 20:00:00,-0.975
2016-10-31 19:45:00,-0.973
2016-10-31 19:30:00,-0.975
2016-10-31 19:15:00,-0.979
2016-10-31 19:00:00,-0.987
2016-10-31 18:45:00,-0.985
2016-10-31 18:30:00,-0.982
2016-10-31 18:15:00,-0.981
2016-10-31 18:00:00,-0.979
2016-10-31 17:45:00,-0.984
2016-10-31 17:30:00,-0.99
2016-10-31 17:15:00,-0.99
2016-10-31 17:00:00,-0.985
2016-10-31 16:45:00,-0.986
2016-10-31 16:30:00,-0.983
2016-10-31 16:15:00,-0.988
2016-10-31 16:00:00,-0.985
2016-10-31 15:45:00,-0.991
2016-10-31 15:30:00,-0.987
2016-10-31 15:15:00,-0.984
2016-10-31 15:00:00,-0.986
2016-10-31 14:45:00,-0.986
2016-10-31 14:30:00,-0.983
2016-10-31 14:15:00,-0.977
2016-10-31 14:00:00,-0.011
2016-10-31 13:45:00,0.573
2016-10-31 13:30:00,-0.699
2016-10-31 13:15:00,-0.986
2016-10-31 13:00:00,-0.979
2016-10-31 12:45:00,-0.976
2016-10-31 12:30:00,-0.988
2016-10-31 12:15:00,-0.983
2016-10-31 12:00:00,-0.977
2016-10-31 11:45:00,-0.976
2016-10-31 11:30:00,-0.981
2016-10-31 11:15:00,-0.978
2016-10-31 11:00:00,-0.971
2016-10-31 10:45:00,-0.97
2016-10-31 10:30:00,-0.964
2016-10-31 10:15:00,-0.965
2016-10-31 10:00:00,-0.958
2016-10-31 09:45:00,-0.96
2016-10-31 09:30:00,-0.964
2016-10-31 09:15:00,-0.968
2016-10-31 09:00:00,-0.957
2016-10-31 08:45:00,-0.958
2016-10-31 08:30:00,-0.958
2016-10-31 08:15:00,-0.958
2016-10-31 08:00:00,-0.96
2016-10-31 07:45:00,-0.963
2016-10-31 07:30:00,-0.95
2016-10-31 07:15:00,1.673
2016-10-31 07:00:00,1.755
2016-10-31 06:45:00,1.755
2016-10-31 06:30:00,1.743
2016-10-31 06:15:00,1.739
2016-10-31 06:00:00,1.713
2016-10-31 05:45:00,1.72
2016-10-31 05:30:00,1.691
2016-10-31 05:15:00,1.673
2016-10-31 05:00:00,1.697
2016-10-31 04:45:00,1.708
2016-10-31 04:30:00,1.712
2016-10-31 04:15:00,1.712
2016-10-31 04:00:00,1.728
2016-10-31 03:45:00,1.725
2016-10-31 03:30:00,1.735
2016-10-31 03:15:00,1.722
2016-10-31 03:00:00,1.757
2016-10-31 02:45:00,1.753
2016-10-31 02:30:00,1.759
2016-10-31 02:15:00,1.746
2016-10-31 02:00:00,1.757
2016-10-31 01:45:00,1.751
2016-10-31 01:30:00,1.761
2016-10-31 01:15:00,1.75
2016-10-31 01:00:00,1.756
2016-10-31 00:45:00,1.756
2016-10-31 00:30:00,1.771
2016-10-31 00:15:00,1.803
2016-10-31 00:00:00,-24.012
2016-10-30 23:45:00,-29.431
2016-10-30 23:30:00,-27.522
2016-10-30 23:15:00,-28.062
2016-10-30 23:00:00,-27.141
2016-10-30 22:45:00,-30.196
2016-10-30 22:30:00,-28.802
2016-10-30 22:15:00,-29.445
2016-10-30 22:00:00,-28.393
2016-10-30 21:45:00,-28.812
2016-10-30 21:30:00,-27.484
2016-10-30 21:15:00,-29.918
2016-10-30 21:00:00,-29.367
2016-10-30 20:45:00,-30.003
2016-10-30 20:30:00,-27.388
2016-10-30 20:15:00,-40.981
2016-10-30 20:00:00,-38.265
2016-10-30 19:45:00,-30.35
2016-10-30 19:30:00,-26.031
2016-10-30 19:15:00,-26.692
2016-10-30 19:00:00,-25.99
2016-10-30 18:45:00,-26.952
2016-10-30 18:30:00,-28.469
2016-10-30 18:15:00,-34.805
2016-10-30 18:00:00,-37.405
2016-10-30 17:45:00,-24.993
2016-10-30 17:30:00,-19.652
2016-10-30 17:15:00,-17.115
2016-10-30 17:00:00,0.512
2016-10-30 16:45:00,-4.802
2016-10-30 16:30:00,2.135
2016-10-30 16:15:00,2.139
2016-10-30 16:00:00,2.152
2016-10-30 15:45:00,3.476
2016-10-30 15:30:00,2.126
2016-10-30 15:15:00,2.144
2016-10-30 15:00:00,2.145
2016-10-30 14:45:00,3.526
2016-10-30 14:30:00,2.138
2016-10-30 14:15:00,2.138
2016-10-30 14:00:00,3.559
2016-10-30 13:45:00,2.145
2016-10-30 13:30:00,2.138
2016-10-30 13:15:00,2.149
2016-10-30 13:00:00,4.047
2016-10-30 12:45:00,2.146
2016-10-30 12:30:00,2.144
2016-10-30 12:15:00,3.962
2016-10-30 12:00:00,2.142
2016-10-30 11:45:00,2.14
2016-10-30 11:30:00,3.746
2016-10-30 11:15:00,2.127
2016-10-30 11:00:00,3.44
2016-10-30 10:45:00,2.772
2016-10-30 10:30:00,4.007
2016-10-30 10:15:00,3.982
2016-10-30 10:00:00,5.851
2016-10-30 09:45:00,37.677
2016-10-30 09:30:00,66.599
2016-10-30 09:15:00,99.407
2016-10-30 09:00:00,62.251
2016-10-30 08:45:00,79.107
2016-10-30 08:30:00,43.801
2016-10-30 08:15:00,20.891
2016-10-30 08:00:00,12.621
2016-10-30 07:45:00,6.927
2016-10-30 07:30:00,6.212
2016-10-30 07:15:00,3.766
2016-10-30 07:00:00,1.587
2016-10-30 06:45:00,1.524
2016-10-30 06:30:00,2.015
2016-10-30 06:15:00,0.326
2016-10-30 06:00:00,1.986
2016-10-30 05:45:00,1.486
2016-10-30 05:30:00,1.861
2016-10-30 05:15:00,0.671
2016-10-30 05:00:00,2.336
2016-10-30 04:45:00,0.35
2016-10-30 04:30:00,0.477
2016-10-30 04:15:00,1.749
2016-10-30 04:00:00,1.934
2016-10-30 03:45:00,-0.035
2016-10-30 03:30:00,1.352
2016-10-30 03:15:00,0.808
2016-10-30 03:00:00,1.948
2016-10-30 02:45:00,-0.35
2016-10-30 02:30:00,2.226
2016-10-30 02:15:00,-0.686
2016-10-30 02:00:00,0.154
2016-10-30 01:45:00,-0.026
2016-10-30 01:30:00,1.346
2016-10-30 01:15:00,-0.764
2016-10-30 01:00:00,-9.22
2016-10-30 00:45:00,-3.963
2016-10-30 00:30:00,-0.52
2016-10-30 00:15:00,-0.249
2016-10-30 00:00:00,-0.458
2016-10-29 23:45:00,-14.263
2016-10-29 23:30:00,-1.646
2016-10-29 23:15:00,-0.798
2016-10-29 23:00:00,-6.319
2016-10-29 22:45:00,-10.092
2016-10-29 22:30:00,-2.829
2016-10-29 22:15:00,-7.436
2016-10-29 22:00:00,-10.841
2016-10-29 21:45:00,-4.154
2016-10-29 21:30:00,-17.71
2016-10-29 21:15:00,-3.087
2016-10-29 21:00:00,-12.992
2016-10-29 20:45:00,-17.356
2016-10-29 20:30:00,-7.333
2016-10-29 20:15:00,-24.189
2016-10-29 20:00:00,-8.952
2016-10-29 19:45:00,-17.459
2016-10-29 19:30:00,-13.871
2016-10-29 19:15:00,-2.815
2016-10-29 19:00:00,-23.125
2016-10-29 18:45:00,-5.05
2016-10-29 18:30:00,-6.851
2016-10-29 18:15:00,-30.362
2016-10-29 18:00:00,-13.158
2016-10-29 17:45:00,-0.658
2016-10-29 17:30:00,-14.8
2016-10-29 17:15:00,-2.964
2016-10-29 17:00:00,6.792
2016-10-29 16:45:00,-2.299
2016-10-29 16:30:00,2.139
2016-10-29 16:15:00,2.166
2016-10-29 16:00:00,3.691
2016-10-29 15:45:00,2.154
2016-10-29 15:30:00,2.149
2016-10-29 15:15:00,2.151
2016-10-29 15:00:00,2.169
2016-10-29 14:45:00,4.452
2016-10-29 14:30:00,2.161
2016-10-29 14:15:00,2.172
2016-10-29 14:00:00,2.167
2016-10-29 13:45:00,2.178
2016-10-29 13:30:00,4.397
2016-10-29 13:15:00,2.171
2016-10-29 13:00:00,2.185
2016-10-29 12:45:00,4.43
2016-10-29 12:30:00,2.188
2016-10-29 12:15:00,2.208
2016-10-29 12:00:00,2.221
2016-10-29 11:45:00,4.615
2016-10-29 11:30:00,4.356
2016-10-29 11:15:00,4.53
2016-10-29 11:00:00,2.504
2016-10-29 10:45:00,75.684
2016-10-29 10:30:00,147.655
2016-10-29 10:15:00,129.471
2016-10-29 10:00:00,108.566
2016-10-29 09:45:00,128.646
2016-10-29 09:30:00,102.304
2016-10-29 09:15:00,97.205
2016-10-29 09:00:00,91.165
2016-10-29 08:45:00,87.014
2016-10-29 08:30:00,73.307
2016-10-29 08:15:00,53.489
2016-10-29 08:00:00,24.627
2016-10-29 07:45:00,16.897
2016-10-29 07:30:00,10.702
2016-10-29 07:15:00,5.09
2016-10-29 07:00:00,3.422
2016-10-29 06:45:00,1.321
2016-10-29 06:30:00,1.878
2016-10-29 06:15:00,1.186
2016-10-29 06:00:00,3.584
2016-10-29 05:45:00,0.76
2016-10-29 05:30:00,3.091
2016-10-29 05:15:00,2.309
2016-10-29 05:00:00,3.564
2016-10-29 04:45:00,1.81
2016-10-29 04:30:00,1.877
2016-10-29 04:15:00,2.005
2016-10-29 04:00:00,2.329
2016-10-29 03:45:00,2.025
2016-10-29 03:30:00,1.662
2016-10-29 03:15:00,2.466
2016-10-29 03:00:00,1.89
2016-10-29 02:45:00,2.225
2016-10-29 02:30:00,2.195
2016-10-29 02:15:00,2.088
2016-10-29 02:00:00,1.968
2016-10-29 01:45:00,1.849
2016-10-29 01:30:00,2.229
2016-10-29 01:15:00,2.255
2016-10-29 01:00:00,2.443
2016-10-29 00:45:00,2.476
2016-10-29 00:30:00,1.697
2016-10-29 00:15:00,2.66
2016-10-29 00:00:00,2.028
2016-10-28 23:45:00,2.582
2016-10-28 23:30:00,2.551
2016-10-28 23:15:00,2.666
2016-10-28 23:00:00,1.773
2016-10-28 22:45:00,2.937
2016-10-28 22:30:00,2.157
2016-10-28 22:15:00,1.787
2016-10-28 22:00:00,1.735
2016-10-28 21:45:00,2.947
2016-10-28 21:30:00,1.875
2016-10-28 21:15:00,1.792
2016-10-28 21:00:00,2.026
2016-10-28 20:45:00,-15.534
2016-10-28 20:30:00,-6.592
2016-10-28 20:15:00,31.523
2016-10-28 20:00:00,-3.103
2016-10-28 19:45:00,-12.342
2016-10-28 19:30:00,-15.094
2016-10-28 19:15:00,0.744
2016-10-28 19:00:00,-1.317
2016-10-28 18:45:00,-7.762
2016-10-28 18:30:00,-24.588
2016-10-28 18:15:00,-14.638
2016-10-28 18:00:00,-21.324
2016-10-28 17:45:00,-21.097
2016-10-28 17:30:00,-32.14
2016-10-28 17:15:00,-36.448
2016-10-28 17:00:00,-13.785
2016-10-28 16:45:00,1.121
2016-10-28 16:30:00,-12.364
2016-10-28 16:15:00,-0.851
2016-10-28 16:00:00,-1.878
2016-10-28 15:45:00,-3.726
2016-10-28 15:30:00,-30.327
2016-10-28 15:15:00,-30.371
2016-10-28 15:00:00,-35.955
2016-10-28 14:45:00,-48.603
2016-10-28 14:30:00,-30.761
2016-10-28 14:15:00,7.079
2016-10-28 14:00:00,75.373
2016-10-28 13:45:00,44.872
2016-10-28 13:30:00,21.507
2016-10-28 13:15:00,1.811
2016-10-28 13:00:00,9.447
2016-10-28 12:45:00,92.632
2016-10-28 12:30:00,98.215
2016-10-28 12:15:00,87.675
2016-10-28 12:00:00,-0.988
2016-10-28 11:45:00,-0.988
2016-10-28 11:30:00,-0.988
2016-10-28 11:15:00,-0.994
2016-10-28 11:00:00,-0.994
2016-10-28 10:45:00,-0.994
2016-10-28 10:30:00,-0.99
2016-10-28 10:15:00,-0.993
2016-10-28 10:00:00,-0.984
2016-10-28 09:45:00,-0.984
2016-10-28 09:30:00,-0.978
2016-10-28 09:15:00,1.535
2016-10-28 09:00:00,1.692
2016-10-28 08:45:00,1.702
2016-10-28 08:30:00,1.71
2016-10-28 08:15:00,1.716
2016-10-28 08:00:00,1.699
2016-10-28 07:45:00,1.723
2016-10-28 07:30:00,1.729
2016-10-28 07:15:00,1.711
2016-10-28 07:00:00,1.686
2016-10-28 06:45:00,1.691
2016-10-28 06:30:00,1.692
2016-10-28 06:15:00,1.671
2016-10-28 06:00:00,1.641
2016-10-28 05:45:00,1.65
2016-10-28 05:30:00,1.637
2016-10-28 05:15:00,1.641
2016-10-28 05:00:00,1.618
2016-10-28 04:45:00,1.635
2016-10-28 04:30:00,1.647
2016-10-28 04:15:00,1.623
2016-10-28 04:00:00,1.629
2016-10-28 03:45:00,1.628
2016-10-28 03:30:00,1.63
2016-10-28 03:15:00,1.631
2016-10-28 03:00:00,1.63
2016-10-28 02:45:00,1.649
2016-10-28 02:30:00,1.648
2016-10-28 02:15:00,1.64
2016-10-28 02:00:00,1.672
2016-10-28 01:45:00,1.674
2016-10-28 01:30:00,1.68
2016-10-28 01:15:00,1.664
2016-10-28 01:00:00,1.666
2016-10-28 00:45:00,1.668
2016-10-28 00:30:00,1.684
2016-10-28 00:15:00,1.673
2016-10-28 00:00:00,1.703
2016-10-27 23:45:00,1.712
2016-10-27 23:30:00,1.725
2016-10-27 23:15:00,1.716
2016-10-27 23:00:00,1.714
2016-10-27 22:45:00,1.711
2016-10-27 22:30:00,1.739
2016-10-27 22:15:00,1.736
2016-10-27 22:00:00,1.739
2016-10-27 21:45:00,1.719
2016-10-27 21:30:00,1.723
2016-10-27 21:15:00,1.706
2016-10-27 21:00:00,1.721
2016-10-27 20:45:00,1.729
2016-10-27 20:30:00,1.802
2016-10-27 20:15:00,1.799
2016-10-27 20:00:00,1.793
2016-10-27 19:45:00,1.779
2016-10-27 19:30:00,1.771
2016-10-27 19:15:00,1.755
2016-10-27 19:00:00,1.739
2016-10-27 18:45:00,1.717
2016-10-27 18:30:00,1.731
2016-10-27 18:15:00,1.74
2016-10-27 18:00:00,1.751
2016-10-27 17:45:00,1.766
2016-10-27 17:30:00,1.766
2016-10-27 17:15:00,1.765
2016-10-27 17:00:00,1.765
2016-10-27 16:45:00,1.749
2016-10-27 16:30:00,1.766
2016-10-27 16:15:00,1.814
2016-10-27 16:00:00,1.79
2016-10-27 15:45:00,1.793
2016-10-27 15:30:00,1.762
2016-10-27 15:15:00,1.766
2016-10-27 15:00:00,1.738
2016-10-27 14:45:00,1.798
2016-10-27 14:30:00,1.783
2016-10-27 14:15:00,1.783
2016-10-27 14:00:00,1.76
2016-10-27 13:45:00,1.736
2016-10-27 13:30:00,1.766
2016-10-27 13:15:00,1.79
2016-10-27 13:00:00,1.777
2016-10-27 12:45:00,1.789
2016-10-27 12:30:00,1.782
2016-10-27 12:15:00,1.759
2016-10-27 12:00:00,1.738
2016-10-27 11:45:00,1.73
2016-10-27 11:30:00,1.771
2016-10-27 11:15:00,1.726
2016-10-27 11:00:00,1.727
2016-10-27 10:45:00,1.748
2016-10-27 10:30:00,1.732
2016-10-27 10:15:00,1.738
2016-10-27 10:00:00,1.748
2016-10-27 09:45:00,1.75
2016-10-27 09:30:00,1.725
2016-10-27 09:15:00,1.72
2016-10-27 09:00:00,1.747
2016-10-27 08:45:00,1.708
2016-10-27 08:30:00,1.704
2016-10-27 08:15:00,1.713
2016-10-27 08:00:00,1.708
2016-10-27 07:45:00,1.716
2016-10-27 07:30:00,1.716
2016-10-27 07:15:00,1.724
2016-10-27 07:00:00,1.705
2016-10-27 06:45:00,1.694
2016-10-27 06:30:00,1.687
2016-10-27 06:15:00,1.665
2016-10-27 06:00:00,1.654
2016-10-27 05:45:00,1.631
2016-10-27 05:30:00,1.629
2016-10-27 05:15:00,1.633
2016-10-27 05:00:00,1.651
2016-10-27 04:45:00,1.633
2016-10-27 04:30:00,1.637
2016-10-27 04:15:00,1.627
2016-10-27 04:00:00,1.647
2016-10-27 03:45:00,1.646
2016-10-27 03:30:00,1.648
2016-10-27 03:15:00,1.638
2016-10-27 03:00:00,1.642
2016-10-27 02:45:00,1.638
2016-10-27 02:30:00,1.638
2016-10-27 02:15:00,1.632
2016-10-27 02:00:00,1.656
2016-10-27 01:45:00,1.662
2016-10-27 01:30:00,1.661
2016-10-27 01:15:00,1.655
2016-10-27 01:00:00,1.656
2016-10-27 00:45:00,1.659
2016-10-27 00:30:00,1.671
2016-10-27 00:15:00,1.698
2016-10-27 00:00:00,1.697
2016-10-26 23:45:00,1.695
2016-10-26 23:30:00,1.694
2016-10-26 23:15:00,1.717
2016-10-26 23:00:00,1.702
2016-10-26 22:45:00,1.697
2016-10-26 22:30:00,1.684
2016-10-26 22:15:00,1.707
2016-10-26 22:00:00,1.688
2016-10-26 21:45:00,1.729
2016-10-26 21:30:00,1.747
2016-10-26 21:15:00,1.764
2016-10-26 21:00:00,1.757
2016-10-26 20:45:00,1.773
2016-10-26 20:30:00,1.818
2016-10-26 20:15:00,1.822
2016-10-26 20:00:00,1.81
2016-10-26 19:45:00,1.807
2016-10-26 19:30:00,1.783
2016-10-26 19:15:00,1.783
2016-10-26 19:00:00,1.762
2016-10-26 18:45:00,1.756
2016-10-26 18:30:00,1.749
2016-10-26 18:15:00,1.801
2016-10-26 18:00:00,1.77
2016-10-26 17:45:00,1.776
2016-10-26 17:30:00,1.767
2016-10-26 17:15:00,1.781
2016-10-26 17:00:00,1.765
2016-10-26 16:45:00,1.763
2016-10-26 16:30:00,1.793
2016-10-26 16:15:00,1.807
2016-10-26 16:00:00,1.772
2016-10-26 15:45:00,1.768
2016-10-26 15:30:00,1.754
2016-10-26 15:15:00,1.773
2016-10-26 15:00:00,1.773
2016-10-26 14:45:00,1.8
2016-10-26 14:30:00,1.823
2016-10-26 14:15:00,1.793
2016-10-26 14:00:00,1.779
2016-10-26 13:45:00,1.797
2016-10-26 13:30:00,1.767
2016-10-26 13:15:00,1.783
2016-10-26 13:00:00,1.776
2016-10-26 12:45:00,1.793
2016-10-26 12:30:00,1.773
2016-10-26 12:15:00,1.769
2016-10-26 12:00:00,1.756
2016-10-26 11:45:00,1.765
2016-10-26 11:30:00,1.773
2016-10-26 11:15:00,1.757
2016-10-26 11:00:00,1.775
2016-10-26 10:45:00,1.77
2016-10-26 10:30:00,1.756
2016-10-26 10:15:00,1.755
2016-10-26 10:00:00,1.747
2016-10-26 09:45:00,1.745
2016-10-26 09:30:00,1.745
2016-10-26 09:15:00,1.771
2016-10-26 09:00:00,1.744
2016-10-26 08:45:00,1.759
2016-10-26 08:30:00,1.74
2016-10-26 08:15:00,1.734
2016-10-26 08:00:00,1.749
2016-10-26 07:45:00,1.742
2016-10-26 07:30:00,1.751
2016-10-26 07:15:00,1.762
2016-10-26 07:00:00,1.739
2016-10-26 06:45:00,1.738
2016-10-26 06:30:00,1.74
2016-10-26 06:15:00,1.712
2016-10-26 06:00:00,1.69
2016-10-26 05:45:00,1.68
2016-10-26 05:30:00,1.666
2016-10-26 05:15:00,1.664
2016-10-26 05:00:00,1.68
2016-10-26 04:45:00,1.683
2016-10-26 04:30:00,1.664
2016-10-26 04:15:00,1.663
2016-10-26 04:00:00,1.666
2016-10-26 03:45:00,1.666
2016-10-26 03:30:00,1.662
2016-10-26 03:15:00,1.671
2016-10-26 03:00:00,1.669
2016-10-26 02:45:00,1.68
2016-10-26 02:30:00,1.676
2016-10-26 02:15:00,1.678
2016-10-26 02:00:00,1.695
2016-10-26 01:45:00,1.713
2016-10-26 01:30:00,1.721
2016-10-26 01:15:00,1.722
2016-10-26 01:00:00,1.723
2016-10-26 00:45:00,1.724
2016-10-26 00:30:00,1.723
2016-10-26 00:15:00,1.714
2016-10-26 00:00:00,1.725
2016-10-25 23:45:00,1.722
2016-10-25 23:30:00,1.746
2016-10-25 23:15:00,1.764
2016-10-25 23:00:00,1.77
2016-10-25 22:45:00,1.754
2016-10-25 22:30:00,1.756
2016-10-25 22:15:00,1.773
2016-10-25 22:00:00,1.785
2016-10-25 21:45:00,1.772
2016-10-25 21:30:00,1.772
2016-10-25 21:15:00,1.783
2016-10-25 21:00:00,1.779
2016-10-25 20:45:00,1.719
2016-10-25 20:30:00,1.756
2016-10-25 20:15:00,1.752
2016-10-25 20:00:00,1.787
2016-10-25 19:45:00,1.798
2016-10-25 19:30:00,1.802
2016-10-25 19:15:00,1.792
2016-10-25 19:00:00,1.776
2016-10-25 18:45:00,1.771
2016-10-25 18:30:00,1.773
2016-10-25 18:15:00,1.798
2016-10-25 18:00:00,1.778
2016-10-25 17:45:00,1.782
2016-10-25 17:30:00,1.807
2016-10-25 17:15:00,1.809
2016-10-25 17:00:00,1.81
2016-10-25 16:45:00,1.848
2016-10-25 16:30:00,1.829
2016-10-25 16:15:00,1.859
2016-10-25 16:00:00,1.843
2016-10-25 15:45:00,1.859
2016-10-25 15:30:00,1.866
2016-10-25 15:15:00,1.864
2016-10-25 15:00:00,1.855
2016-10-25 14:45:00,1.86
2016-10-25 14:30:00,1.849
2016-10-25 14:15:00,1.822
2016-10-25 14:00:00,1.828
2016-10-25 13:45:00,1.818
2016-10-25 13:30:00,1.819
2016-10-25 13:15:00,1.81
2016-10-25 13:00:00,3.081
2016-10-25 12:45:00,-0.242
2016-10-25 12:30:00,-0.566
2016-10-25 12:15:00,-0.961
2016-10-25 12:00:00,0.568
2016-10-25 11:45:00,5.094
2016-10-25 11:30:00,-0.157
2016-10-25 11:15:00,-35.973
2016-10-25 11:00:00,-65.467
2016-10-25 10:45:00,39.844
2016-10-25 10:30:00,32.332
2016-10-25 10:15:00,-1.005
2016-10-25 10:00:00,-0.999
2016-10-25 09:45:00,-0.996
2016-10-25 09:30:00,-0.995
2016-10-25 09:15:00,-0.997
2016-10-25 09:00:00,-0.986
2016-10-25 08:45:00,-0.989
2016-10-25 08:30:00,-0.995
2016-10-25 08:15:00,-0.992
2016-10-25 08:00:00,-0.989
2016-10-25 07:45:00,-0.988
2016-10-25 07:30:00,-0.99
2016-10-25 07:15:00,-0.99
2016-10-25 07:00:00,-0.994
2016-10-25 06:45:00,-0.991
2016-10-25 06:30:00,-0.99
2016-10-25 06:15:00,-0.985
2016-10-25 06:00:00,-0.991
2016-10-25 05:45:00,-0.992
2016-10-25 05:30:00,-0.994
2016-10-25 05:15:00,-0.994
2016-10-25 05:00:00,-0.979
2016-10-25 04:45:00,-0.982
2016-10-25 04:30:00,-0.986
2016-10-25 04:15:00,-0.987
2016-10-25 04:00:00,-0.99
2016-10-25 03:45:00,-0.989
2016-10-25 03:30:00,-0.99
2016-10-25 03:15:00,-0.99
2016-10-25 03:00:00,-0.99
2016-10-25 02:45:00,-0.993
2016-10-25 02:30:00,-0.992
2016-10-25 02:15:00,-0.992
2016-10-25 02:00:00,-0.992
2016-10-25 01:45:00,-0.991
2016-10-25 01:30:00,-0.994
2016-10-25 01:15:00,-0.994
2016-10-25 01:00:00,-0.993
2016-10-25 00:45:00,-0.991
2016-10-25 00:30:00,-0.99
2016-10-25 00:15:00,-0.994
2016-10-25 00:00:00,-1.002
